0.121
0.134
0.202
0.232
0.262
0.299
0.342
0.418
0.425
0.409
0.525
0.488
0.464
0.388
0.536
0.621
0.632
0.613
0.473
0.683
0.616
0.653
0.721
0.672
0.699
0.666
0.711
0.676
0.779
0.768
0.669
0.740
0.745
0.802
0.787
0.800
0.814
0.811
0.807
0.827
0.836
0.813
0.845
0.838
0.785
0.854
0.852
0.759
0.819
0.821
0.794
0.833
0.840
0.775
0.852
0.852
0.845
0.860
0.798
0.852
0.851
0.819
0.864
0.844
0.855
0.828
0.843
0.839
0.858
0.877
0.830
0.859
0.849
0.877
0.812
0.861
0.872
0.850
0.834
0.861
0.882
0.869
0.883
0.880
0.883
0.846
0.862
0.881
0.883
0.889
0.886
0.877
0.852
0.870
0.874
0.864
0.885
0.845
0.884
0.871
0.874
0.875
0.876
0.887
0.884
0.856
0.870
0.881
0.881
0.855
0.872
0.891
0.865
0.871
0.886
0.882
0.870
0.869
0.874
0.850
0.880
0.881
0.878
0.870
0.892
0.869
0.876
0.895
0.894
0.892
0.861
0.895
0.882
0.885
0.885
0.900
0.856
0.854
0.888
0.886
0.878
0.887
0.872
0.872
0.886
0.882
0.885
0.865
0.895
0.897
0.931
0.938
0.940
0.940
0.941
0.940
0.941
0.941
0.941
0.944
0.942
0.943
0.941
0.942
0.941
0.943
0.941
0.942
0.941
0.942
0.944
0.941
0.942
0.943
0.942
0.942
0.942
0.942
0.943
0.942
0.942
0.943
0.941
0.942
0.943
0.944
0.943
0.943
0.942
0.942
0.945
0.945
0.944
0.942
0.942
0.942
0.943
0.942
0.944
0.944