1902.654
1025.191
1135.819
975.008
630.078
475.748
390.152
313.337
278.763
236.008
233.173
199.696
187.528
196.100
173.705
155.548
151.680
142.015
139.032
129.422
126.988
120.481
120.394
119.094
114.897
120.556
111.014
112.874
111.849
110.683
107.765
110.639
105.535
107.934
110.664
102.001
104.489
103.844
100.377
101.343
100.675
103.064
100.445
 99.418
 98.868
 97.952
 98.785
101.900
100.787
101.208
 97.280
 97.796
 97.160
 99.297
 99.134
 98.620
 97.325
 98.092
 99.482
 99.771
 91.856
 91.643
 91.497
 91.408
 91.445
 91.368
 91.333
 91.452
 91.419
 91.328
 91.408
 91.384
 91.341
 91.346
 91.465
 91.432
 91.350
 91.422
 91.431
 91.447
 91.206
 91.171
 91.180
 91.172
 91.185
 91.145
 91.141
 91.136
 91.132
 91.123