0.194
0.299
0.401
0.438
0.439
0.499
0.543
0.513
0.632
0.591
0.643
0.679
0.585
0.665
0.701
0.724
0.760
0.766
0.768
0.738
0.781
0.806
0.803
0.783
0.803
0.774
0.795
0.801
0.801
0.814
0.795
0.762
0.835
0.850
0.837
0.842
0.824
0.860
0.816
0.840
0.841
0.845
0.842
0.862
0.861
0.851
0.875
0.859
0.836
0.711
0.827
0.841
0.880
0.878
0.864
0.876
0.861
0.879
0.863
0.862
0.879
0.856
0.858
0.879
0.870
0.842
0.883
0.875
0.880
0.853
0.870
0.852
0.877
0.858
0.884
0.848
0.876
0.847
0.862
0.883
0.849
0.865
0.875
0.871
0.880
0.888
0.880
0.878
0.878
0.901
0.886
0.880
0.892
0.861
0.867
0.876
0.862
0.862
0.894
0.894
0.890
0.864
0.850
0.890
0.890
0.862
0.893
0.875
0.890
0.898
0.891
0.887
0.869
0.877
0.887
0.882
0.863
0.865
0.876
0.887
0.889
0.880
0.891
0.870
0.883
0.891
0.895
0.888
0.879
0.871
0.804
0.885
0.888
0.870
0.850
0.883
0.879
0.875
0.885
0.882
0.843
0.893
0.880
0.904
0.890
0.887
0.892
0.877
0.881
0.886
0.925
0.931
0.934
0.934
0.936
0.936
0.936
0.935
0.936
0.936
0.936
0.937
0.938
0.937
0.937
0.937
0.938
0.938
0.937
0.938
0.939
0.939
0.940
0.939
0.938
0.938
0.939
0.938
0.939
0.939
0.939
0.940
0.940
0.940
0.940
0.940
0.939
0.940
0.939
0.938
0.939
0.940
0.939
0.941
0.941
0.940
0.941
0.941
0.939
0.941
0.940
0.940
0.940
0.940
0.941
0.941
0.941
0.940
0.939
0.939
0.940
0.940
0.940
0.940
0.940
0.939
0.940
0.940
0.940
0.939
0.940
0.941
0.940
0.940
0.941
0.941
0.940
0.941
0.941
0.941
0.940
0.940
0.939
0.940
0.939
0.940
0.940
0.940
0.941
0.940
0.940
0.939
0.940
0.940
0.940
0.941
0.940
0.941
0.940
0.940
0.940
0.941
0.940
0.941
0.941
0.940
0.940
0.940
0.940
0.941
0.941
0.941
0.941
0.941
0.941
0.941
0.940
0.941
0.941
0.941
0.941
0.942
0.940
0.941
0.940
0.941
0.941
0.941
0.941
0.941
0.941
0.941
0.940
0.941
0.941
0.941
0.941
0.940
0.941
0.940
0.941
0.941
0.941
0.941
0.941
0.942
0.941
0.941
0.941
0.941
0.941
0.940
0.941
0.941
0.941
0.941
0.941
0.940
0.940
0.941
0.941
0.942
0.941
0.941
0.941
0.941
0.941
0.942
0.941
0.941
0.941
0.941
0.941
0.941
0.941
0.941
0.941
0.941
0.942
0.940
0.941
0.942
0.941
0.941
0.940
0.941
0.941
0.941
0.940
0.941
0.941
0.940
0.941
0.941
0.942
0.941
0.941
0.940
0.941
0.940
0.941
0.941
0.941
0.941
0.940
0.941
0.940
0.941
0.942
0.941
0.942
0.940
0.940
0.941
0.940
0.941
0.941
0.941
0.941
0.941
0.941
0.941
0.941
0.941
0.942
0.942
0.942
0.941
0.942
0.941
0.941
0.941
0.941
0.941
0.941
0.941
0.941
0.941
0.941
0.941
0.941
0.941
0.942
0.941
0.941
0.941
0.941
0.941
0.941
0.941