1250.293
1385.883
839.408
684.938
506.799
367.723
334.686
295.105
248.416
245.836
206.014
197.940
219.882
198.535
171.258
149.979
146.733
142.681
133.538
131.249
123.624
121.909
125.808
117.054
113.629
120.826
115.727
107.273
112.956
108.522
103.289
102.956
103.678
100.714
100.593
102.519
103.557
 98.891
103.851
 96.953
 96.929
 97.793
 95.752
100.148
 99.170
 95.392
 96.488
 96.721
 95.421
 97.668
 95.818
 98.408
 96.308
 95.213
 95.416
100.811
 95.015
 96.232
 95.052
 97.761
 91.683
 91.576
 91.352
 91.363
 91.355
 91.301
 91.256
 91.244
 91.334
 91.269
 91.216
 91.290
 91.316
 91.258
 91.368
 91.261
 91.356
 91.285
 91.332
 91.238
 91.232
 91.241
 91.227
 91.198
 91.200
 91.206
 91.174
 91.198
 91.193
 91.178