0.033
0.117
0.130
0.200
0.177
0.221
0.268
0.293
0.349
0.356
0.386
0.395
0.389
0.426
0.438
0.460
0.510
0.494
0.490
0.525
0.512
0.533
0.520
0.523
0.531
0.519
0.548
0.532
0.518
0.555
0.524
0.569
0.571
0.573
0.575
0.570
0.558
0.565
0.561
0.566
0.582
0.581
0.554
0.587
0.570
0.577
0.591
0.572
0.547
0.580
0.601
0.560
0.586
0.562
0.585
0.588
0.584
0.603
0.602
0.585
0.595
0.591
0.610
0.555
0.579
0.592
0.588
0.543
0.610
0.600
0.557
0.606
0.596
0.605
0.589
0.569
0.592
0.583
0.611
0.564
0.616
0.607
0.601
0.605
0.561
0.549
0.583
0.600
0.568
0.608
0.579
0.582
0.607
0.589
0.594
0.600
0.579
0.586
0.582
0.598
0.592
0.609
0.585
0.599
0.568
0.553
0.575
0.587
0.591
0.571
0.597
0.586
0.591
0.609
0.578
0.563
0.603
0.587
0.579
0.578
0.578
0.609
0.601
0.592
0.604
0.617
0.607
0.591
0.609
0.597
0.620
0.576
0.587
0.563
0.583
0.593
0.586
0.584
0.597
0.578
0.593
0.600
0.591
0.600
0.591
0.608
0.616
0.573
0.592
0.591
0.676
0.690
0.695
0.695
0.696
0.697
0.702
0.700
0.703
0.704
0.704
0.706
0.706
0.706
0.707
0.708
0.708
0.707
0.707
0.706
0.705
0.704
0.706
0.707
0.706
0.705
0.707
0.709
0.707
0.707
0.708
0.707
0.706
0.706
0.707
0.707
0.707
0.705
0.707
0.708
0.710
0.710
0.709
0.707
0.707
0.708
0.709
0.711
0.711
0.710