1358.317
1161.125
1099.411
1050.105
1148.378
1165.251
1251.870
1144.336
3131.462
28014.104
1335.419
1170.133
83592.664
1514.483
1830.237
1148.501
1211.158
1130.834
1163.574
1249.547
1242.487
1109.992
3376.698
1546.924
1097.249
1185.165
1073.935
1021.026
1067.410
1033.902
1226.355
1056.601
1641.036
1168.431
1118.171
1044.778
995.388
1020.980
1161.074
1061.532
996.169
1016.478
1046.147
2086.800
1164.827
1123.995
1135.447
1088.726
1043.379
1288.345
2010.705
1021.268
1136.534
1055.342
1087.106
1064.839
1700.140
1554.536
1286.261
1539.950
985.162
964.384
961.673
955.147
948.455
945.944
934.961
938.687
935.463
932.986
953.731
935.484
938.187
924.688
924.879
926.950
920.901
929.102
923.357
921.459
918.927
916.987
916.429
916.202
914.224
914.109
914.142
913.916
913.651
913.809