0.061
0.151
0.206
0.237
0.265
0.348
0.337
0.398
0.444
0.457
0.475
0.502
0.497
0.545
0.536
0.519
0.545
0.563
0.550
0.582
0.581
0.582
0.584
0.573
0.567
0.565
0.594
0.544
0.577
0.593
0.572
0.593
0.573
0.593
0.578
0.580
0.603
0.602
0.573
0.605
0.594
0.612
0.590
0.598
0.589
0.594
0.597
0.611
0.567
0.611
0.607
0.576
0.595
0.592
0.586
0.606
0.600
0.597
0.591
0.599
0.610
0.605
0.627
0.602
0.592
0.611
0.610
0.586
0.586
0.608
0.613
0.596
0.608
0.612
0.599
0.599
0.605
0.604
0.613
0.593
0.606
0.597
0.589
0.580
0.609
0.586
0.617
0.614
0.603
0.589
0.618
0.612
0.609
0.594
0.619
0.607
0.606
0.597
0.607
0.582
0.602
0.606
0.613
0.607
0.610
0.596
0.618
0.601
0.604
0.594
0.592
0.550
0.604
0.571
0.599
0.612
0.613
0.601
0.612
0.611
0.586
0.597
0.591
0.590
0.609
0.612
0.607
0.597
0.576
0.609
0.607
0.615
0.604
0.577
0.598
0.600
0.581
0.608
0.617
0.601
0.627
0.620
0.608
0.613
0.590
0.590
0.603
0.597
0.573
0.592
0.689
0.697
0.702
0.706
0.707
0.708
0.709
0.711
0.713
0.712
0.710
0.712
0.713
0.714
0.713
0.715
0.716
0.715
0.716
0.718
0.717
0.716
0.716
0.717
0.715
0.717
0.718
0.717
0.718
0.719
0.719
0.720
0.720
0.718
0.720
0.719
0.718
0.717
0.718
0.720
0.720
0.721
0.720
0.720
0.720
0.719
0.721
0.721
0.721
0.721