1368.063
1345.850
860.953
1043.244
1300.522
536.105
373.054
372.772
303.784
278.062
256.632
242.601
228.115
214.448
199.726
189.646
178.634
176.960
170.047
159.602
153.485
148.676
144.189
141.124
136.629
138.158
130.028
128.060
126.969
122.870
120.141
123.532
116.254
114.522
112.715
112.176
109.614
109.333
109.631
107.181
105.775
104.698
104.814
103.250
101.800
102.511
100.804
100.373
 99.328
 98.778
100.321
 98.797
 97.555
 96.832
 97.412
 96.611
 97.374
 98.132
 96.228
 95.575
 93.173
 92.913
 92.652
 92.619
 92.490
 92.391
 92.365
 92.405
 92.215
 92.244
 92.234
 92.155
 92.119
 92.069
 92.047
 91.985
 91.923
 91.925
 91.891
 91.911
 91.881
 91.869
 91.834
 91.853
 91.825
 91.834
 91.808
 91.811
 91.799
 91.796