1723.629
1642.545
1059.694
646.717
747.307
795.973
545.186
548.961
315.761
292.730
273.024
242.000
248.840
219.189
246.722
202.983
184.782
168.054
166.744
152.881
146.984
142.366
162.470
133.360
129.673
125.957
123.187
120.545
117.970
115.974
114.240
112.145
111.982
108.545
107.597
107.036
105.654
104.760
102.124
104.117
100.382
106.959
100.188
 99.836
 98.384
 97.580
100.251
 97.699
 97.697
 96.786
 96.756
 97.902
 96.285
 96.214
 95.830
 96.725
 95.010
 94.169
 94.950
 94.739
 91.428
 91.409
 91.262
 91.185
 91.176
 91.183
 91.107
 91.053
 91.081
 91.109
 91.094
 91.046
 91.104
 90.995
 90.989
 90.942
 90.994
 90.981
 90.911
 90.958
 90.875
 90.901
 90.883
 90.875
 90.863
 90.843
 90.852
 90.861
 90.859
 90.837