1382.279
1286.404
1169.327
547.936
520.621
368.112
293.582
254.259
243.331
206.095
193.249
183.069
170.888
160.642
152.598
144.143
139.942
129.183
128.710
123.084
120.132
122.863
116.589
114.998
111.596
109.269
108.585
110.377
108.905
103.429
104.216
104.434
102.826
102.078
102.004
101.712
102.199
 99.698
101.023
 99.038
102.633
 99.026
 97.129
 98.455
 98.088
 99.038
 96.655
 97.377
 95.897
 97.547
 97.675
 96.141
 95.755
 95.881
 95.521
 96.227
 96.944
 95.060
 96.316
 96.014
 91.517
 91.319
 91.223
 91.181
 91.173
 91.096
 91.118
 91.146
 91.131
 91.104
 91.154
 91.161
 91.155
 91.149
 91.192
 91.243
 91.057
 91.176
 91.138
 91.179
 91.034
 91.034
 91.029
 91.024
 91.028
 90.999
 90.999
 91.004
 91.012
 91.007