0.138
0.131
0.299
0.274
0.330
0.263
0.333
0.367
0.389
0.412
0.431
0.464
0.460
0.499
0.484
0.503
0.533
0.508
0.574
0.558
0.508
0.596
0.582
0.608
0.566
0.642
0.618
0.655
0.716
0.720
0.695
0.729
0.737
0.728
0.764
0.738
0.710
0.794
0.799
0.788
0.787
0.810
0.784
0.807
0.810
0.807
0.803
0.842
0.819
0.819
0.836
0.850
0.819
0.851
0.840
0.811
0.803
0.824
0.856
0.864
0.870
0.845
0.836
0.835
0.852
0.869
0.878
0.868
0.859
0.861
0.844
0.855
0.869
0.870
0.872
0.859
0.858
0.851
0.861
0.865
0.865
0.875
0.881
0.873
0.859
0.873
0.863
0.867
0.882
0.876
0.880
0.881
0.887
0.877
0.859
0.882
0.876
0.894
0.869
0.868
0.879
0.884
0.874
0.881
0.868
0.857
0.893
0.873
0.899
0.892
0.880
0.869
0.874
0.878
0.891
0.873
0.900
0.889
0.882
0.890
0.886
0.881
0.865
0.883
0.893
0.869
0.877
0.886
0.907
0.891
0.880
0.893
0.886
0.878
0.896
0.873
0.885
0.893
0.899
0.878
0.893
0.893
0.886
0.888
0.878
0.899
0.871
0.884
0.890
0.898
0.918
0.924
0.926
0.928
0.929
0.929
0.930
0.932
0.931
0.933
0.931
0.932
0.931
0.932
0.931
0.932
0.933
0.933
0.933
0.932
0.933
0.932
0.931
0.931
0.931
0.931
0.932
0.933
0.932
0.932
0.931
0.931
0.931
0.932
0.932
0.931
0.931
0.932
0.932
0.931
0.931
0.931
0.932
0.931
0.932
0.932
0.932
0.932
0.933
0.933