0.119
0.190
0.282
0.299
0.385
0.458
0.501
0.537
0.555
0.616
0.667
0.672
0.678
0.698
0.741
0.740
0.754
0.777
0.760
0.783
0.771
0.819
0.819
0.805
0.785
0.835
0.822
0.797
0.801
0.848
0.842
0.838
0.853
0.799
0.846
0.814
0.853
0.830
0.845
0.861
0.851
0.829
0.864
0.859
0.883
0.859
0.871
0.868
0.885
0.848
0.852
0.872
0.884
0.880
0.884
0.864
0.851
0.878
0.851
0.872
0.828
0.844
0.839
0.855
0.890
0.870
0.868
0.888
0.889
0.897
0.900
0.868
0.869
0.877
0.881
0.858
0.879
0.859
0.887
0.889
0.864
0.863
0.886
0.879
0.897
0.889
0.878
0.868
0.880
0.886
0.856
0.891
0.861
0.889
0.890
0.890
0.883
0.890
0.879
0.886
0.896
0.885
0.885
0.874
0.896
0.863
0.880
0.895
0.886
0.894
0.876
0.894
0.889
0.889
0.896
0.891
0.902
0.896
0.895
0.882
0.887
0.887
0.899
0.887
0.869
0.889
0.883
0.894
0.898
0.869
0.898
0.903
0.901
0.896
0.890
0.894
0.895
0.905
0.900
0.866
0.866
0.898
0.858
0.892
0.869
0.858
0.903
0.894
0.893
0.893
0.936
0.938
0.940
0.940
0.940
0.942
0.942
0.942
0.941
0.943
0.943
0.942
0.942
0.945
0.943
0.943
0.943
0.943
0.944
0.944
0.943
0.943
0.943
0.944
0.944
0.945
0.945
0.944
0.944
0.945
0.944
0.945
0.946
0.946
0.945
0.944
0.944
0.945
0.944
0.944
0.946
0.946
0.945
0.946
0.946
0.946
0.946
0.945
0.946
0.946