1523.182
1084.248
790.157
558.197
439.967
335.238
307.296
286.810
233.771
216.747
214.092
188.775
176.282
167.594
154.238
150.450
144.324
135.790
130.864
129.359
123.581
120.579
118.016
115.696
116.766
110.666
108.959
113.904
109.473
105.538
110.464
103.852
101.345
100.857
 99.547
101.344
 99.873
104.144
 99.702
 99.123
 99.738
 97.750
 98.834
 96.371
 96.583
 97.260
 96.639
 95.926
 95.270
 95.154
 96.368
 94.391
 95.227
 94.985
 93.989
 94.669
 95.081
 95.816
 95.844
 95.506
 91.678
 91.451
 91.371
 91.352
 91.339
 91.303
 91.357
 91.282
 91.321
 91.269
 91.317
 91.349
 91.360
 91.285
 91.258
 91.351
 91.231
 91.245
 91.280
 91.272
 91.194
 91.153
 91.146
 91.131
 91.119
 91.132
 91.103
 91.117
 91.109
 91.104