0.046
0.101
0.080
0.141
0.196
0.208
0.258
0.273
0.317
0.327
0.357
0.373
0.381
0.410
0.421
0.428
0.457
0.478
0.487
0.491
0.492
0.492
0.519
0.546
0.528
0.553
0.534
0.558
0.560
0.566
0.504
0.554
0.572
0.547
0.579
0.572
0.585
0.555
0.579
0.579
0.595
0.576
0.595
0.596
0.561
0.588
0.559
0.596
0.590
0.594
0.578
0.600
0.597
0.591
0.579
0.565
0.572
0.598
0.575
0.567
0.605
0.586
0.600
0.594
0.616
0.581
0.578
0.590
0.597
0.567
0.587
0.598
0.585
0.621
0.610
0.601
0.605
0.592
0.586
0.604
0.590
0.595
0.609
0.597
0.585
0.618
0.584
0.612
0.590
0.596
0.576
0.588
0.609
0.573
0.589
0.589
0.583
0.592
0.583
0.589
0.612
0.594
0.601
0.599
0.602
0.589
0.585
0.597
0.610
0.615
0.593
0.590
0.603
0.610
0.611
0.586
0.581
0.599
0.592
0.587
0.616
0.591
0.606
0.599
0.617
0.606
0.600
0.599
0.616
0.615
0.596
0.610
0.606
0.589
0.599
0.595
0.600
0.559
0.585
0.598
0.605
0.600
0.615
0.569
0.599
0.589
0.567
0.598
0.574
0.597
0.685
0.696
0.700
0.703
0.705
0.707
0.705
0.706
0.706
0.707
0.705
0.708
0.708
0.707
0.710
0.709
0.709
0.708
0.709
0.709
0.708
0.710
0.709
0.708
0.707
0.709
0.711
0.710
0.709
0.707
0.709
0.711
0.711
0.709
0.710
0.711
0.712
0.709
0.712
0.713
0.712
0.713
0.715
0.712
0.712
0.712
0.712
0.714
0.713
0.713