0.123
0.190
0.236
0.289
0.334
0.356
0.420
0.451
0.435
0.314
0.524
0.515
0.477
0.579
0.586
0.658
0.631
0.602
0.667
0.699
0.669
0.690
0.690
0.730
0.634
0.666
0.711
0.797
0.788
0.782
0.782
0.784
0.731
0.820
0.774
0.823
0.819
0.803
0.801
0.812
0.847
0.823
0.783
0.840
0.826
0.842
0.790
0.822
0.772
0.849
0.845
0.872
0.853
0.847
0.857
0.841
0.864
0.822
0.858
0.842
0.868
0.854
0.859
0.836
0.837
0.861
0.874
0.858
0.855
0.809
0.865
0.864
0.863
0.863
0.883
0.880
0.889
0.859
0.843
0.821
0.859
0.890
0.862
0.819
0.886
0.877
0.840
0.857
0.894
0.876
0.870
0.875
0.872
0.890
0.896
0.877
0.883
0.890
0.863
0.861
0.851
0.880
0.873
0.892
0.858
0.877
0.810
0.886
0.875
0.877
0.880
0.866
0.863
0.891
0.891
0.871
0.887
0.886
0.878
0.888
0.864
0.876
0.871
0.845
0.854
0.874
0.875
0.875
0.902
0.888
0.882
0.873
0.883
0.878
0.891
0.876
0.900
0.896
0.897
0.890
0.899
0.876
0.872
0.881
0.875
0.904
0.904
0.890
0.896
0.838
0.930
0.934
0.936
0.938
0.937
0.938
0.936
0.939
0.939
0.939
0.940
0.940
0.939
0.940
0.940
0.940
0.940
0.940
0.939
0.940
0.940
0.940
0.940
0.941
0.940
0.940
0.940
0.940
0.940
0.940
0.941
0.941
0.940
0.940
0.941
0.941
0.940
0.940
0.941
0.940
0.941
0.942
0.943
0.943
0.943
0.942
0.942
0.942
0.941
0.942