0.181
0.258
0.404
0.440
0.452
0.500
0.619
0.634
0.672
0.658
0.722
0.725
0.776
0.759
0.802
0.784
0.798
0.817
0.825
0.836
0.859
0.834
0.821
0.836
0.835
0.842
0.862
0.860
0.848
0.861
0.876
0.869
0.865
0.871
0.875
0.875
0.875
0.879
0.868
0.869
0.881
0.876
0.868
0.872
0.854
0.881
0.879
0.858
0.860
0.885
0.878
0.879
0.864
0.878
0.891
0.852
0.886
0.878
0.880
0.874
0.880
0.873
0.891
0.893
0.879
0.865
0.871
0.863
0.885
0.860
0.883
0.888
0.899
0.883
0.857
0.879
0.868
0.885
0.881
0.892
0.885
0.897
0.896
0.893
0.898
0.888
0.897
0.887
0.885
0.905
0.890
0.893
0.880
0.894
0.898
0.891
0.885
0.897
0.895
0.884
0.893
0.901
0.887
0.892
0.869
0.885
0.895
0.900
0.899
0.886
0.887
0.883
0.887
0.892
0.888
0.903
0.889
0.902
0.886
0.891
0.888
0.909
0.900
0.896
0.891
0.902
0.898
0.895
0.885
0.890
0.881
0.902
0.899
0.905
0.893
0.901
0.894
0.894
0.898
0.905
0.891
0.891
0.877
0.898
0.886
0.900
0.897
0.900
0.898
0.852
0.933
0.935
0.937
0.937
0.938
0.937
0.939
0.939
0.940
0.941
0.941
0.940
0.941
0.941
0.942
0.941
0.942
0.942
0.943
0.942
0.943
0.944
0.943
0.943
0.943
0.943
0.944
0.944
0.943
0.944
0.943
0.944
0.943
0.944
0.942
0.943
0.942
0.943
0.942
0.943
0.943
0.943
0.943
0.944
0.944
0.943
0.944
0.943
0.943
0.943