0.099
0.129
0.111
0.152
0.190
0.208
0.231
0.234
0.251
0.249
0.247
0.266
0.271
0.265
0.293
0.292
0.285
0.286
0.308
0.319
0.291
0.328
0.301
0.326
0.316
0.293
0.360
0.376
0.391
0.352
0.416
0.257
0.243
0.511
0.520
0.434
0.484
0.305
0.502
0.531
0.356
0.580
0.442
0.464
0.479
0.562
0.424
0.493
0.590
0.556
0.659
0.614
0.589
0.464
0.484
0.579
0.649
0.516
0.628
0.675
0.569
0.633
0.707
0.615
0.548
0.673
0.645
0.634
0.659
0.718
0.733
0.702
0.685
0.747
0.702
0.762
0.633
0.755
0.767
0.752
0.718
0.739
0.694
0.756
0.688
0.683
0.770
0.731
0.771
0.671
0.775
0.760
0.741
0.737
0.781
0.803
0.758
0.796
0.798
0.809
0.765
0.669
0.686
0.770
0.799
0.790
0.702
0.816
0.766
0.774
0.779
0.796
0.814
0.759
0.783
0.824
0.802
0.804
0.811
0.796
0.822
0.788
0.733
0.770
0.809
0.747
0.755
0.778
0.857
0.843
0.765
0.797
0.838
0.798
0.836
0.792
0.808
0.811
0.823
0.765
0.819
0.845
0.756
0.817
0.845
0.827
0.833
0.834
0.819
0.783
0.904
0.909
0.913
0.911
0.913
0.915
0.914
0.917
0.919
0.916
0.917
0.916
0.917
0.919
0.918
0.918
0.917
0.915
0.914
0.917
0.917
0.913
0.914
0.917
0.915
0.914
0.914
0.914
0.915
0.918
0.917
0.918
0.918
0.914
0.914
0.913
0.912
0.914
0.914
0.915
0.913
0.909
0.911
0.910
0.909
0.914
0.913
0.910
0.914
0.906
0.909
0.911
0.912
0.911
0.894
0.913
0.916
0.909
0.913
0.915
0.915
0.915
0.913
0.910
0.912
0.910
0.912
0.912
0.912
0.914
0.913
0.912
0.913
0.912
0.916
0.915
0.912
0.915
0.912
0.913
0.913
0.911
0.912
0.910
0.911
0.910
0.909
0.909
0.910
0.912
0.907
0.912
0.908
0.911
0.911
0.910
0.907
0.912
0.911
0.913
0.916
0.919
0.919
0.919
0.920
0.921
0.919
0.920
0.921
0.921
0.920
0.920
0.921
0.922
0.920
0.921
0.921
0.921
0.921
0.921
0.921
0.921
0.922
0.920
0.921
0.921
0.921
0.921
0.922
0.921
0.921
0.921
0.921
0.921
0.921
0.921
0.922
0.921
0.922
0.921
0.921
0.921
0.921
0.922
0.921
0.922
0.922
0.921
0.921
0.921
0.922
0.921
0.920
0.922
0.921
0.921
0.921
0.921
0.922
0.922
0.922
0.922
0.921
0.923
0.920
0.921
0.920
0.922
0.922
0.921
0.921
0.920
0.921
0.919
0.921
0.921
0.921
0.921
0.921
0.921
0.921
0.921
0.921
0.920
0.922
0.922
0.920
0.920
0.922
0.920
0.921
0.920
0.921
0.920
0.921
0.920
0.921
0.921
0.922
0.921
0.922
0.920
0.921
0.921
0.920
0.920
0.921
0.921
0.921
0.921
0.921
0.922
0.921
0.921
0.921
0.921
0.921
0.921
0.921
0.920
0.921
0.920
0.920
0.920
0.921
0.921
0.920
0.921
0.921
0.921
0.921
0.921
0.921
0.920
0.920
0.921
0.921
0.921
0.921
0.920
0.921
0.919
0.921
0.921
0.920
0.921
0.920
0.921
0.921
0.922