0 0.8304535247268815
1 0.8325619345382077
3 0.8337749922378749
4 0.837558576967789
5 0.8485916255695234
6 0.8550612666344147
7 0.8667874910645303
8 0.8672784906096337
9 0.8680005487641975
10 0.8711487223180955
11 0.8779071866448124
12 0.8876694128945145
14 0.8914529976244286
16 0.8969984042514784
17 0.8993378726722651
18 0.9079159235484826
19 0.9083202761150383
23 0.9091578635743323
24 0.9158296809225015
26 0.9168405623388908
29 0.9200176182189713
37 0.9203353238069795
42 0.9231080271205043
44 0.9247543197129097
47 0.925245319258013
48 0.9263428476529499
56 0.9266027885885929
58 0.9282201988548158