0.049
0.110
0.186
0.216
0.274
0.318
0.343
0.375
0.410
0.426
0.457
0.466
0.469
0.507
0.513
0.466
0.529
0.556
0.551
0.567
0.571
0.571
0.546
0.583
0.569
0.547
0.558
0.590
0.563
0.587
0.580
0.580
0.584
0.593
0.588
0.573
0.575
0.590
0.582
0.601
0.588
0.609
0.611
0.604
0.568
0.615
0.588
0.582
0.591
0.597
0.597
0.578
0.585
0.602
0.600
0.605
0.595
0.594
0.587
0.603
0.608
0.614
0.600
0.611
0.592
0.604
0.592
0.605
0.605
0.605
0.606
0.597
0.602
0.608
0.594
0.603
0.589
0.552
0.592
0.608
0.582
0.600
0.601
0.586
0.607
0.599
0.582
0.594
0.598
0.598
0.600
0.620
0.602
0.602
0.592
0.607
0.613
0.587
0.587
0.615
0.592
0.576
0.601
0.609
0.613
0.607
0.605
0.591
0.592
0.600
0.590
0.608
0.597
0.575
0.591
0.607
0.595
0.589
0.625
0.611
0.586
0.608
0.595
0.587
0.596
0.608
0.596
0.609
0.595
0.606
0.606
0.597
0.591
0.601
0.594
0.613
0.593
0.617
0.594
0.597
0.616
0.599
0.613
0.613
0.621
0.585
0.596
0.569
0.614
0.604
0.683
0.689
0.695
0.698
0.701
0.700
0.702
0.701
0.703
0.701
0.703
0.705
0.704
0.706
0.704
0.706
0.706
0.706
0.706
0.704
0.705
0.705
0.707
0.707
0.707
0.707
0.707
0.707
0.706
0.708
0.707
0.706
0.706
0.707
0.706
0.706
0.708
0.704
0.708
0.709
0.708
0.707
0.707
0.709
0.708
0.707
0.708
0.707
0.706
0.708