0.053
0.140
0.182
0.224
0.274
0.315
0.343
0.411
0.416
0.456
0.465
0.443
0.510
0.525
0.541
0.507
0.531
0.555
0.586
0.553
0.567
0.585
0.561
0.582
0.598
0.569
0.595
0.584
0.584
0.587
0.595
0.597
0.602
0.579
0.598
0.583
0.599
0.609
0.619
0.598
0.580
0.603
0.570
0.597
0.601
0.599
0.608
0.596
0.603
0.613
0.614
0.588
0.597
0.599
0.611
0.611
0.612
0.607
0.597
0.594
0.560
0.584
0.608
0.599
0.595
0.595
0.605
0.572
0.604
0.597
0.620
0.596
0.590
0.603
0.616
0.610
0.588
0.596
0.611
0.610
0.598
0.591
0.612
0.623
0.605
0.595
0.600
0.607
0.601
0.594
0.609
0.610
0.616
0.623
0.585
0.609
0.616
0.606
0.624
0.606
0.600
0.595
0.615
0.601
0.600
0.605
0.606
0.605
0.613
0.602
0.578
0.590
0.608
0.597
0.605
0.616
0.593
0.624
0.609
0.597
0.600
0.607
0.592
0.597
0.633
0.586
0.616
0.603
0.605
0.619
0.595
0.604
0.600
0.612
0.617
0.579
0.579
0.597
0.619
0.604
0.596
0.596
0.627
0.592
0.598
0.600
0.610
0.620
0.605
0.608
0.701
0.709
0.712
0.716
0.713
0.714
0.719
0.721
0.719
0.721
0.719
0.720
0.717
0.721
0.720
0.720
0.724
0.721
0.721
0.721
0.721
0.723
0.722
0.721
0.721
0.721
0.721
0.724
0.724
0.722
0.723
0.723
0.723
0.723
0.725
0.726
0.726
0.724
0.721
0.724
0.724
0.723
0.725
0.723
0.724
0.725
0.724
0.725
0.725
0.725
0.725
0.723
0.725
0.724
0.724
0.725
0.726
0.725
0.725
0.724
0.724
0.725
0.725
0.723
0.725
0.725
0.723
0.727
0.725
0.724
0.726
0.726
0.727
0.724
0.725
0.723
0.726
0.727
0.726
0.724
0.725
0.725
0.726
0.726
0.724
0.725
0.726
0.726
0.727
0.727
0.726
0.727
0.725
0.724
0.723
0.726
0.725
0.728
0.724
0.725
0.727
0.725
0.725
0.725
0.726
0.726
0.726
0.726
0.726
0.725
0.725
0.726
0.725
0.725
0.726
0.725
0.727
0.725
0.726
0.726
0.725
0.727
0.726
0.728
0.726
0.727
0.727
0.726
0.727
0.727
0.726
0.728
0.726
0.728
0.727
0.727
0.726
0.726
0.727
0.726
0.726
0.727
0.728
0.727
0.727
0.728
0.728
0.727
0.726
0.728
0.727
0.728
0.728
0.729
0.728
0.728
0.728
0.727
0.727
0.727
0.728
0.728
0.728
0.728
0.727
0.727
0.727
0.727
0.728
0.727
0.726
0.728
0.728
0.728
0.728
0.727
0.728
0.727
0.729
0.728
0.729
0.728
0.729
0.728
0.729
0.729
0.730
0.728
0.728
0.728
0.728
0.729
0.727
0.727
0.728
0.728
0.728
0.729
0.729
0.728
0.728
0.728
0.727
0.729
0.727
0.728
0.729
0.728
0.729
0.728
0.729
0.728
0.729
0.728
0.728
0.727
0.728
0.727
0.727
0.727
0.729
0.727
0.727
0.728
0.729
0.727
0.729
0.728
0.727
0.728
0.728
0.728
0.728
0.727
0.729
0.728
0.728
0.729
0.728
0.728
0.728
0.729
0.729
0.728
0.727
0.728
0.728
0.729
0.729
0.728