1328.483
1092.738
1077.595
989.529
1039.629
1011.928
1077.353
962.031
962.838
967.419
910.529
892.992
969.271
874.653
755.711
730.090
658.120
627.626
758.834
550.747
521.989
503.118
561.764
465.281
496.513
437.112
408.086
377.783
356.643
338.117
324.817
312.806
298.755
291.830
279.118
275.412
265.487
259.714
251.287
247.159
240.275
237.362
231.528
227.479
221.738
222.134
213.884
219.135
205.078
206.206
201.371
198.659
194.005
193.834
189.375
187.616
185.044
186.665
180.807
181.317
174.659
174.175
173.961
173.634
173.405
173.163
172.790
172.765
172.490
172.157
171.689
171.685
171.480
171.557
171.387
170.986
170.715
170.660
170.318
170.386
170.013
170.009
169.936
169.934
169.945
169.895
169.826
169.842
169.769
169.770