0.207
0.290
0.341
0.439
0.382
0.562
0.633
0.678
0.689
0.694
0.738
0.714
0.757
0.694
0.785
0.803
0.783
0.777
0.804
0.832
0.844
0.822
0.838
0.848
0.838
0.848
0.864
0.852
0.860
0.858
0.864
0.860
0.847
0.850
0.818
0.845
0.840
0.867
0.874
0.851
0.843
0.853
0.875
0.884
0.866
0.832
0.881
0.884
0.876
0.886
0.875
0.850
0.864
0.878
0.877
0.888
0.869
0.870
0.876
0.881
0.888
0.873
0.883
0.878
0.887
0.854
0.880
0.849
0.876
0.896
0.886
0.880
0.892
0.893
0.893
0.874
0.869
0.891
0.874
0.897
0.850
0.866
0.883
0.877
0.867
0.892
0.862
0.892
0.852
0.874
0.872
0.880
0.868
0.884
0.891
0.892
0.886
0.841
0.876
0.878
0.902
0.885
0.887
0.891
0.896
0.867
0.897
0.872
0.897
0.884
0.878
0.904
0.892
0.871
0.896
0.880
0.888
0.876
0.881
0.891
0.892
0.878
0.863
0.878
0.879
0.877
0.869
0.883
0.880
0.882
0.892
0.873
0.878
0.899
0.896
0.884
0.896
0.901
0.900
0.889
0.890
0.894
0.889
0.892
0.895
0.897
0.881
0.892
0.889
0.905
0.935
0.939
0.941
0.941
0.940
0.942
0.941
0.942
0.943
0.944
0.944
0.943
0.944
0.944
0.943
0.944
0.944
0.944
0.944
0.944
0.944
0.945
0.945
0.945
0.944
0.944
0.945
0.945
0.945
0.944
0.944
0.944
0.945
0.945
0.946
0.946
0.946
0.946
0.946
0.946
0.946
0.945
0.946
0.946
0.945
0.944
0.944
0.945
0.946
0.945
0.946
0.946
0.946
0.946
0.946
0.945
0.945
0.947
0.945
0.945
0.946
0.945
0.946
0.946
0.946
0.945
0.947
0.946
0.947
0.945
0.947
0.946
0.946
0.945
0.946
0.945
0.946
0.945
0.946
0.946
0.946
0.946
0.947
0.946
0.946
0.946
0.946
0.946
0.947
0.947
0.946
0.947
0.947
0.946
0.947
0.947
0.947
0.946
0.946
0.945
0.946
0.946
0.946
0.946
0.945
0.946
0.946
0.946
0.946
0.946
0.946
0.946
0.946
0.946
0.947
0.946
0.946
0.946
0.946
0.947
0.947
0.946
0.947
0.946
0.946
0.947
0.947
0.947
0.946
0.947
0.947
0.946
0.946
0.947
0.947
0.946
0.947
0.946
0.946
0.946
0.947
0.947
0.946
0.946
0.947
0.946
0.947
0.947
0.946
0.947
0.947
0.946
0.947
0.947
0.946
0.947
0.947
0.946
0.946
0.946
0.947
0.947
0.947
0.947
0.946
0.946
0.947
0.947
0.947
0.947
0.947
0.947
0.946
0.947
0.947
0.947
0.948
0.946
0.947
0.947
0.947
0.947
0.947
0.947
0.946
0.948
0.947
0.947
0.946
0.947
0.947
0.946
0.948
0.946
0.946
0.947
0.947
0.947
0.947
0.946
0.947
0.946
0.948
0.947
0.947
0.947
0.947
0.947
0.947
0.947
0.947
0.947
0.947
0.947
0.946
0.947
0.947
0.947
0.947
0.946
0.946
0.947
0.947
0.946
0.946
0.947
0.947
0.947
0.946
0.946
0.946
0.947
0.947
0.947
0.946
0.947
0.947
0.947
0.947
0.947
0.947
0.946
0.947
0.947
0.947
0.947
0.947
0.947
0.947
0.947