0.106
0.177
0.232
0.279
0.361
0.429
0.471
0.494
0.496
0.530
0.507
0.629
0.636
0.645
0.644
0.645
0.693
0.666
0.737
0.701
0.742
0.723
0.746
0.744
0.753
0.776
0.804
0.787
0.784
0.789
0.812
0.807
0.758
0.844
0.836
0.820
0.781
0.830
0.846
0.833
0.843
0.839
0.845
0.828
0.818
0.845
0.852
0.737
0.870
0.878
0.850
0.840
0.861
0.875
0.857
0.859
0.856
0.859
0.800
0.802
0.859
0.876
0.873
0.888
0.877
0.852
0.835
0.885
0.880
0.883
0.878
0.884
0.881
0.886
0.868
0.852
0.876
0.869
0.867
0.878
0.886
0.878
0.886
0.896
0.887
0.890
0.864
0.877
0.871
0.889
0.869
0.880
0.888
0.884
0.884
0.883
0.886
0.877
0.891
0.877
0.881
0.879
0.890
0.885
0.891
0.892
0.881
0.888
0.896
0.886
0.898
0.886
0.879
0.881
0.892
0.893
0.906
0.856
0.896
0.890
0.882
0.891
0.893
0.895
0.893
0.874
0.892
0.896
0.899
0.898
0.897
0.897
0.892
0.875
0.904
0.889
0.886
0.886
0.871
0.855
0.886
0.876
0.898
0.896
0.905
0.880
0.881
0.896
0.895
0.898
0.929
0.931
0.935
0.936
0.937
0.937
0.937
0.937
0.938
0.938
0.939
0.940
0.938
0.939
0.938
0.939
0.939
0.940
0.940
0.940
0.941
0.940
0.941
0.940
0.940
0.940
0.941
0.941
0.939
0.940
0.941
0.941
0.942
0.941
0.941
0.941
0.940
0.940
0.940
0.941
0.942
0.941
0.941
0.941
0.941
0.940
0.940
0.940
0.941
0.940