0.016
0.010
0.013
0.018
0.024
0.033
0.035
0.041
0.056
0.063
0.060
0.077
0.081
0.090
0.085
0.103
0.109
0.117
0.130
0.127
0.144
0.165
0.142
0.128
0.163
0.176
0.195
0.188
0.198
0.190
0.193
0.245
0.235
0.233
0.230
0.215
0.218
0.247
0.283
0.238
0.290
0.271
0.279
0.281
0.335
0.300
0.309
0.310
0.325
0.306
0.291
0.336
0.338
0.374
0.346
0.378
0.376
0.363
0.376
0.348
0.415
0.371
0.404
0.376
0.398
0.436
0.415
0.475
0.431
0.438
0.424
0.429
0.434
0.439
0.438
0.456
0.436
0.450
0.477
0.486
0.491
0.429
0.493
0.446
0.475
0.475
0.496
0.497
0.478
0.502
0.493
0.501
0.503
0.420
0.515
0.488
0.500
0.518
0.500
0.512
0.469
0.504
0.487
0.512
0.487
0.425
0.545
0.531
0.527
0.531
0.549
0.511
0.504
0.530
0.538
0.537
0.543
0.535
0.559
0.510
0.510
0.525
0.536
0.511
0.527
0.493
0.558
0.551
0.564
0.559
0.521
0.506
0.568
0.561
0.557
0.519
0.487
0.541
0.541
0.518
0.580
0.538
0.552
0.541
0.577
0.551
0.575
0.555
0.550
0.584
0.676
0.689
0.688
0.692
0.695
0.699
0.700
0.704
0.703
0.703
0.703
0.702
0.700
0.706
0.703
0.702
0.701
0.705
0.708
0.706
0.705
0.704
0.700
0.702
0.704
0.702
0.701
0.702
0.700
0.704
0.700
0.702
0.696
0.701
0.697
0.697
0.698
0.697
0.695
0.698
0.693
0.694
0.696
0.690
0.693
0.693
0.695
0.697
0.688
0.694
0.694
0.689
0.691
0.690
0.697
0.696
0.690
0.692
0.683
0.684
0.690
0.684
0.685
0.693
0.685
0.687
0.690
0.695
0.684
0.686
0.689
0.689
0.685
0.688
0.686
0.686
0.688
0.680
0.681
0.687
0.689
0.691
0.686
0.685
0.682
0.682
0.684
0.684
0.678
0.682
0.676
0.687
0.679
0.687
0.679
0.684
0.677
0.678
0.683
0.680
0.699
0.701
0.701
0.705
0.705
0.702
0.703
0.704
0.704
0.704
0.705
0.705
0.702
0.704
0.704
0.705
0.703
0.703
0.705
0.705
0.703
0.706
0.703
0.703
0.705
0.702
0.703
0.701
0.703
0.704
0.705
0.706
0.707
0.705
0.705
0.705
0.702
0.702
0.702
0.704
0.703
0.704
0.703
0.704
0.703
0.701
0.702
0.703
0.702
0.704
0.703
0.704
0.705
0.702
0.701
0.702
0.701
0.699
0.702
0.703
0.703
0.704
0.702
0.703
0.703
0.702
0.704
0.702
0.706
0.703
0.702
0.701
0.703
0.701
0.701
0.700
0.702
0.701
0.700
0.702
0.703
0.701
0.700
0.701
0.702
0.699
0.699
0.700
0.700
0.703
0.701
0.701
0.704
0.701
0.700
0.701
0.700
0.700
0.701
0.702
0.700
0.700
0.701
0.699
0.702
0.701
0.703
0.704
0.704
0.704
0.703
0.704
0.702
0.702
0.703
0.701
0.701
0.702
0.701
0.700
0.701
0.701
0.700
0.701
0.700
0.703
0.702
0.702
0.702
0.703
0.701
0.702
0.702
0.700
0.699
0.700
0.700
0.699
0.701
0.700
0.704
0.703
0.700
0.701
0.701
0.701
0.701
0.701
0.702
0.703