0.100
0.099
0.102
0.103
0.109
0.109
0.110
0.110
0.111
0.110
0.114
0.115
0.115
0.116
0.117
0.115
0.116
0.120
0.120
0.113
0.119
0.121
0.122
0.118
0.115
0.120
0.118
0.121
0.130
0.125
0.195
0.208
0.210
0.200
0.208
0.218
0.224
0.209
0.228
0.210
0.214
0.213
0.214
0.176
0.228
0.237
0.234
0.235
0.205
0.231
0.269
0.215
0.283
0.272
0.178
0.217
0.281
0.330
0.341
0.377
0.358
0.330
0.286
0.299
0.385
0.344
0.416
0.432
0.451
0.467
0.351
0.553
0.543
0.462
0.567
0.570
0.561
0.497
0.506
0.585
0.318
0.515
0.611
0.437
0.610
0.643
0.675
0.640
0.708
0.626
0.709
0.644
0.578
0.665
0.649
0.538
0.640
0.719
0.726
0.649
0.688
0.770
0.753
0.741
0.761
0.727
0.583
0.683
0.674
0.698
0.762
0.792
0.780
0.710
0.672
0.697
0.713
0.626
0.724
0.737
0.745
0.773
0.699
0.707
0.738
0.786
0.723
0.750
0.791
0.773
0.698
0.810
0.750
0.739
0.782
0.809
0.823
0.806
0.739
0.629
0.788
0.807
0.708
0.809
0.784
0.792
0.816
0.841
0.824
0.714
0.898
0.906
0.909
0.907
0.908
0.909
0.908
0.907
0.909
0.906
0.908
0.906
0.906
0.908
0.906
0.903
0.907
0.900
0.905
0.904
0.907
0.906
0.901
0.902
0.903
0.902
0.901
0.906
0.904
0.905
0.904
0.905
0.906
0.906
0.903
0.904
0.901
0.906
0.907
0.900
0.892
0.897
0.903
0.900
0.903
0.899
0.900
0.896
0.899
0.903
0.905
0.885
0.890
0.902
0.907
0.886
0.891
0.899
0.898
0.895
0.897
0.892
0.892
0.894
0.888
0.898
0.905
0.897
0.898
0.895
0.895
0.899
0.876
0.897
0.890
0.901
0.896
0.903
0.905
0.879
0.876
0.870
0.892
0.889
0.901
0.898
0.895
0.893
0.902
0.897
0.895
0.895
0.883
0.886
0.905
0.900
0.897
0.894
0.878
0.879
0.910
0.912
0.911
0.913
0.912
0.913
0.914
0.914
0.914
0.913
0.912
0.913
0.913
0.913
0.914
0.914
0.913
0.913
0.914
0.913
0.914
0.914
0.913
0.914
0.914
0.914
0.914
0.914
0.914
0.915
0.912
0.913
0.913
0.913
0.913
0.913
0.913
0.914
0.914
0.914
0.914
0.913
0.915
0.914
0.914
0.914
0.916
0.914
0.914
0.915
0.913
0.913
0.913
0.914
0.914
0.914
0.915
0.915
0.915
0.915
0.914
0.914
0.915
0.914
0.913
0.914
0.915
0.915
0.915
0.915
0.914
0.913
0.915
0.913
0.913
0.914
0.915
0.913
0.915
0.914
0.914
0.914
0.915
0.914
0.916
0.914
0.914
0.915
0.914
0.914
0.915
0.914
0.913
0.914
0.913
0.914
0.913
0.913
0.914
0.913
0.913
0.914
0.913
0.913
0.913
0.915
0.914
0.915
0.915
0.916
0.915
0.915
0.914
0.915
0.915
0.914
0.915
0.914
0.916
0.914
0.914
0.915
0.915
0.913
0.915
0.914
0.915
0.914
0.914
0.914
0.914
0.914
0.914
0.915
0.912
0.914
0.913
0.912
0.914
0.914
0.913
0.913
0.913
0.913
0.913
0.914
0.913
0.915
0.915
0.915