0.021
0.038
0.054
0.086
0.091
0.122
0.130
0.153
0.153
0.168
0.172
0.172
0.196
0.191
0.205
0.213
0.217
0.235
0.259
0.250
0.279
0.267
0.312
0.317
0.312
0.335
0.357
0.369
0.300
0.369
0.389
0.410
0.436
0.418
0.422
0.426
0.440
0.425
0.450
0.420
0.456
0.468
0.507
0.470
0.487
0.490
0.522
0.507
0.517
0.521
0.519
0.551
0.529
0.470
0.525
0.547
0.551
0.529
0.555
0.566
0.568
0.545
0.562
0.568
0.538
0.567
0.554
0.552
0.562
0.535
0.581
0.575
0.575
0.565
0.558
0.564
0.583
0.582
0.533
0.584
0.571
0.589
0.557
0.568
0.589
0.549
0.590
0.594
0.582
0.599
0.581
0.590
0.577
0.555
0.587
0.604
0.569
0.571
0.595
0.603
0.591
0.590
0.572
0.583
0.600
0.573
0.583
0.593
0.597
0.591
0.596
0.575
0.582
0.576
0.532
0.579
0.616
0.604
0.583
0.591
0.605
0.595
0.599
0.604
0.598
0.588
0.582
0.586
0.600
0.568
0.589
0.607
0.608
0.580
0.597
0.591
0.620
0.610
0.601
0.563
0.593
0.599
0.574
0.586
0.580
0.600
0.580
0.613
0.613
0.601
0.693
0.702
0.710
0.711
0.711
0.713
0.713
0.715
0.715
0.715
0.715
0.714
0.716
0.717
0.715
0.717
0.716
0.717
0.716
0.717
0.717
0.718
0.716
0.718
0.718
0.717
0.716
0.716
0.715
0.719
0.718
0.716
0.715
0.715
0.715
0.716
0.718
0.716
0.716
0.715
0.718
0.717
0.717
0.716
0.717
0.718
0.719
0.717
0.716
0.717