0.084
0.173
0.225
0.292
0.339
0.431
0.489
0.495
0.532
0.542
0.532
0.575
0.557
0.569
0.574
0.602
0.584
0.588
0.590
0.588
0.599
0.601
0.587
0.591
0.588
0.614
0.593
0.619
0.606
0.576
0.594
0.610
0.605
0.589
0.605
0.594
0.613
0.610
0.613
0.596
0.598
0.620
0.592
0.601
0.592
0.627
0.603
0.622
0.641
0.616
0.631
0.600
0.603
0.624
0.615
0.621
0.622
0.620
0.626
0.617
0.631
0.623
0.630
0.616
0.608
0.617
0.615
0.607
0.599
0.620
0.611
0.627
0.613
0.614
0.609
0.636
0.626
0.617
0.598
0.585
0.642
0.619
0.590
0.610
0.602
0.601
0.613
0.594
0.598
0.618
0.603
0.616
0.609
0.621
0.599
0.611
0.593
0.605
0.597
0.592
0.617
0.608
0.582
0.609
0.613
0.630
0.617
0.619
0.608
0.608
0.609
0.602
0.620
0.615
0.598
0.611
0.607
0.623
0.634
0.602
0.618
0.598
0.613
0.600
0.610
0.601
0.617
0.601
0.625
0.628
0.608
0.616
0.606
0.607
0.630
0.621
0.606
0.616
0.596
0.633
0.609
0.613
0.607
0.598
0.625
0.596
0.619
0.612
0.609
0.605
0.703
0.710
0.714
0.713
0.718
0.716
0.718
0.717
0.716
0.716
0.718
0.718
0.719
0.716
0.718
0.718
0.720
0.722
0.722
0.721
0.721
0.720
0.719
0.720
0.720
0.720
0.721
0.722
0.720
0.721
0.722
0.722
0.722
0.721
0.723
0.723
0.721
0.723
0.723
0.722
0.723
0.723
0.721
0.724
0.722
0.723
0.722
0.722
0.722
0.724