0.0002
0.00019808199999999998
0.000225
0.00018008225
0.00018639825000000003
0.000360897
0.00051747
0.0009249999999999998
0.0007750000000000001
0.0012249999999999997
0.0015999999999999999
0.0017250000000000002
0.002375
0.001975
0.0018249999999999998
0.0016749999999999998
0.00145
0.001075
0.0014704025
0.0012
0.0010999999999999998
0.0009980215
0.0005
0.0005749999999999999
0.0007172057499999999
0.0005499999999999999
0.000614021
0.0005217255
0.000525
0.0004720235
0.0005706662499999999
0.00042500000000000003
0.00042483025000000004
0.0005
0.00047500000000000005
0.00038954075
0.00032500000000000004
0.00038902224999999997
0.00034864175000000005
0.00035000000000000005
0.00036960875
0.0004
0.00033935400000000004
0.000219322
0.00026533300000000003
0.000272207
0.0002516085
0.000211257
0.00019437099999999999
0.00019559875
0.00022468575
0.00021792450000000002
0.00022778199999999997
0.00018430474999999997
0.00018782675
0.00016343775
0.000158383
0.00016104675
0.00013342725
0.00016457375
0.000122952
0.000126431
0.00012622575
0.00012480975000000002
9.414575e-05
9.252974999999999e-05
9.55685e-05
9.273799999999999e-05
9.481174999999998e-05
9.2627e-05
6.874450000000001e-05
8.762399999999999e-05
6.492625e-05
6.473250000000001e-05
6.531575e-05
6.448550000000001e-05
6.536675e-05
6.326775e-05
6.464874999999999e-05
6.06773e-05
6.212849999999999e-05
5.9186e-05
3.571525e-05
3.36215e-05
5.9536750000000006e-05
5.65534e-05
3.2719875e-05
3.2409625000000004e-05
5.772367500000001e-05
3.32148e-05
3.3897375000000003e-05
3.27047e-05
2.74557e-05
2.770455e-05
2.9859550000000005e-05
2.719955e-05
2.6687175000000003e-05
2.8984400000000003e-05
2.8742949999999996e-05
2.0456024999999997e-05
1.3600199999999999e-05
1.99519e-05
1.5399275000000002e-05
1.7441624999999998e-05
1.4922674999999999e-05
1.62964e-05
1.980165e-05
1.82393e-05
1.413265e-05
1.60419e-05
1.1424675000000001e-05
1.5296625e-05
1.3958025e-05
1.4864525e-05
1.0748e-05
1.11802e-05
1.3883774999999999e-05
1.129475e-05
1.4178725e-05
1.0326275e-05
1.2294449999999999e-05
1.2659125e-05
1.1095749999999998e-05
9.192349999999998e-06
1.0091325e-05
1.14221e-05
7.088300000000001e-06
9.32165e-06
8.004299999999999e-06
9.916025000000001e-06
1.0299675e-05
8.7262e-06
9.935049999999999e-06
1.057265e-05
1.180825e-05
1.0424975e-05
9.5887e-06
8.676325e-06
8.102775e-06
8.661099999999999e-06
7.941799999999999e-06
8.363175e-06
7.365475e-06
6.2879250000000004e-06
7.56395e-06
6.244e-06
7.3575499999999995e-06
6.2548e-06
6.959125e-06
6.842525e-06
7.332724999999999e-06
5.738124999999999e-06
6.413950000000001e-06
6.4774e-06
6.901775e-06
7.071275e-06
6.09295e-06
6.4809e-06
5.415174999999999e-06
5.743000000000001e-06
4.726650000000001e-06
6.411675e-06
5.335049999999999e-06
4.53315e-06
5.1668499999999995e-06
4.178325e-06
4.1045749999999996e-06
5.206750000000001e-06
5.179150000000001e-06
5.750925e-06
3.6494500000000003e-06
4.079625e-06
4.192025e-06
4.775875e-06
4.596e-06
4.4963250000000005e-06
4.5711575e-06
3.57085e-06
4.0762425e-06
3.202175e-06
3.604445e-06
3.8222250000000005e-06
4.163725e-06
3.2726675000000003e-06
3.2622000000000003e-06
4.0556e-06
3.7991450000000004e-06
3.46984e-06
4.171805e-06
3.5560025e-06
3.6357325e-06
3.4499375e-06
3.8624625e-06
3.7391000000000003e-06
3.6052899999999997e-06
3.019275e-06
3.1604949999999997e-06
2.13639e-06
2.7885425e-06
2.8990175e-06
3.6246249999999996e-06
2.2330774999999995e-06
2.6130649999999997e-06
2.9074924999999996e-06
2.9797975e-06
3.6713025e-06
2.2372e-06
2.1431799999999995e-06
2.43172e-06
2.654735e-06
2.5445100000000002e-06
2.76464e-06
2.8731725e-06
3.324275e-06
2.4637075e-06
2.9332075e-06
2.7358925e-06
1.6006225e-06
2.183975e-06
2.3423475000000004e-06
2.2318425e-06
2.6850275e-06
2.7410325e-06
2.880735e-06
3.4648775e-06
2.8517225e-06
3.33852e-06
2.8972950000000003e-06
2.3674625e-06
3.0862375e-06
2.45617e-06
2.70501e-06
2.7582575000000003e-06
2.9075825e-06
2.5736800000000003e-06
3.3236825e-06
2.1024175e-06
2.4751649999999997e-06
2.5245175e-06
2.4979499999999995e-06
2.8056100000000006e-06
2.2602975e-06
2.5600049999999996e-06
2.359965e-06
2.7312675e-06
2.4432275e-06
2.69434e-06
2.6829175e-06
2.95191e-06
2.6940525e-06
2.97898e-06
2.141965e-06
2.2994925e-06
1.836395e-06
2.5054750000000004e-06
2.1551574999999997e-06
2.4361750000000004e-06
2.31862e-06
1.861275e-06
2.497655e-06
1.8022575e-06
2.1674500000000003e-06
2.1470950000000002e-06
2.8038375e-06
1.6131350000000002e-06
1.7413325e-06
2.0746449999999998e-06
1.79997e-06
2.14922e-06
1.9589924999999997e-06
2.5063425e-06
1.8464450000000002e-06
1.7283575e-06
2.3218575e-06
2.0085875e-06
2.254485e-06
1.90571e-06
1.92219e-06
2.0089825e-06
2.29841e-06
2.241355e-06
2.08382e-06
1.6647325e-06
2.01743e-06
2.05852e-06
2.1374100000000003e-06
1.99702e-06
2.3210425e-06
2.53101e-06
1.6464749999999998e-06
1.886945e-06
2.1370375e-06
2.2617075e-06
2.2559824999999997e-06
1.5836049999999999e-06
1.7061425000000003e-06
1.6671775000000002e-06
2.5405125e-06
1.908625e-06
2.130135e-06
2.4224099999999997e-06
2.164085e-06
2.0061549999999998e-06
1.3652074999999998e-06
1.9886625e-06
1.5517075e-06
1.8225625e-06
1.4049824999999997e-06
1.70733e-06
1.5872424999999998e-06
1.921755e-06
1.795695e-06
1.6295325e-06
2.3283525e-06
1.9789800000000003e-06
2.1726349999999997e-06
1.9585675e-06
2.0357125e-06
2.3204550000000003e-06
1.716535e-06
2.2312225e-06
2.0820674999999998e-06
1.87355e-06
2.1004425000000003e-06
2.6634175000000006e-06
2.19857e-06
2.1905525e-06
2.3347824999999997e-06
1.337575e-06
1.7641450000000002e-06
1.84425e-06
1.9920475e-06
1.8221125000000001e-06
1.948335e-06
1.4130475e-06
2.0855375000000003e-06
1.6706525000000002e-06
1.7532275e-06
1.6788875e-06
1.5766625e-06
2.153025e-06
1.851715e-06
2.2159899999999998e-06
1.9986875e-06
1.4804725e-06
1.6766325000000001e-06
1.5883525e-06
1.7925925e-06
1.7452424999999998e-06
1.8087675e-06
1.6938775000000001e-06
2.1882849999999997e-06
1.7705725000000002e-06
1.9832175000000003e-06
1.9176299999999996e-06
1.8740975e-06
2.2106325e-06
2.4827725e-06
2.1825625e-06
2.1937475e-06
1.4566150000000002e-06
1.7562575e-06
1.3399774999999998e-06
1.5062575e-06
1.5446475000000001e-06
1.7180925e-06
1.7219799999999999e-06
1.6323824999999999e-06
1.6751175e-06
1.6688999999999998e-06
1.8533525000000002e-06
1.9832375e-06
1.3647099999999999e-06
1.6999374999999999e-06
1.4051149999999999e-06
1.7419225e-06
2.0310500000000002e-06
1.8331925e-06
1.8503075e-06
1.2895225e-06
1.5229999999999999e-06
1.5445875000000002e-06
1.6694275e-06
1.62985e-06
1.3872975e-06
1.3622250000000001e-06
1.8067975e-06
1.3111625000000002e-06
1.3651800000000002e-06
1.7107125e-06
1.773745e-06
1.3227775e-06
1.76737e-06
1.11507e-06
1.5657425000000001e-06
1.349055e-06
1.63781e-06
1.3686675e-06
1.7900225e-06
1.3867175e-06
1.5750249999999998e-06
1.4042024999999998e-06
1.683995e-06
1.46119e-06
1.6678525e-06
1.4793e-06
1.64009e-06
2.154755e-06
1.3849825e-06
1.8306875e-06
1.3055925e-06
1.51906e-06
1.7153524999999998e-06
1.5204225000000002e-06
1.7386475e-06
1.73009e-06
1.4960424999999997e-06
1.7130225000000003e-06
1.8401575e-06
1.6168475e-06
1.3125150000000001e-06
2.0938025000000004e-06
1.2247649999999998e-06
1.42993e-06
1.4185225e-06
1.5035525e-06
1.7543375000000002e-06
1.3312350000000002e-06
1.1349975e-06
1.4529175000000003e-06
1.4893675000000001e-06
1.31118e-06
1.6305025e-06
1.2427075e-06
1.5082875e-06
1.6319250000000003e-06
1.4145425e-06
1.4451975e-06
1.8545050000000001e-06
1.9393049999999997e-06
1.66594e-06
1.8446575e-06
2.0392725000000003e-06
1.292605e-06
1.5517850000000001e-06
1.39889e-06
1.2731624999999999e-06
1.4413299999999998e-06
1.5720275e-06
1.1370400000000001e-06
1.1676025e-06
1.304205e-06
1.4475174999999999e-06
1.5276625000000001e-06
1.4251574999999997e-06
1.772935e-06
1.6181575e-06
1.576585e-06
1.372705e-06
1.44551e-06
1.694575e-06
1.146305e-06
1.4063924999999999e-06
1.8444350000000002e-06
9.3661e-07
1.2712675e-06
1.4043675e-06
1.4718625e-06
1.6637525000000001e-06
1.9148800000000004e-06
1.109555e-06
1.3291975000000002e-06
1.2295425e-06
1.5476599999999998e-06
1.228805e-06
1.29288e-06
1.5227225e-06
1.6863325e-06
1.28152e-06
1.7767975e-06
1.0884124999999998e-06
1.371155e-06
1.4958825000000002e-06
1.686045e-06
1.273105e-06
1.540945e-06
1.03929e-06
1.3477050000000002e-06
1.0734049999999999e-06
1.3138800000000001e-06
1.0742575e-06
1.4373299999999998e-06
1.0365125e-06
1.5483875e-06
1.46154e-06
1.552975e-06
1.3305449999999998e-06
1.7343324999999998e-06
1.1997125e-06
1.8642775e-06
1.2917575e-06
1.52351e-06
1.7513874999999998e-06
1.5083325e-06
1.6085375e-06
1.6820975000000002e-06
1.1666824999999998e-06
1.6284099999999998e-06
1.13277e-06
1.4952525e-06
1.3990575e-06
1.267045e-06
1.4954325e-06
1.6115975e-06
1.4252525e-06
1.6908150000000002e-06
1.3737075e-06
1.6971224999999997e-06
1.5008375e-06
1.5645975e-06
1.7139375e-06
1.9812825e-06
1.2678474999999999e-06
1.547875e-06
1.7133425e-06
1.59692e-06
1.4781975000000001e-06
1.6840875e-06
1.01667e-06
1.5012349999999998e-06
1.5728425e-06
1.8047200000000002e-06
9.527250000000001e-07
1.2437124999999999e-06
1.4365875000000001e-06
1.6696475e-06
1.2059925e-06
1.5560200000000001e-06
1.4656875e-06
1.6339625e-06
1.3100924999999999e-06
1.4494450000000002e-06
1.30722e-06
1.7611700000000002e-06
1.30506e-06
1.5528375e-06
1.2213625e-06
1.4632825e-06
1.0188775e-06
1.5266675e-06
1.484565e-06
1.8240799999999997e-06
1.2769775000000001e-06
1.3228025e-06
1.3797325e-06
1.8692325e-06
1.4783324999999998e-06
1.2846525e-06
1.5486925e-06
1.720595e-06
1.666e-06
1.3647075e-06
1.3612075e-06
1.3380225e-06
1.6033575e-06
1.336505e-06
1.1570349999999998e-06
1.6896075000000002e-06
1.1904575e-06
1.7500725000000002e-06
1.5649900000000002e-06
1.5712400000000001e-06
1.0282975e-06
1.3649625e-06
1.528165e-06
1.6548900000000002e-06
1.5339399999999999e-06
1.4534425000000001e-06
1.118645e-06
1.5800975000000002e-06
1.0631674999999999e-06
1.4600025e-06
1.3098175e-06
1.44026e-06
1.20003e-06
1.52058875e-06
1.20859e-06
1.5145775e-06
1.4882125000000002e-06
1.41681e-06
1.5507625e-06
1.583665e-06
1.08498e-06
1.6454125e-06
1.6881075e-06
1.4221775000000002e-06
1.4349300000000002e-06
1.6603475000000002e-06
1.5066125000000001e-06
1.9942525e-06
1.777485e-06
1.944075e-06
1.362575e-06
1.8375925e-06
1.1836174999999997e-06
1.3461075e-06
1.4486649999999999e-06
1.6688025e-06
1.290805e-06
1.6618575e-06
1.4053424999999997e-06
1.5893225e-06
2.000345e-06
1.6172924999999999e-06
2.09489e-06
1.3048924999999999e-06
1.3825449999999999e-06
1.4444975e-06
1.4449174999999999e-06
1.5022824999999998e-06
1.5854724999999999e-06
1.4372475e-06
1.7136425e-06
1.3646225000000001e-06
1.3633125e-06
1.607465e-06
1.3097075e-06
1.56539e-06
1.445745e-06
1.438615e-06
1.6864025e-06
1.51471e-06
1.5244275e-06
1.7488349999999998e-06
1.760395e-06
1.5974875e-06
1.74571e-06
1.24114e-06
1.4211449999999998e-06
1.2628649999999999e-06
1.5188199999999999e-06
1.7110575e-06
1.191525e-06
1.3759049999999997e-06
1.5273499999999999e-06
1.6686450000000002e-06
1.7553800000000003e-06
1.925055e-06
1.3095125e-06
1.4204524999999998e-06
1.4319025e-06
1.14882e-06
1.70223e-06
1.1454325e-06
1.3558625000000001e-06
1.2441e-06
1.25437e-06
1.1999e-06
1.3272675e-06
1.4706275000000002e-06
1.5591725e-06
1.75795e-06
1.6467925000000002e-06
1.1542275e-06
1.4854025e-06
1.4210000000000002e-06
1.5175924999999998e-06
1.5937775000000002e-06
1.2806124999999999e-06
1.31186e-06
1.444645e-06
1.3509875e-06
1.2780649999999998e-06
1.50597e-06
1.535085e-06
1.5192150000000002e-06
1.3063449999999999e-06
1.3930350000000002e-06
1.3213875e-06
1.5497600000000001e-06
1.6145125e-06
1.7105325e-06
1.5826649999999998e-06
1.9077950000000003e-06
1.114035e-06
1.406955e-06
1.4766475e-06
1.82747e-06
1.542385e-06
1.6137275000000001e-06
1.2379149999999998e-06
1.597275e-06
1.3344250000000001e-06
1.44339e-06
1.4756425e-06
1.4292124999999998e-06
1.433865e-06
1.7942699999999997e-06
1.4097749999999998e-06
1.460205e-06
1.5646824999999999e-06
1.473885e-06
1.665425e-06
1.7811974999999998e-06
1.7685e-06
1.5116e-06
1.5469125000000002e-06
1.6187199999999998e-06
1.6307124999999997e-06
1.3776125000000002e-06
1.5586325000000001e-06
1.3215974999999998e-06
1.3906075000000002e-06
1.03683e-06
1.2802100000000001e-06
1.0715425e-06
1.265875e-06
1.1524575e-06
1.3842e-06
1.460485e-06
1.7940149999999999e-06
1.3919025e-06
1.413175e-06
1.6783999999999999e-06
1.5920275e-06
1.70829e-06
1.548995e-06
1.9853325e-06
1.7165224999999999e-06
1.6150350000000001e-06
1.7872075e-06
1.7816200000000001e-06
1.57055e-06
1.48834e-06
1.6401774999999999e-06
1.6082499999999998e-06
1.95091e-06
1.6320325e-06
1.9565875e-06
1.7205100000000002e-06
1.529635e-06
1.644835e-06
1.2986400000000002e-06
1.6555475e-06
1.581765e-06
1.7829125e-06
1.8188e-06
1.3714749999999999e-06
1.9410925e-06
1.8702375e-06
1.2961225e-06
1.532605e-06
1.5835900000000001e-06
1.8584775e-06
1.595155e-06
1.624625e-06
1.8798175e-06
1.3325050000000003e-06
1.6631525e-06
1.6163175e-06
1.8044325e-06
1.1805175e-06
1.2294675e-06
1.6089025000000001e-06
1.741395e-06
1.2289825000000003e-06
1.5248499999999999e-06
1.45868e-06
1.7360325000000001e-06
1.5932425e-06
1.5245125e-06
1.5351375e-06
1.732325e-06
1.7489025e-06
2.0127450000000004e-06
1.8497475000000002e-06
1.9461099999999997e-06
1.438405e-06
1.6331225e-06
1.8156024999999998e-06
1.7338875e-06
1.7764024999999998e-06
1.01903e-06
1.3711250000000001e-06
1.2875674999999998e-06
1.52962e-06
1.5107974999999998e-06
1.2828900000000002e-06
1.793545e-06
1.4529675000000002e-06
1.475735e-06
1.4346099999999998e-06
1.6675199999999998e-06
1.0137525e-06
1.4582775000000002e-06
1.8246449999999996e-06
1.3291324999999998e-06
1.705525e-06
1.4573725e-06
1.9092949999999997e-06
1.6975175000000002e-06
1.9115875e-06
1.2679825e-06
1.6606425e-06
1.3747349999999998e-06
1.665095e-06
1.592005e-06
2.04929e-06
1.5159325e-06
2.0158975000000003e-06
1.67019e-06
1.68993e-06
1.2082550000000002e-06
1.7542474999999998e-06
1.50083e-06
1.7366350000000001e-06
1.3026600000000002e-06
1.4268525e-06
1.82841e-06
2.0516249999999996e-06
1.04246e-06
1.3734250000000001e-06
1.5704225000000001e-06
1.6025825000000002e-06
1.8722699999999999e-06
1.55001e-06
1.809385e-06
1.5754974999999998e-06
1.4529325e-06
1.5572275000000001e-06
1.7922575e-06
1.7039550000000001e-06
1.9265200000000002e-06
2.0332675e-06
2.12897e-06
1.5822699999999999e-06
1.8282325e-06
1.48413e-06
1.84583e-06
1.4267575e-06
1.559435e-06
1.5022675e-06
1.6869225e-06
1.8340875000000001e-06
1.896965e-06
1.483125e-06
1.8382525000000001e-06
1.7556825e-06
1.9807650000000003e-06
1.7893475000000001e-06
1.51814e-06
2.0357275e-06
1.3344675e-06
1.4746625e-06
1.70681e-06
1.8196925e-06
1.6089149999999997e-06
1.523705e-06
1.5761149999999998e-06
1.639935e-06
1.8565175e-06
2.0772875e-06
1.4361125e-06
1.968065e-06
1.5559399999999998e-06
1.6812024999999999e-06
1.9373425e-06
1.7631449999999999e-06
2.226715e-06
1.8635925000000001e-06
2.343475e-06
1.8113175e-06
1.9060950000000001e-06
1.442345e-06
1.8427075e-06
1.8994125e-06
2.35464e-06
1.4597025000000001e-06
1.6854074999999999e-06
1.834435e-06
1.897555e-06
1.961285e-06
1.6151600000000002e-06
1.9722025e-06
1.8546675e-06
1.9600349999999998e-06
2.16633e-06
1.6407925000000001e-06
1.8335599999999999e-06
2.005505e-06
2.1937375e-06
1.8556175e-06
2.0492174999999997e-06
2.022895e-06
2.0550349999999997e-06
1.868435e-06
2.02481e-06
1.7696600000000001e-06
2.0614050000000002e-06
1.6952275000000001e-06
2.0315950000000002e-06
1.5129e-06
1.8142349999999998e-06
1.5661000000000001e-06
1.8644075000000002e-06
1.85697e-06
1.787935e-06
1.743675e-06
2.1618750000000004e-06
1.830405e-06
2.4090425e-06
1.6885949999999999e-06
2.0110649999999998e-06
1.7840099999999998e-06
1.9562325e-06
1.8894225e-06
2.0754425e-06
1.9788175e-06
2.21376e-06
1.8932400000000002e-06
2.0006e-06
1.41439e-06
1.5652949999999997e-06
1.8469575e-06
2.24312e-06
1.487735e-06
1.6103925000000002e-06
2.02872e-06
1.9806325e-06
1.8654975e-06
2.05094e-06
1.708665e-06
2.3204825e-06
1.7587425e-06
1.9433425e-06
1.887205e-06
1.887575e-06
2.0783825e-06
2.2528000000000003e-06
1.39989e-06
1.657445e-06
1.7036325e-06
1.8834825e-06
1.770905e-06
1.969615e-06
1.6954949999999998e-06
2.0383e-06
1.7686e-06
1.5591125e-06
1.7667874999999997e-06
2.3612674999999996e-06
1.4890775e-06
2.1682899999999998e-06
1.9072424999999997e-06
2.0393100000000004e-06
1.692935e-06
2.0783275000000003e-06
1.2798975e-06
1.5342575e-06
1.596925e-06
2.0076575000000003e-06
1.6246700000000001e-06
2.16104e-06
1.6717449999999998e-06
2.2208725e-06
1.872595e-06
2.1429025e-06
2.2319450000000004e-06
1.488155e-06
1.8265325e-06
1.892895e-06
2.0927075000000004e-06
1.7314675e-06
1.7534674999999999e-06
2.17907e-06
2.1381999999999997e-06
1.9966875e-06
2.205335e-06
1.4802974999999999e-06
1.8896625000000002e-06
1.7039075e-06
1.99903e-06
1.4865625e-06
1.749535e-06
1.759735e-06
2.2399824999999998e-06
1.964375e-06
2.211155e-06
1.74216e-06
2.2052625000000002e-06
1.9438625e-06
1.8130174999999998e-06
1.6801800000000001e-06
2.2850674999999998e-06
1.7762625e-06
2.0652075e-06
1.7497725e-06
2.1823375e-06
2.0252075e-06
1.832025e-06
1.7316375000000002e-06
2.1907199999999998e-06
1.962255e-06
2.198205e-06
1.5607349999999998e-06
1.8263649999999999e-06
2.037e-06
2.26194e-06
2.1204025000000002e-06
2.515915e-06
1.8551475e-06
2.3121125e-06
2.0057425e-06
1.95821e-06
2.0523725e-06
2.1013275e-06
2.397535e-06
2.3320025e-06
1.6967475000000001e-06
1.9743725e-06
2.1735425e-06
1.93439e-06
2.1926499999999997e-06
2.3634174999999996e-06
1.97595e-06
2.0400625e-06
1.8425549999999998e-06
1.962e-06
2.0475775e-06
2.4225950000000004e-06
1.473195e-06
1.8603525e-06
1.8493775000000002e-06
1.5878049999999998e-06
1.8910074999999999e-06
1.9705449999999998e-06
1.6965725000000002e-06
1.5378624999999998e-06
1.6518174999999997e-06
1.8678374999999998e-06
1.5274225e-06
1.9347725000000003e-06
1.6932175000000001e-06
2.040565e-06
1.8767275e-06
1.9631375e-06
1.9072074999999998e-06
1.2842325e-06
2.1769850000000003e-06
1.7037525e-06
1.4502849999999997e-06
1.7785775000000001e-06
1.96481e-06
2.203e-06
1.838185e-06
1.8379525e-06
1.9826625e-06
2.427295e-06
1.774205e-06
1.98883e-06
1.6236625e-06
2.1529575e-06
1.9524725e-06
1.9345649999999997e-06
2.443595e-06
2.0437175e-06
1.9496925e-06
2.1554325e-06
2.117945e-06
2.4654349999999996e-06
2.02483e-06
2.1337874999999998e-06
1.7291775000000002e-06
1.95339e-06
2.0820375e-06
2.08519e-06
1.7340625e-06
2.3771350000000004e-06
1.8639125e-06
2.0475e-06
1.988385e-06
2.058895e-06
2.0273799999999997e-06
2.108345e-06
1.987985e-06
2.1461875e-06
2.5547649999999998e-06
2.511885e-06
2.3124549999999997e-06
2.472365e-06
2.17782e-06
2.4550625000000003e-06
2.4173525000000004e-06
1.1663799999999998e-06
1.8732475000000003e-06
1.6281775e-06
1.9340275e-06
2.204295e-06
2.5031975e-06
1.5525275000000002e-06
2.076985e-06
1.80266e-06
1.8135750000000003e-06
1.8757449999999999e-06
2.235785e-06
1.383415e-06
1.8727525000000002e-06
1.486735e-06
1.9268375e-06
1.9698975000000002e-06
2.0596e-06
1.6936799999999999e-06
2.033275e-06
2.109365e-06
2.08952e-06
1.863675e-06
1.5894675e-06
1.94493e-06
2.1404300000000003e-06
2.08292e-06
1.7064624999999998e-06
2.0522275e-06
1.15277e-06
1.5799775000000002e-06
1.899485e-06
1.8462799999999999e-06
2.100525e-06
1.9552350000000003e-06
1.7711799999999997e-06
1.880145e-06
1.6636125e-06
1.5198325e-06
1.92799e-06
1.57827e-06
2.303925e-06
1.6732425e-06
2.0602774999999997e-06
1.94368e-06
2.1888299999999997e-06
2.322585e-06
2.4952425e-06
1.6717025e-06
1.9323325e-06
2.115495e-06
2.0849825e-06
2.5058525e-06
1.962185e-06
2.4494074999999995e-06
1.952155e-06
1.4975025e-06
1.74015e-06
1.8640849999999999e-06
1.9360525e-06
1.9031575e-06
2.15684e-06
1.9527125e-06
2.4948975000000003e-06
2.2370025e-06
2.6764824999999997e-06
2.1434474999999996e-06
2.33303e-06
1.9668675e-06
1.9693725e-06
1.8471825e-06
2.4238374999999996e-06
1.646915e-06
1.7354975e-06
1.9167025e-06
2.20711e-06
1.7429999999999999e-06
1.9729825e-06
1.7096675e-06
2.1750475e-06
1.8353800000000001e-06
1.74756e-06
1.7253025000000002e-06
1.899065e-06
2.501705e-06
2.381405e-06
2.49447e-06
2.3749225000000002e-06
1.764755e-06
1.6718124999999998e-06
2.058725e-06
2.1139325000000004e-06
1.9661775e-06
1.7856425000000001e-06
2.23582e-06
2.1311049999999997e-06
2.2887575e-06
2.5920175e-06
2.4588e-06
2.5303450000000003e-06
1.9595125e-06
2.1917725e-06
1.9143825000000003e-06
2.3844625e-06
2.0948e-06
2.21138e-06
2.0811874999999996e-06
2.2079275e-06
2.0635300000000002e-06
2.3321099999999995e-06
1.8298525e-06
2.4168825e-06
2.0482125e-06
2.0729e-06
2.2484725000000003e-06
2.506e-06
1.91419e-06
2.2614825000000003e-06
1.601045e-06
1.877585e-06
2.0294275e-06
2.1903875e-06
1.9695725e-06
2.121045e-06
2.1576175000000003e-06
2.3160225e-06
2.0641975e-06
2.4375874999999997e-06
1.9053975e-06
1.9758125e-06
2.1891350000000003e-06
2.101835e-06
2.0399375e-06
3.03631e-06
2.0221775e-06
2.38974e-06
1.933055e-06
1.96647e-06
2.3709625e-06
2.18877e-06
2.8021825e-06
2.3487949999999995e-06
1.7362875000000002e-06
2.024325e-06
2.0137325e-06
1.9491200000000002e-06
2.02034e-06
2.1224299999999998e-06
2.2109075e-06
2.2161075e-06
2.3676350000000003e-06
1.940005e-06
1.861945e-06
1.7736075000000002e-06
2.077655e-06
2.1063624999999998e-06
2.282395e-06
1.341325e-06
1.6244600000000002e-06
1.6929825000000002e-06
1.4586550000000001e-06
1.449255e-06
2.03515e-06
1.5487975e-06
1.7923125e-06
1.706615e-06
1.9103549999999998e-06
2.18765e-06
2.3426875e-06
1.7543275e-06
2.18074e-06
2.5270325000000003e-06
2.4783575e-06
2.0151525e-06
2.1763425e-06
1.8269175e-06
2.4348300000000004e-06
2.1541675e-06
2.593665e-06
2.4106575e-06
2.123315e-06
2.5099125000000003e-06
1.9513649999999997e-06
2.2432274999999998e-06
2.3487975e-06
1.4020199999999998e-06
1.7714225e-06
1.8688350000000001e-06
2.2810649999999997e-06
2.1892025e-06
2.1800099999999997e-06
2.123625e-06
2.1506675e-06
1.6522625000000002e-06
2.30665e-06
1.7444525e-06
2.264005e-06
2.2843775000000002e-06
2.12063e-06
2.05871e-06
1.5498475e-06
1.7385275e-06
2.016775e-06
1.9228925e-06
2.19471e-06
1.8970925e-06
2.0899300000000005e-06
2.2369224999999996e-06
1.93949e-06
2.183095e-06
2.2640675e-06
2.283165e-06
2.6289625000000005e-06
1.79049e-06
1.9239925e-06
1.96519e-06
1.9992225e-06
2.3902024999999998e-06
1.179615e-06
1.5652925000000002e-06
1.4304400000000001e-06
1.8823875e-06
1.6176775e-06
2.1920875e-06
1.6444274999999999e-06
1.8671425e-06
1.663345e-06
1.962795e-06
1.4693825e-06
2.0920825e-06
2.1364475e-06
2.2714025e-06
1.5076375e-06
1.8649575e-06
1.5444075e-06
2.2077124999999997e-06
1.6725399999999997e-06
2.2598574999999997e-06
2.3159899999999997e-06
2.57163e-06
1.844715e-06
1.618745e-06
2.01376e-06
2.064875e-06
2.1503674999999996e-06
2.162245e-06
2.1595275e-06
1.723195e-06
2.350205e-06
1.5403874999999999e-06
1.731275e-06
1.8261050000000001e-06
2.0209199999999997e-06
1.8323074999999997e-06
2.18332e-06
1.545895e-06
2.00912e-06
1.8589099999999997e-06
2.0442775e-06
2.2063999999999997e-06
2.018785e-06
2.189375e-06
2.5205099999999997e-06
1.7862049999999999e-06
2.1213800000000004e-06
2.20333e-06
2.0439725000000004e-06
2.25323e-06
1.6674575e-06
1.8632424999999998e-06
1.8921149999999998e-06
2.4046825e-06
2.2029125e-06
2.5298400000000006e-06
2.2214875000000002e-06
2.5909475e-06
1.8641424999999999e-06
1.9757074999999997e-06
1.98509e-06
2.4595675e-06
1.7905399999999999e-06
2.1811549999999998e-06
1.672e-06
2.06717e-06
1.797435e-06
2.0402574999999998e-06
2.1236125e-06
2.56724e-06
2.3949249999999998e-06
2.561495e-06
2.6293600000000004e-06
2.37791e-06
2.0114950000000002e-06
2.282475e-06
2.2377299999999997e-06
2.5440124999999997e-06
1.8369899999999999e-06
1.967145e-06
1.6329375e-06
1.9744825e-06
1.7433225e-06
2.0394824999999997e-06
1.8845275e-06
1.9133825000000002e-06
2.0346075e-06
1.8694000000000003e-06
2.131405e-06
2.0195600000000003e-06
2.2454e-06
2.4393725e-06
1.2719124999999999e-06
1.6406175e-06
1.2958425e-06
1.6003175e-06
1.6952874999999999e-06
2.056095e-06
1.766725e-06
2.3418825e-06
1.94888e-06
1.9260399999999997e-06
1.8262125e-06
1.75483e-06
1.936395e-06
2.059435e-06
1.5979525e-06
1.8222425000000001e-06
2.377235e-06
1.6718800000000001e-06
1.865675e-06
2.2463524999999994e-06
2.4855275e-06
1.51454e-06
1.8923425e-06
2.0503625e-06
1.9411525000000002e-06
2.167635e-06
2.2414825e-06
2.1777249999999996e-06
2.2944025e-06
2.3165575e-06
2.3196125000000002e-06
1.7425525e-06
2.0785225e-06
2.0156925e-06
2.2827475e-06
1.6161175e-06
1.7313525000000001e-06
1.9340725e-06
1.9725675000000002e-06
2.2829425e-06
1.9904875000000002e-06
2.1447674999999996e-06
2.00973e-06
2.2377349999999997e-06
2.3156025e-06
1.7622775000000002e-06
2.245935e-06
2.0387849999999997e-06
2.0998925000000003e-06
1.7345599999999998e-06
1.8709375000000002e-06
2.0732875e-06
2.285975e-06
1.138955e-06
1.4757200000000002e-06
1.7135499999999999e-06
2.0589224999999998e-06
2.41169e-06
1.911835e-06
2.0143425e-06
1.951145e-06
1.7639575e-06
1.9266375e-06
2.2638049999999997e-06
1.6350674999999999e-06
2.033405e-06
1.6146925000000003e-06
2.25467e-06
1.6253625e-06
2.18147e-06
1.3822550000000003e-06
1.9609925e-06
1.8709974999999998e-06
1.85862e-06
1.971955e-06
2.552385e-06
1.536255e-06
1.74606e-06
2.0254174999999997e-06
2.027395e-06
1.4583175e-06
1.7102150000000002e-06
1.7447875e-06
1.9252525e-06
1.5065425e-06
1.6495375e-06
1.8942099999999999e-06
2.0263325e-06
1.39181e-06
2.1289024999999994e-06
2.0816175e-06
1.9677175e-06
2.20052e-06
2.4022975e-06
1.6310125e-06
2.2245675e-06
1.837315e-06
2.3052525000000003e-06
2.2452950000000004e-06
2.4885825e-06
1.671385e-06
1.8065899999999997e-06
2.2411849999999996e-06
2.3764399999999996e-06
2.0596625e-06
2.0762075000000002e-06
1.9618925e-06
2.11103e-06
1.6664899999999998e-06
1.9788825000000003e-06
1.98664e-06
2.1185249999999998e-06
2.2793875000000005e-06
1.5800075e-06
2.13078e-06
1.9380225e-06
1.9004149999999998e-06
1.9324050000000003e-06
2.1443e-06
1.931255e-06
2.0392000000000003e-06
2.2664649999999995e-06
2.00492e-06
1.74182e-06
2.2610925e-06
2.1241724999999997e-06
2.0508825e-06
2.254325e-06
1.8602425000000002e-06
2.253395e-06
1.8843975e-06
2.1273625e-06
2.4024275e-06
2.3919625000000005e-06
1.9137574999999998e-06
2.035345e-06
2.25564e-06
2.2175675e-06
1.58025e-06
2.1115325e-06
2.0613125e-06
1.6271125e-06
1.9801025e-06
1.996345e-06
2.0656575e-06
1.5941899999999999e-06
1.7625025e-06
1.4850175e-06
1.83159e-06
2.012685e-06
2.1460649999999998e-06
2.0373175000000003e-06
2.382665e-06
1.9600875e-06
1.9821675e-06
1.8429475e-06
2.43491e-06
1.9831225e-06
2.3108125000000004e-06
2.15333e-06
2.1275225e-06
1.6402825e-06
1.6729874999999999e-06
2.0123325000000004e-06
1.7728575e-06
1.8065225e-06
2.3533774999999995e-06
2.0556575e-06
2.3353325e-06
1.9248949999999996e-06
2.09088e-06
2.2809425e-06
2.7879749999999998e-06
2.1876700000000003e-06
2.2440599999999996e-06
2.2410275e-06
1.9807625e-06
2.1917025e-06
2.48884e-06
1.7078725e-06
1.9963225e-06
1.5559350000000001e-06
1.903555e-06
2.122575e-06
2.01967e-06
2.1301549999999998e-06
2.4666275e-06
2.5821649999999997e-06
1.8498250000000001e-06
2.1579025e-06
2.05536e-06
2.3356925000000007e-06
1.9885675e-06
1.6578925e-06
1.7822574999999999e-06
1.9267325e-06
1.9655425e-06
1.979435e-06
1.3927475e-06
1.63095e-06
1.7451549999999999e-06
1.9399375e-06
1.603585e-06
1.85327e-06
2.0120075e-06
2.3015824999999997e-06
2.3359324999999997e-06
1.964365e-06
1.8519e-06
1.9402e-06
2.1619024999999998e-06
2.17116e-06
1.195625e-06
1.3658625e-06
1.658e-06
2.0463225e-06
1.4968125e-06
1.6254850000000002e-06
2.0278475e-06
2.2059975000000004e-06
1.799285e-06
2.0121025e-06
1.0390449999999999e-06
1.528285e-06
1.4116625e-06
1.5915725e-06
1.5176999999999999e-06
1.8947399999999999e-06
1.712255e-06
1.9776525e-06
1.8198075000000002e-06
2.0250575000000003e-06
1.716515e-06
2.1314624999999998e-06
1.7693674999999998e-06
1.8994025000000001e-06
1.9461475000000002e-06
1.7401550000000001e-06
2.0672524999999997e-06
1.4392125000000002e-06
1.4796025e-06
1.6925149999999999e-06
1.4941e-06
1.7752775e-06
1.9290225e-06
1.6863375000000001e-06
1.9261175e-06
1.7396850000000003e-06
1.6504250000000002e-06
1.7656599999999998e-06
2.226095e-06
1.6099124999999999e-06
2.11098e-06
2.1121700000000003e-06
2.0338175000000003e-06
2.0204325000000003e-06
2.1215325e-06
1.645415e-06
1.935905e-06
1.97697e-06
2.0757775000000002e-06
2.08109e-06
2.2084924999999996e-06
1.8665349999999997e-06
1.8574350000000001e-06
1.81984e-06
2.1021925e-06
2.069215e-06
1.8038775000000001e-06
1.91541e-06
2.42654e-06
1.8594525e-06
1.8655e-06
2.234755e-06
1.704065e-06
1.9640549999999998e-06
1.98691e-06
1.7881174999999998e-06
1.9943899999999996e-06
1.58556e-06
1.959705e-06
1.4406449999999998e-06
1.9342199999999998e-06
1.6623375e-06
1.85615e-06
1.9750725e-06
2.1332175e-06
1.5565174999999998e-06
1.85404e-06
1.7372649999999997e-06
1.9084225e-06
2.075665e-06
2.291765e-06
2.03105e-06
1.9449975e-06
1.8440925000000002e-06
1.9431325e-06
2.1247875e-06
1.0878225e-06
1.5427424999999999e-06
1.2909775e-06
1.6033450000000001e-06
1.6369775e-06
1.4165875e-06
1.7382125e-06
1.23297e-06
1.4322124999999998e-06
1.4688775e-06
1.76664e-06
1.4925599999999999e-06
1.9340450000000002e-06
1.6653175e-06
1.6324075e-06
2.1603925e-06
2.0034625000000003e-06
1.9106400000000002e-06
1.503805e-06
2.0358125e-06
1.92767e-06
2.1455974999999997e-06
1.479105e-06
1.6721875e-06
1.3648875e-06
2.0775575000000002e-06
1.810905e-06
1.6855249999999998e-06
1.7879925e-06
1.7307925000000001e-06
2.0661499999999997e-06
1.9699925e-06
2.3501424999999998e-06
1.8953325e-06
2.2993174999999997e-06
2.3731274999999996e-06
1.7983225e-06
2.3689624999999996e-06
1.7229525000000001e-06
1.835415e-06
1.3522725000000001e-06
1.83804e-06
1.5696725e-06
1.6830575e-06
1.247625e-06
1.5646949999999999e-06
1.5446799999999999e-06
1.713225e-06
1.8876e-06
1.5929075000000001e-06
2.02334e-06
1.8055400000000002e-06
2.1216e-06
1.5478975000000003e-06
1.6744675e-06
1.5940449999999999e-06
1.9060824999999999e-06
2.10489e-06
2.3358050000000005e-06
1.5923374999999999e-06
1.7926175e-06
1.589835e-06
1.7766924999999998e-06
2.0026549999999997e-06
1.566105e-06
2.026405e-06
1.64368e-06
1.969865e-06
2.061175e-06
1.7655700000000001e-06
2.0612875e-06
1.858845e-06
2.0258975e-06
1.879515e-06
2.0797e-06
1.4864525e-06
1.789245e-06
1.5741250000000002e-06
1.713095e-06
1.7005825e-06
2.0582924999999997e-06
1.654235e-06
2.0544725e-06
1.57255e-06
1.8554975e-06
1.698015e-06
1.7621650000000003e-06
1.7061599999999998e-06
1.902365e-06
1.8959625e-06
2.11035e-06
2.0085175000000003e-06
1.5036200000000002e-06
1.7050649999999999e-06
2.1614950000000005e-06
1.9692375000000002e-06
1.9986824999999996e-06
1.8564700000000002e-06
1.9626525e-06
2.2614175e-06
2.068435e-06
2.0483725e-06
1.8330525000000001e-06
1.943515e-06
2.0243000000000003e-06
1.9853050000000002e-06
1.9428675e-06
1.7672325e-06
1.940885e-06
2.0035825e-06
1.7392425e-06
1.7023750000000002e-06
1.41097e-06
1.8794275e-06
1.7667224999999998e-06
1.9055625000000001e-06
1.7800724999999999e-06
2.0769225000000003e-06
1.156405e-06
1.3819699999999999e-06
1.4619275000000002e-06
1.6511300000000001e-06
1.7551675e-06
1.5484625e-06
1.5260174999999998e-06
1.61287e-06
1.5038275e-06
1.662285e-06
1.9222350000000003e-06
1.826195e-06
2.160325e-06
1.9922875e-06
1.8806499999999997e-06
2.17712e-06
1.6026675e-06
1.9564925e-06
1.725315e-06
1.8183749999999998e-06
1.8458025e-06
1.9458525e-06
1.4798524999999999e-06
1.7437525e-06
1.56605e-06
1.6665974999999999e-06
1.7297899999999999e-06
1.9630425e-06
1.9346025e-06
2.1058000000000002e-06
1.9398624999999998e-06
1.7029674999999999e-06
1.8453075000000002e-06
1.8434224999999999e-06
1.6666375e-06
2.1233849999999997e-06
1.31671e-06
1.7055625000000002e-06
1.5793575e-06
1.72216e-06
1.59355e-06
1.846925e-06
1.3101924999999999e-06
1.48519e-06
1.75483e-06
1.7298475e-06
1.4823125e-06
1.6328225000000002e-06
1.8772175000000002e-06
2.1161275e-06
1.8754925e-06
1.9728475e-06
1.8790175e-06
1.8362149999999999e-06
1.2819925e-06
1.4372125e-06
1.54769e-06
1.4084875e-06
1.5879550000000001e-06
1.9110100000000003e-06
1.6549425e-06
1.9090300000000003e-06
1.7794625000000002e-06
1.6046599999999998e-06
1.6426374999999998e-06
2.12231e-06
1.8260475e-06
1.5483625000000002e-06
1.7303325e-06
1.4757699999999997e-06
1.81481e-06
1.6425575e-06
1.6869975000000001e-06
1.79316e-06
1.933655e-06
1.8827674999999998e-06
1.9089275000000003e-06
1.7568275000000003e-06
1.8643075000000002e-06
1.908015e-06
1.7491725000000001e-06
1.53365e-06
1.5814875000000002e-06
1.791555e-06
1.3927699999999998e-06
1.5076225e-06
1.70181e-06
1.5800000000000001e-06
1.76223e-06
1.5920925e-06
1.5538475e-06
1.9456325e-06
1.635495e-06
1.8200699999999998e-06
1.8157125e-06
1.7162550000000002e-06
1.6852625e-06
1.3385475000000003e-06
1.5645450000000002e-06
1.5427849999999999e-06
1.9942350000000002e-06
1.352315e-06
1.5875724999999998e-06
1.4658374999999999e-06
1.5790724999999998e-06
1.5863924999999999e-06
2.111645e-06
1.5901325e-06
1.8904100000000002e-06
1.5160575e-06
1.5556775e-06
1.7983549999999998e-06
1.0806075e-06
1.44653e-06
1.4968799999999999e-06
1.6381900000000002e-06
1.468955e-06
1.4046225000000002e-06
1.743135e-06
1.47692e-06
1.7957674999999999e-06
1.7152875e-06
1.9458724999999996e-06
1.8209775000000001e-06
2.0637125000000003e-06
1.5353474999999999e-06
1.7177999999999999e-06
1.5291075e-06
1.6851274999999998e-06
1.7670925000000003e-06
1.8049500000000002e-06
1.6920424999999999e-06
1.7154225e-06
1.4967525e-06
1.5013725e-06
1.8196825e-06
1.8095900000000002e-06
1.3327300000000002e-06
1.6534775e-06
1.539615e-06
2.059485e-06
1.6953024999999999e-06
1.7858675e-06
1.2032349999999999e-06
1.6363175e-06
1.7494324999999999e-06
1.8000075e-06
1.7014174999999999e-06
1.8325325e-06
1.6756775e-06
2.037125e-06
1.6911075e-06
1.5030950000000001e-06
1.5899125e-06
1.99373e-06
1.3975575e-06
1.6012800000000001e-06
1.7844025e-06
1.62622e-06
1.78061e-06
1.9555375000000002e-06
1.6647275000000001e-06
1.7810275e-06
1.3988249999999997e-06
1.5760200000000002e-06
1.7685125000000001e-06
1.7222875000000002e-06
1.6595450000000001e-06
1.7992074999999997e-06
1.35104e-06
1.5683649999999998e-06
1.6644725e-06
1.5204575e-06
1.77791e-06
1.4685675e-06
1.70142e-06
1.35874e-06
1.6102350000000002e-06
9.470999999999999e-07
1.4041899999999998e-06
1.2763274999999998e-06
1.23163e-06
1.448935e-06
1.4398899999999997e-06
1.71576e-06
1.8531175000000003e-06
1.7198975e-06
1.338505e-06
1.6459374999999999e-06
1.4470925000000002e-06
1.5185799999999998e-06
1.1622250000000001e-06
1.3344874999999999e-06
1.556245e-06
1.4495375000000001e-06
1.4791824999999998e-06
1.8047900000000002e-06
1.29807e-06
1.560305e-06
1.4107125e-06
1.41498e-06
1.4292224999999999e-06
1.524975e-06
1.5081200000000001e-06
1.6165874999999999e-06
1.5212425e-06
1.7923325e-06
1.6918924999999997e-06
1.5075575e-06
1.566585e-06
1.5477800000000001e-06
1.7471675e-06
2.037745e-06
1.35038e-06
1.6488274999999998e-06
1.6015475000000002e-06
1.2458725e-06
1.438175e-06
1.5185299999999997e-06
1.4245925e-06
1.5849975e-06
1.5359449999999997e-06
1.78112e-06
1.8728625e-06
2.222545e-06
1.2685e-06
1.653945e-06
1.44139e-06
1.5736875e-06
1.6064675e-06
1.9386625e-06
1.5108025e-06
1.7252175e-06
1.789425e-06
2.1499975e-06
1.8987875e-06
1.8769775000000001e-06
1.9851325e-06
1.3930975e-06
1.612045e-06
1.37264e-06
1.6838625e-06
1.51055e-06
1.61328e-06
1.9278225e-06
1.5045900000000001e-06
1.5383575e-06
1.711615e-06
1.5480925000000002e-06
1.6749200000000002e-06
1.6278675e-06
1.815065e-06
1.81454e-06
1.4237399999999999e-06
1.5559325e-06
1.568245e-06
1.85518e-06
1.7236299999999999e-06
1.5739849999999999e-06
1.5705300000000002e-06
1.628085e-06
1.5307625e-06
1.810375e-06
1.6950424999999999e-06
1.6827575000000002e-06
1.4452899999999999e-06
1.62142e-06
1.6070325e-06
1.215805e-06
1.590675e-06
1.5981025e-06
1.4807924999999998e-06
1.62505e-06
1.390615e-06
1.53697e-06
1.870605e-06
1.4656975e-06
1.5306675000000003e-06
1.7070599999999999e-06
1.8459375e-06
1.9078550000000002e-06
1.740805e-06
1.8541499999999999e-06
1.8852774999999999e-06
1.2431350000000001e-06
1.45407e-06
1.4246925e-06
1.56835e-06
1.1413649999999999e-06
1.57122e-06
1.2130849999999999e-06
1.2418700000000001e-06
9.430775e-07
1.4052775e-06
1.482045e-06
1.2876325e-06
1.5767175e-06
1.0897825e-06
1.5346425e-06
1.3391524999999999e-06
1.462115e-06
1.2274474999999998e-06
1.5599500000000002e-06
1.884975e-06
1.5885625e-06
1.6736924999999999e-06
2.3389575e-06
1.38262e-06
1.5057824999999999e-06
1.55861e-06
1.631925e-06
1.6412299999999998e-06
1.2794125e-06
1.5236275e-06
1.4947200000000002e-06
1.1276050000000002e-06
1.5089749999999998e-06
1.5679875e-06
1.415215e-06
1.5155275e-06
1.7780425e-06
1.1135799999999999e-06
1.4518524999999999e-06
1.31003e-06
1.414795e-06
1.5782449999999997e-06
1.7869074999999999e-06
1.2988e-06
1.70926e-06
1.491425e-06
1.5519250000000002e-06
1.7024925000000001e-06
1.4688825e-06
1.4045424999999999e-06
1.43426e-06
1.52308e-06
1.63438e-06
1.7245725e-06
2.0637049999999998e-06
1.57667e-06
1.7742725e-06
1.612175e-06
1.53085e-06
1.64241e-06
1.7759e-06
1.98716e-06
1.3540175e-06
1.4317099999999998e-06
1.0130475e-06
1.245555e-06
1.3583974999999998e-06
1.574975e-06
1.5637025000000001e-06
1.0286e-06
1.1265425e-06
1.16489e-06
1.3320375000000002e-06
1.610315e-06
1.4222024999999999e-06
1.72739e-06
1.28483e-06
1.37327e-06
1.323515e-06
1.3988825e-06
1.2761175000000001e-06
1.5063100000000002e-06
1.4239500000000001e-06
1.36686e-06
1.2969650000000001e-06
1.5605799999999998e-06
1.2282649999999998e-06
1.509725e-06
1.5748225e-06
1.3773400000000002e-06
1.5236725e-06
1.5691624999999999e-06
1.4397625000000003e-06
1.5909550000000001e-06
1.2962725000000002e-06
1.4722825e-06
1.4348e-06
1.6782375e-06
1.7885875e-06
1.8465125e-06
1.4070575000000002e-06
1.65738e-06
1.2557275e-06
1.5117825000000001e-06
1.7190625000000001e-06
1.6376e-06
1.4276299999999999e-06
1.4802824999999999e-06
1.6805774999999998e-06
1.7807624999999999e-06
1.3668100000000003e-06
1.6717025e-06
1.4571974999999998e-06
1.4953425000000001e-06
1.2461525e-06
1.3716649999999998e-06
1.5464475e-06
1.7264375000000002e-06
1.5567124999999999e-06
1.7261599999999998e-06
1.27233e-06
1.4371525e-06
1.36607e-06
1.5015474999999999e-06
1.4368600000000001e-06
1.53474e-06
1.4264925e-06
1.5526825e-06
1.7654450000000003e-06
2.0786675e-06
1.6134550000000001e-06
1.7237899999999998e-06
1.4556224999999998e-06
1.5795650000000002e-06
1.4158125e-06
1.6079599999999996e-06
1.550385e-06
1.7576075e-06
1.646045e-06
1.8928425000000001e-06
1.7256025e-06
1.8176799999999998e-06
1.6159149999999998e-06
1.31955e-06
1.5946374999999998e-06
1.7136200000000001e-06
1.4438100000000001e-06
1.7641025e-06
1.6066274999999998e-06
1.6842925e-06
1.3113125e-06
1.5177425e-06
1.4741625e-06
1.209285e-06
1.4581925e-06
1.5221675e-06
1.6765175000000001e-06
1.7179675000000002e-06
1.3758375000000001e-06
1.4553724999999998e-06
1.819805e-06
1.9477725e-06
1.41217e-06
1.45118e-06
1.2735375e-06
1.455245e-06
1.287405e-06
1.3432775e-06
1.0486600000000002e-06
1.4108825e-06
1.3784749999999997e-06
1.3602e-06
1.2566250000000002e-06
1.450955e-06
1.3018875e-06
1.4166449999999999e-06
1.65637e-06
1.951395e-06
1.6189925000000002e-06
1.6642850000000001e-06
1.5987525e-06
1.3998325000000003e-06
8.383575e-07
1.06481e-06
1.18439e-06
1.1433375e-06
1.309865e-06
1.508345e-06
1.0469250000000001e-06
1.447995e-06
1.4747574999999998e-06
1.662555e-06
1.729445e-06
1.5689075e-06
1.7917749999999999e-06
1.8606325e-06
1.62427e-06
1.4005349999999999e-06
1.6358874999999998e-06
1.546465e-06
1.6104475e-06
1.6078799999999998e-06
1.27721e-06
1.5641074999999999e-06
1.5076425e-06
1.5114775e-06
1.74588e-06
1.047585e-06
1.0674575000000001e-06
1.3371575e-06
1.33418e-06
1.5435125000000002e-06
1.35705e-06
1.606085e-06
1.548425e-06
1.497365e-06
1.51488e-06
1.5834624999999999e-06
1.814795e-06
1.43699e-06
1.4083050000000003e-06
1.655335e-06
1.305085e-06
1.5261325e-06
9.642225e-07
1.25552e-06
1.175235e-06
1.3888225e-06
1.1378975e-06
1.26764e-06
1.3972025e-06
1.5805575000000002e-06
1.3474799999999999e-06
1.5585275e-06
1.1320025e-06
1.3470224999999999e-06
1.392225e-06
1.3989875e-06
1.252125e-06
1.3702425e-06
2.0624950000000002e-06
1.23416e-06
1.36661e-06
1.4540625e-06
1.4273925e-06
1.87967e-06
1.412045e-06
1.5418224999999999e-06
1.55312e-06
1.7046474999999999e-06
1.4961199999999999e-06
1.6007225e-06
1.7479574999999998e-06
1.2717325e-06
1.39926e-06
1.4794574999999998e-06
1.7403950000000002e-06
1.5404900000000003e-06
1.3082775000000002e-06
1.52135e-06
1.4574325e-06
1.323945e-06
1.549225e-06
1.2371375e-06
1.3566e-06
1.5143675e-06
1.3583074999999999e-06
1.583535e-06
1.5306999999999998e-06
1.043315e-06
1.5345700000000001e-06
1.110775e-06
1.37905e-06
1.5060125e-06
1.3049175e-06
1.216345e-06
1.5487525e-06
1.6237200000000001e-06
1.7496825e-06
1.2698175000000003e-06
1.6862900000000002e-06
1.25489e-06
1.5096674999999998e-06
1.6275299999999999e-06
1.6757375e-06
1.1585625000000001e-06
1.43715e-06
1.2189775e-06
1.4083150000000001e-06
1.1448124999999998e-06
1.398845e-06
8.2513e-07
1.2615625e-06
1.4523025e-06
1.0166575e-06
1.11792e-06
1.36006e-06
1.3014774999999999e-06
1.7081625e-06
1.5328675e-06
1.5673425e-06
1.605235e-06
1.8107875e-06
1.5638049999999999e-06
1.5831199999999996e-06
1.4952425e-06
1.7084200000000002e-06
1.7055625e-06
1.1066224999999998e-06
1.26388e-06
1.5154075e-06
1.422525e-06
1.4315075000000003e-06
1.46977e-06
1.2896125000000001e-06
1.5976025e-06
1.6449425e-06
1.3376375e-06
1.497425e-06
1.6801174999999998e-06
1.83568e-06
1.8386925000000002e-06
1.89258e-06
1.42327e-06
1.38192e-06
1.4452675e-06
1.5856825000000002e-06
1.6050124999999997e-06
1.4201225e-06
1.3578849999999997e-06
1.6109775e-06
1.0114049999999999e-06
1.31402e-06
1.3973674999999998e-06
1.3473749999999997e-06
1.44021e-06
1.5231900000000002e-06
1.6828925000000001e-06
1.7931150000000002e-06
1.6949825e-06
1.7718425e-06
1.7157525e-06
1.6595775e-06
1.664115e-06
1.833555e-06
1.1824824999999997e-06
1.3884975e-06
1.1063149999999999e-06
1.4049675000000002e-06
1.1493275e-06
1.274015e-06
1.149435e-06
1.5130999999999998e-06
1.5610650000000003e-06
1.0465825000000001e-06
1.184775e-06
1.2975075e-06
1.2155075e-06
1.4399275e-06
1.2775924999999997e-06
1.652515e-06
1.4866424999999999e-06
1.1106025e-06
1.46291e-06
1.189505e-06
1.417295e-06
1.21847e-06
1.45246e-06
1.4847349999999999e-06
1.45675e-06
1.4355575e-06
1.4175600000000002e-06
1.5914625e-06
1.5453775e-06
1.692995e-06
2.108105e-06
1.669725e-06
1.7150025e-06
1.7052874999999998e-06
1.79508e-06
1.4267299999999998e-06
1.563175e-06
1.26043e-06
1.3962225e-06
1.6692800000000001e-06
1.5326049999999999e-06
1.1196925e-06
1.45595e-06
1.421725e-06
1.3351825000000002e-06
1.370845e-06
1.1224375000000001e-06
1.1975499999999999e-06
1.2535550000000002e-06
1.6321175000000002e-06
1.381015e-06
1.6974675e-06
1.0297175e-06
1.3185400000000002e-06
1.1560574999999998e-06
1.1262674999999998e-06
1.29255e-06
1.4784475e-06
1.5705925000000002e-06
1.1488875e-06
1.4363724999999997e-06
1.1791025e-06
1.4027150000000001e-06
1.4093125e-06
1.675245e-06
1.43855e-06
1.4058775e-06
1.4361174999999998e-06
1.5894025e-06
1.48405e-06
1.5736125e-06
1.8516625000000001e-06
1.0277499999999998e-06
1.11488e-06
1.378875e-06
1.52074e-06
1.0136275000000001e-06
1.1948325000000001e-06
1.37172e-06
1.4422749999999999e-06
1.5739075e-06
1.5524975e-06
1.4012275e-06
1.6413625e-06
1.4069124999999998e-06
1.5682749999999998e-06
1.1860624999999999e-06
1.407355e-06
1.5299199999999999e-06
1.7790975e-06
1.2399924999999999e-06
1.5983225000000003e-06
1.4893600000000003e-06
1.2647550000000002e-06
1.105975e-06
1.40628e-06
1.401305e-06
1.487255e-06
1.7073875e-06
1.3014425000000002e-06
1.5616625e-06
1.3467099999999998e-06
1.4598475e-06
1.6727475e-06
1.3489925e-06
1.571395e-06
1.8960525000000002e-06
1.5765575e-06
1.6068025e-06
1.50636e-06
1.3665e-06
1.30563e-06
1.4144725000000002e-06
1.62615e-06
1.3813325e-06
1.3581349999999999e-06
1.4297825e-06
1.471715e-06
1.6303325e-06
1.128705e-06
1.4638625e-06
1.2191425000000001e-06
1.6812149999999999e-06
1.0727125000000002e-06
1.2532300000000001e-06
1.5148525e-06
1.2334150000000001e-06
1.507065e-06
1.2514375e-06
1.4796175e-06
1.3380825e-06
1.531925e-06
1.675995e-06
1.65856e-06
9.371875000000001e-07
1.1843275e-06
1.4663724999999998e-06
1.27933e-06
1.3983425000000002e-06
1.5023175e-06
1.295995e-06
1.492335e-06
1.53986e-06
1.5983175e-06
1.6123000000000002e-06
1.8063825000000002e-06
1.1615725e-06
1.4213675e-06
1.18144e-06
1.7571479999999997e-06
1.4341224999999998e-06
1.39997e-06
1.3750375000000003e-06
1.434065e-06
1.52447e-06
1.7094425000000001e-06
1.3032124999999999e-06
1.2663525000000001e-06
1.3196675e-06
1.605545e-06
1.4811575e-06
1.6913100000000003e-06
1.3721499999999999e-06
1.4616075e-06
1.4594175e-06
1.5967675000000002e-06
1.2787825000000002e-06
1.5837925e-06
1.53359e-06
1.5830000000000001e-06
1.5556274999999998e-06
1.8784825e-06
1.693665e-06
1.3819650000000002e-06
1.63088e-06
1.4316675e-06
1.4416899999999998e-06
1.4997524999999999e-06
1.5388725e-06
1.304105e-06
1.4686475000000002e-06
1.4507425e-06
1.7740375000000002e-06
1.9317275e-06
1.811875e-06
2.0370725e-06
8.417975000000001e-07
1.088675e-06
1.2835099999999997e-06
1.1467624999999999e-06
1.2906050000000001e-06
1.2320575e-06
1.2543025e-06
1.3450975e-06
1.2252174999999997e-06
1.4693475e-06
1.274015e-06
1.312075e-06
1.4268974999999999e-06
1.6678825e-06
1.4884424999999998e-06
1.5471325000000001e-06
1.1268175000000001e-06
1.3156049999999999e-06
1.2597799999999999e-06
1.6185775000000002e-06
1.2485350000000001e-06
1.395275e-06
1.4610000000000003e-06
1.6518325e-06
9.920425e-07
1.3592974999999999e-06
1.2874899999999999e-06
1.1136525e-06
1.4757174999999999e-06
1.48916e-06
1.03093e-06
1.2526975e-06
1.3204925000000002e-06
1.1737175e-06
1.3148825e-06
1.3503400000000003e-06
1.3079150000000002e-06
1.5784025e-06
1.6030775e-06
1.5180849999999997e-06
1.5418750000000002e-06
1.3595825000000001e-06
1.6632800000000001e-06
1.3850475e-06
1.2976e-06
1.438365e-06
1.4489925000000001e-06
1.7429550000000001e-06
1.7165150000000002e-06
1.74586e-06
1.4936375e-06
1.58607e-06
1.76193e-06
1.4393925e-06
1.73695e-06
1.4671325e-06
1.587085e-06
1.5431225e-06
1.6867874999999999e-06
1.725565e-06
1.150125e-06
1.4594349999999999e-06
1.4011324999999998e-06
1.6693475e-06
1.4695925000000002e-06
1.5926575e-06
1.447065e-06
1.6669749999999998e-06
1.72156e-06
1.138525e-06
1.3452124999999999e-06
1.2965749999999997e-06
1.44841e-06
1.1620925e-06
1.3853125e-06
1.2852499999999999e-06
1.3435049999999999e-06
1.769275e-06
1.257375e-06
1.5831375e-06
1.4730850000000001e-06
1.4538550000000002e-06
1.3559724999999998e-06
1.4648125e-06
1.459565e-06
1.7985325e-06
1.527565e-06
1.7284275e-06
1.6942e-06
1.7148374999999997e-06
1.8745275000000002e-06
1.492565e-06
1.5997399999999997e-06
1.61872e-06
1.494415e-06
1.569925e-06
1.8523225e-06
1.6310324999999999e-06
1.8606225000000001e-06
1.372435e-06
1.5554624999999999e-06
1.543925e-06
1.8961875000000001e-06
1.53862e-06
1.7992699999999999e-06
1.6097225e-06
1.10237e-06
1.5422899999999998e-06
1.1862199999999999e-06
1.37755e-06
1.3594275e-06
1.2850400000000002e-06
1.5251650000000001e-06
1.1124474999999999e-06
1.4249450000000003e-06
1.3020924999999999e-06
1.2677199999999999e-06
1.4296625000000002e-06
1.734335e-06
1.3753175e-06
1.584415e-06
1.33695e-06
1.5824075e-06
1.5091149999999999e-06
1.6290400000000002e-06
1.3142974999999999e-06
1.4551225000000001e-06
1.4978200000000002e-06
1.5237575000000001e-06
1.6018124999999999e-06
1.5588350000000001e-06
1.2544275e-06
1.4719875000000002e-06
1.342115e-06
1.5831375e-06
1.5481475000000002e-06
1.6498925000000002e-06
1.363665e-06
9.104299999999999e-07
1.1232675e-06
1.1520950000000002e-06
1.1009375e-06
1.2028375e-06
1.450645e-06
1.3194374999999999e-06
1.8230224999999998e-06
1.5844575e-06
1.4413999999999999e-06
1.27251e-06
1.4871000000000001e-06
1.3427225e-06
1.4971475000000002e-06
1.3476674999999999e-06
1.3615599999999998e-06
1.299155e-06
1.4668125000000001e-06
1.3919175e-06
1.2746999999999998e-06
1.64185e-06
1.1482575e-06
1.3127550000000002e-06
1.4770000000000002e-06
1.5752875e-06
1.2474325e-06
1.6059499999999998e-06
1.2210675e-06
1.3566525e-06
1.0552849999999999e-06
1.3700674999999999e-06
1.645625e-06
1.2208975000000003e-06
1.403725e-06
1.30435e-06
1.25675e-06
1.02286e-06
1.247145e-06
1.3184675e-06
1.4284e-06
1.6933850000000002e-06
1.5326199999999999e-06
1.312475e-06
1.3209675e-06
1.44516e-06
1.490525e-06
1.6492949999999999e-06
1.3346225e-06