0.032475000000000004
0.083325
0.13515
0.185025
0.2578
0.34285000000000004
0.47487500000000005
0.602175
0.736
0.81125
0.8212250000000001
0.8029749999999999
0.826175
0.82605
0.8368249999999998
0.83815
0.8544250000000001
0.918
0.9368749999999999
0.935575
0.9820249999999999
1.0261
1.0746
1.1061500000000002
1.0831
1.0821749999999999
1.1225
1.113925
1.105225
1.1073
1.155175
1.17285
1.1703999999999999
1.138875
1.1519000000000001
1.1713999999999998
1.1883
1.19215
1.179975
1.1659249999999999
1.1659
1.1633
1.163525
1.1846
1.178475
1.1887500000000002
1.171475
1.165
1.163175
1.1417
1.144875
1.12025
1.10955
1.1230749999999998
1.1487749999999999
1.1495
1.1569500000000001
1.1704
1.171325
1.1349749999999998
1.1407749999999999
1.1601
1.1543750000000002
1.13035
1.116975
1.078675
1.1024
1.114125
1.12895
1.13985
1.1533749999999998
1.1630250000000002
1.1666999999999998
1.1337249999999999
1.1233250000000001
1.117575
1.1280000000000001
1.13165
1.11305
1.0944
1.1131499999999999
1.096
1.0648
1.0830499999999998
1.12595
1.13265
1.125025
1.1198750000000002
1.1235249999999999
1.1555
1.1735
1.1687249999999998
1.157775
1.1649500000000002
1.153925
1.1622249999999998
1.1802250000000003
1.171225
1.1216249999999999
1.10605
1.102075
1.1088749999999998
1.09725
1.0882749999999999
1.108675
1.1266
1.1362
1.136125
1.123025
1.1244
1.13865
1.159075
1.1873500000000001
1.215625
1.23035
1.2249
1.2319499999999999
1.226525
1.2443250000000001
1.24955
1.2359499999999999
1.2367750000000002
1.229025
1.21365
1.229825
1.228875
1.2293
1.2595999999999998
1.2483
1.2455250000000002
1.275125
1.277125
1.288975
1.2987
1.2978750000000001
1.2894499999999998
1.30905
1.2744750000000002
1.2856000000000003
1.3040499999999997
1.290575
1.3012249999999999
1.3093
1.3240500000000002
1.376
1.3503500000000002
1.330875
1.349775
1.3454000000000002
1.361625
1.4306
1.4199499999999998
1.4262
1.4369500000000002
1.4836500000000001
1.5232999999999999
1.5911499999999998
1.5575249999999998
1.5576500000000002
1.60145
1.623475
1.60365
1.6681750000000002
1.6514
1.668225
1.6505
1.657525
1.6910500000000002
1.70485
1.6981000000000002
1.726625
1.76285
1.76525
1.7428
1.785575
1.810025
1.8255
1.8318
1.8342500000000002
1.859475
1.908
1.90035
1.892
1.8620499999999998
1.8796
1.8961249999999998
1.8824750000000001
1.86955
1.896225
1.906975
1.941575
1.9576500000000001
1.97495
2.0073000000000003
2.0854749999999997
2.11355
2.112675
2.102225
2.133025
2.179625
2.1744250000000003
2.171975
2.176325
2.1637
2.172425
2.1959
2.1808
2.2664999999999997
2.280175
2.264525
2.24665
2.31385
2.290375
2.290025
2.257675
2.2891250000000003
2.2819000000000003
2.301
2.187975
2.2316000000000003
2.2375000000000003
2.2611749999999997
2.25415
2.318825
2.321975
2.3011000000000004
2.2005
2.2813749999999997
2.336
2.3548750000000003
2.2741499999999997
2.33665
2.3398749999999997
2.411025
2.3918500000000003
2.5108250000000005
2.5378000000000003
2.6265750000000003
2.6086500000000004
2.621875
2.7292
2.7900000000000005
2.7000750000000004
2.726275
2.7917249999999996
2.908975
2.965875
2.967825
2.9963249999999997
3.0762
3.1750000000000003
3.266175
3.321225
3.395925
3.4577
3.529625
3.6125
3.7144749999999997
3.68245
3.7486
3.82975
3.863975
3.7476499999999997
3.778975
3.856675
3.9551999999999996
4.028175
4.029075000000001
3.9464250000000005
3.9186750000000004
3.78275
3.7726749999999996
3.8000749999999996
3.87195
3.9981999999999998
3.975225
3.942025
3.8925250000000005
3.944075
3.9716
4.119800000000001
4.159425
4.1778249999999995
4.163175000000001
4.2036500000000006
4.147225
4.134525
4.30105
4.37745
4.564425000000001
4.606249999999999
4.547700000000001
4.6164499999999995
4.722574999999999
4.70725
4.80965
4.9193750000000005
4.964499999999999
5.03835
5.1692
5.202500000000001
5.067175
5.0061
5.011774999999999
5.014425
5.0798000000000005
4.9533499999999995
4.927325
4.904325
4.90685
4.898325000000001
4.989325
4.899050000000001
4.818350000000001
4.8016250000000005
4.8888
4.851525
4.936450000000001
4.858275
4.9786
5.144149999999999
5.1297749999999995
5.067850000000001
5.088175
5.008800000000001
4.820774999999999
4.83645
4.781825
4.774175
4.6869250000000005
4.636375
4.585999999999999
4.768725
4.707750000000001
4.616575
4.636325
4.830075000000001
4.772725
4.764450000000001
4.767125
4.692575
4.855325000000001
4.805725
4.883775
4.869525
4.7676
5.0919
5.004849999999999
5.0775
4.895375
4.673299999999999
4.8405000000000005
4.914649999999999
4.96795
4.9117500000000005
4.98975
5.1244749999999994
5.120575
5.19615
5.513224999999999
5.58205
5.588275
5.92685
5.8549500000000005
5.532699999999999
5.62555
5.78135
5.861425
6.071974999999999
6.062875
5.9300250000000005
5.94065
5.920375000000001
5.796600000000001
5.924049999999999
5.9914000000000005
5.974299999999999
6.055475
5.997049999999999
6.2078500000000005
6.164524999999999
6.17305
6.145875
6.19815
6.168225
6.49335
6.539674999999999
6.593125
6.4380749999999995
6.22185
6.322125
6.31595
6.4446
6.591075
6.485074999999999
6.29875
6.286525
6.100475
6.2147250000000005
6.1937500000000005
6.1689
6.1982
6.1860750000000015
6.023100000000001
6.418175
6.3842
6.389025
6.317775
6.373225
6.441999999999999
6.317424999999999
6.500925
6.385875
6.1171500000000005
6.317900000000001
6.215775000000001
6.571725
6.4312000000000005
6.3721250000000005
6.291924999999999
6.225974999999999
6.483375
6.5919
6.759825
6.7739
6.700699999999999
6.43905
6.657875000000001
6.488575
6.4426250000000005
6.5764499999999995
6.54095
6.690599999999999
6.457
6.525425
6.453100000000001
6.686025000000001
6.4152499999999995
6.4415249999999995
6.25145
6.374
6.230925
6.4091249999999995
6.1913
6.206625
6.12205
6.0783000000000005
5.7983
6.01935
5.93825
5.790975
5.877775000000001
5.7680750000000005
5.9958
5.8229
5.92175
5.78345
5.7952
5.5547249999999995
5.591125
5.434749999999999
5.4279
5.304975000000001
5.44555
5.269375
5.1718
4.984575
5.02505
4.841575
4.815225
4.6746
4.6720500000000005
4.67225
4.59155
4.3157000000000005
4.48085
4.5735
4.389575
4.6713000000000005
4.6705499999999995
4.6796
4.6194749999999996
4.656275000000001
4.6206000000000005
4.664775000000001
4.6037
4.67155
4.730825
4.7667
4.581775
4.598425000000001
4.52375
4.37405
4.478025
4.6122499999999995
4.51795
4.649050000000001
4.7553
4.733125000000001
4.981999999999999
4.966774999999999
5.03365
4.953275
4.750525
4.704725
4.869400000000001
4.69775
4.647900000000001
4.647625000000001
4.569999999999999
4.5329999999999995
4.7372499999999995
4.683749999999999
4.7895
4.80485
4.88575
4.849425
4.930149999999999
5.0098
4.9487749999999995
5.240875
5.24775
5.5001
5.4506250000000005
5.676475
5.545249999999999
5.799925
5.716975
5.867250000000001
5.895025000000001
6.010625
5.965775000000001
6.1281
6.106625000000001
6.101425
6.125925
6.35
6.13135
6.2386
6.32015
6.3298749999999995
6.495450000000001
6.484800000000001
6.813000000000001
6.796525
6.881875000000001
6.920299999999999
7.042199999999999
6.82165
6.975875
7.1842749999999995
7.0817
7.32855
7.277575000000001
7.654325
7.591025
7.702275
7.667400000000001
7.761525
7.709175
7.800575
7.69885
7.754099999999999
7.77965
7.8412500000000005
7.764875000000001
7.915074999999999
7.94305
7.784825
7.9803749999999996
8.259575
8.069099999999999
8.21355
8.493624999999998
8.61435
8.550450000000001
8.6701
8.971725
8.883949999999999
8.909249999999998
8.96605
9.1179
9.199125
9.335424999999999
9.19995
9.4437
9.661749999999998
9.628925
10.01735
10.047699999999999
10.244325
10.217024999999998
10.50085
10.491475
10.571324999999998
10.561775
10.928125000000001
10.87315
10.956574999999999
10.8844
10.997425
10.82885
11.066825
11.193875
11.162949999999999
11.434800000000001
11.286200000000001
11.526375
11.56775
11.681375
11.616675
11.730875
11.652525
11.9523
11.953275
11.88135
12.113800000000001
12.065975
12.544174999999997
12.3164
12.425325
12.473624999999998
12.440649999999998
12.487900000000002
12.460875000000001
12.231075
11.847225000000002
12.000625000000001
11.984425
11.936324999999998
12.04505
11.821
11.76385
12.084150000000001
11.95035
11.855
12.09765
11.9785
11.995874999999998
12.348925
12.265775000000001
12.20665
12.433750000000002
12.6888
12.693624999999999
12.431375000000001
12.703475000000001
13.042175
13.13195
13.221650000000002
13.410750000000002
13.522825000000001
13.346325
13.582074999999998
13.706625
13.51945
13.749775
13.630175
13.867574999999999
13.808274999999998
13.631224999999999
13.72495
13.684275
13.514375000000001
13.591875000000002
13.643325
13.505775000000002
13.573425
13.580575
13.496550000000001
13.405624999999999
13.6639
13.616249999999999
13.501375
13.6223
13.6143
13.420000000000002
13.519200000000001
13.588574999999999
13.499600000000001
13.52005
13.5654
13.517625
13.409400000000002
13.599375
13.6392
13.492799999999999
13.713925000000001
13.817625000000001
14.073650000000002
14.077525000000001
14.014275
14.252650000000001
14.5192
14.73845
14.780025
15.154025000000003
15.205025000000001
15.038425
15.368400000000001
15.436625000000001
15.678675
15.698025000000001
15.622725
15.838225
15.850525
15.677049999999998
15.95215
16.233825000000003
16.3078
16.265050000000002
16.19365
16.17955
16.085825
16.365925
16.31895
16.11855
16.262925
16.023874999999997
16.44455
16.032625
16.126275
16.2807
16.294675
16.239125
16.2464
16.136875
15.943849999999998
16.193825
16.29605
16.34195
16.310100000000002
16.2033
16.363675
16.4204
16.375125
16.476475
16.58785
16.458175
16.644375
16.858900000000002
16.972825
16.862650000000002
16.685000000000002
16.796875
16.6876
16.528975000000003
16.743374999999997
16.851675
17.135025
16.87865
17.130450000000003
17.320449999999997
17.349075000000003
17.229824999999998
17.292575
17.123625
16.854875
16.877675
16.8623
16.5873
16.79225
16.69395
16.846999999999998
16.863400000000002
16.528725
16.678525
16.709625
16.70535
16.677625000000003
16.49305
16.627425
16.895475
16.725649999999998
16.7206
16.8332
16.919925
16.759325
16.860374999999998
16.683374999999998
16.68705
16.66035
16.691924999999998
16.495825
16.556024999999998
16.451624999999996
16.3496
16.310250000000003
16.42385
16.51725
16.669475000000002
16.736075
16.650575
16.6879
16.7747
16.95205
17.0184
17.367125
17.498425
17.720325
17.93785
18.2571
18.151799999999998
18.366274999999998
18.615725
18.6836
18.281075
18.330775
18.388225
18.386975
18.6523
18.543625000000002
18.635975
18.755775
18.891925
18.9783
19.403700000000004
19.459799999999998
19.688675000000003
19.967125000000003
20.133049999999997
20.56925
20.6202
20.903824999999998
21.113775000000004
21.402225000000005
21.27755
21.252899999999997
21.3491
21.297674999999998
21.09125
21.258574999999997
21.480650000000004
21.424874999999997
21.283974999999998
21.316499999999998
20.955475
21.087349999999997
21.2423
21.06695
21.144525
21.299475
21.409125
21.145249999999997
21.2401
21.512525
21.411974999999998
21.44955
21.618450000000003
21.842674999999996
22.224550000000004
22.29595
22.297225
22.44775
22.172525
22.392725000000002
22.57155
22.894199999999998
22.429225000000002
22.137050000000002
22.414674999999995
22.54465
22.6327
22.20795
22.254800000000003
22.482925
22.313125
22.262225
22.498800000000003
22.695625
22.99095
23.186574999999998
23.510225000000002
23.57745
23.485049999999998
23.66155
23.828025
24.06685
24.234175
24.742199999999997
24.903575000000004
25.173
25.457
25.7404
26.202824999999997
26.1172
26.243724999999998
26.591299999999997
26.736700000000003
26.505200000000002
26.722
27.04125
26.913574999999998
26.7127
26.693375
26.09695
26.29905
26.400174999999997
26.124999999999996
26.143800000000002
26.335824999999996
26.543999999999997
26.774
26.9976
26.93
26.903925
27.187725
27.448125
27.802899999999998
28.125449999999997
28.472374999999996
28.727200000000003
29.250674999999998
29.399549999999998
29.737275
30.054325000000002
30.325775
30.62915
30.569775000000003
30.55675
30.812025000000002
30.811
30.736725
30.880625000000002
30.716325
30.70225
30.782749999999997
30.715899999999998
30.553625000000004
30.596300000000003
30.235449999999997
29.218625
27.466675000000002
27.609625
27.470025
27.114825
27.357174999999998
27.38925
27.07255
26.409124999999996
25.44035
25.2496
24.628575000000005
24.7957
24.68455
24.4851
24.325575
24.321725
24.2185
24.05555
23.941975
23.88245
23.828624999999995
23.718700000000002
23.985225000000003
23.849999999999998
23.684350000000002
23.27325
23.51185
23.424925
23.1886
23.34035
23.171100000000003
23.185375000000004
23.258225
23.435
23.108575000000002
23.48995
23.588699999999996
23.560450000000003
23.517674999999997
23.562424999999998
23.737700000000004
23.753875
23.73065
23.8416
24.100025000000002
24.00065
24.513524999999998
24.68415
24.722900000000003
24.905075
24.782825000000003
25.093024999999997
24.746975
25.038
24.51815
24.331625000000003
24.645649999999996
24.93265
24.7991
25.1954
25.50675
25.934025
26.10455
26.276600000000002
26.69845
26.8742
26.8637
27.02515
26.900000000000002
27.023124999999997
27.1136
27.202925
27.1716
27.556449999999998
27.41095
27.765475
27.81175
27.616475
26.858150000000002
26.6697
26.333125000000003
26.586149999999996
26.0549
26.3901
26.288475
26.15305
26.0929
25.97855
25.79995
25.176550000000002
25.429625000000005
25.249675
25.79985
26.08475
26.240425
26.413225
26.2639
26.670675000000003
26.8704
26.853724999999997
27.10545
26.8095
27.295975
27.4556
26.80895
26.762725
26.56755
26.836975
26.677025
26.237375
25.352149999999998
25.682624999999998
25.788525
25.06335
25.202375
24.824625
24.692325000000004
24.124750000000002
24.246750000000002
24.04205
24.518375
24.654625
24.777675000000002
24.91675
24.925250000000002
25.188374999999997
25.2461
24.958975
24.391025
24.3692
23.844575
23.452525
23.4691
23.197674999999997
23.162125
23.219400000000004
23.388675
23.4556
23.81415
23.6325
24.035574999999998
24.111625
24.259025
24.571424999999998
24.250875
24.730299999999996
25.11835
25.259975
25.515650000000004
25.71555
25.819050000000004
25.760749999999998
26.024325000000005
25.766225000000002
25.549225000000003
25.384024999999998
25.17745
25.482725
25.5044
24.630225
24.477375
24.0588
23.737375
23.693875000000002
23.689774999999997
24.02985
24.0731
24.37185
24.566825
24.794100000000004
24.70865
25.105825
25.52305
25.684325
25.66235
25.827675
25.3765
25.112375
25.17905
24.529700000000002
24.684124999999998
24.253625
24.392025000000004
23.9386
24.168474999999997
23.804825000000005
23.744125
23.108349999999998
23.030450000000002
22.378749999999997
22.158175
21.63695
21.727299999999996
21.092575000000004
21.3215
20.927175
20.978050000000003
20.600675
20.985975
20.941700000000004
21.00415
20.775975000000003
20.976200000000002
21.041975
20.600925
20.853349999999995
20.914450000000006
21.092025
20.900100000000002
21.1356
21.084125
21.1709
21.149350000000002
20.900825
21.100199999999997
20.941824999999998
20.816100000000002
20.563925
20.095225
20.100025
19.395050000000005
19.784000000000002
19.82095
19.3831
19.573175
19.546475
20.087574999999998
20.2878
19.968224999999997
20.185675
19.93385
19.9172
20.178575000000002
19.780524999999997
19.898175000000002
19.59785
19.549
19.162300000000002
19.05955
18.728650000000002
18.699275
18.437350000000002
18.23715
17.995374999999996
17.793174999999998
17.165049999999997
17.452924999999997
17.463375
17.167524999999998
17.270625
16.9524
16.902925000000003
17.16265
17.2379
17.630274999999997
17.247675
17.290875
16.82245
17.1876
17.250875
17.391875
17.195874999999997
17.563750000000002
17.908749999999998
18.059375
18.181825000000003
17.855700000000002
17.984949999999998
17.5074
17.553224999999998
17.118850000000002
17.109350000000003
16.663700000000002
16.9796
16.959574999999997
16.914475000000003
16.783625
17.190125000000002
17.541975
17.732850000000003
18.205675
18.064625
18.559649999999998
18.511825
18.134600000000002
18.2973
18.313975000000003
18.80985
19.050125
18.827575
19.258000000000003
19.148675
19.12895
19.38765
19.437450000000002
19.42685
18.810925000000005
18.645374999999998
18.14255
18.000925
17.548725
17.563025
17.44435
17.433625
17.597350000000002
17.385825
17.54525
17.518325
17.926
17.912750000000003
17.574575
17.820775
17.974674999999998
17.44075
17.79355
17.92865
18.237250000000003
18.4992
18.670525
18.1752
18.440025000000002
18.467325
18.1214
17.7199
17.825925
17.80205
18.195249999999998
18.214275
17.919874999999998
18.239224999999998
18.390749999999997
18.721275000000002
18.782949999999996
18.313175
17.854575
18.10125
18.267174999999998
18.290549999999996
18.68205
18.606125000000002
18.887850000000004
18.589475000000004
18.93415
18.774350000000002
18.655775
18.788425
18.839325
18.663125
18.05565
18.457575
18.73215
18.792624999999997
19.281325
19.64525
19.80995
19.826974999999997
19.310750000000002
19.479975000000003
19.3354
19.67555
19.660024999999997
19.580750000000002
19.762950000000004
19.57955
20.002399999999998
20.04335
20.6507
20.957050000000002
20.744374999999998
21.042199999999998
20.804575000000003
20.878375000000002
20.858574999999995
20.878950000000003
20.147075
19.947650000000003
19.800824999999996
20.128200000000003
19.837500000000002
19.8184
20.02625
20.0858
20.19935
20.528375
19.993825
19.962425
19.326825000000003
18.6635
17.801849999999998
17.859524999999998
17.661625
17.431800000000003
17.431925
17.834500000000002
18.132299999999997
18.2515
18.416824999999996
18.293274999999998
18.686475
18.722974999999998
18.751425
18.730825000000003
18.212549999999997
18.232525000000003
18.131225
18.535424999999996
18.555449999999997
18.100649999999998
18.379
18.7052
18.90295
19.186125000000004
19.302725
19.026124999999997
18.094724999999997
18.131275000000002
17.90295
17.566000000000003
17.416350000000005
17.882175
17.967575000000004
17.65945
17.935775
17.921375
18.376725
18.641025000000003
18.749825
18.785675
18.8229
18.848749999999995
18.4883
18.717025
18.774475
19.28245
19.419675
19.229950000000002
19.482000000000003
19.342950000000002
19.446450000000002
19.443550000000002
19.424225
18.752775
19.085350000000005
19.34175
19.469125
19.938925
20.30375
20.40055
20.356825
19.782675
19.894724999999998
19.876024999999995
19.665899999999997
19.197275
19.38715
19.34065
19.235400000000006
19.365399999999998
19.31365
19.648125
19.257150000000003
19.051674999999996
19.229
18.957700000000003
19.11795
19.105249999999998
19.360450000000004
19.043300000000002
19.272074999999997
19.229525000000006
19.7479
20.060025
20.139674999999997
20.039575
19.143649999999997
19.439075
19.658175000000004
19.664575
19.846675
19.679875000000003
19.593375
19.5955
19.823275
20.052925
20.169600000000003
20.516775
20.79345
20.76605
20.388650000000002
20.69955
20.495275
20.419350000000005
19.87375
20.008074999999998
19.851375
20.206175
20.327824999999997
19.619625000000003
20.048775
20.357775000000004
20.387874999999998
20.842975000000003
20.73655
21.27545
20.998000000000005
19.751775
19.996725000000005
20.198725
20.0406
19.4869
19.375
19.487900000000003
19.44955
19.5437
19.532025
19.791575
19.787899999999997
19.8215
19.617
20.054375
20.324875
20.337925
20.80455
20.993025
20.611275
20.837525
20.830225
20.686375
20.974125
21.003375000000002
21.163224999999997
20.503775
20.476274999999998
20.372149999999998
20.869925
21.261525000000002
21.411550000000002
21.66425
21.468425
21.751949999999997
21.50475
21.385575
20.7184
20.599125
19.907375
20.01265
19.988274999999998
20.277225
20.570675
21.003300000000003
20.801125000000003
20.72665
20.999699999999997
20.9339
20.800800000000002
20.11825
20.338125
20.35255
20.089225
19.686625000000003
19.475824999999997
19.82265
20.3516
20.637249999999998
20.6037
21.0527
21.576949999999997
21.660275000000002
21.316525
21.635925
21.9052
21.831174999999998
22.340124999999997
22.5743
22.172700000000003
22.437475
22.72505
22.736199999999997
23.090474999999998
23.53925
19.908800000000003
18.4705
18.756375
18.829975000000005
19.03755
18.8924
19.114775
18.94435
19.301125000000003
19.788549999999997
20.117974999999998
20.478250000000003
20.93475
21.4102
21.930125
22.995300000000004
23.129699999999996
23.213649999999998
23.292599999999997
22.774800000000003
22.260075
21.955
20.656399999999998
19.646300000000004
18.357925
16.695475000000002
15.5
14.407525
13.444624999999998
13.716375000000001
13.002750000000002
13.430325
13.858325
14.233624999999998
14.582725
14.796525
14.570124999999999
14.997599999999998
15.379825
15.309275
15.757100000000001
16.095725
16.47485
12.48885
12.08525
12.332975
12.500449999999999
12.821275
13.1305
13.292125
13.14765
13.428225000000001
13.717899999999998
14.07425
13.584349999999999
12.30335
12.61735
12.915799999999999
13.235750000000001
13.625225
14.052425
14.462625000000001
14.90955
14.771049999999999
15.1571
15.366125
15.440624999999999
15.588149999999999
15.689275
16.0509
15.83045
15.1971
15.340499999999999
15.7681
16.177249999999997
16.56775
16.912
17.173925
17.105625
17.380950000000002
17.8109
18.371375
18.85935
19.474775
19.776300000000003
19.4998
19.916725000000003
20.33005
20.901625
18.387800000000002
15.4411
15.590724999999999
15.742225000000001
15.918675
16.148625
16.450725000000002
16.768275
17.25385
17.348575
16.202800000000003
16.345200000000002
16.65745
16.978025
17.243275
17.6598
14.284600000000001
13.207449999999998
13.37805
13.413025
13.63555
13.843300000000001
13.5829
13.8429
13.663075
13.910250000000001
14.2185
14.415
14.756274999999999
14.980125
14.5505
14.878725000000001
15.389225000000001
15.947450000000002
16.51065
17.111825
16.312825
16.087775
15.63585
15.616475
15.658150000000001
15.555625
15.761025
15.149899999999999
15.504125
15.425
15.78885
16.2014
16.65445
17.096825
15.073599999999999
13.974525
14.2447
14.424725
14.671025
14.978675
15.349924999999999
15.705900000000002
16.1067
12.86595
12.245150000000002
12.32395
12.38345
12.560925
12.833874999999999
13.19745
13.626100000000001
14.024025
14.429825
14.886824999999998
15.267225
15.715150000000001
15.975999999999999
16.405275
16.8833
17.31685
17.846175000000002
17.965349999999997
17.710575
18.077350000000003
18.4947
19.02265
19.347125000000002
19.244575
19.6267
19.946475
19.7453
19.71025
18.962750000000003
19.18675
19.174249999999997
18.22025
14.639725
14.698050000000002
14.97715
14.868950000000002
15.25105
15.633275
16.072699999999998
14.459874999999998
13.9124
13.567200000000001
13.542825
13.563099999999999
13.234624999999998
13.25615
12.8202
13.034875000000001
12.973125000000001
13.261325
13.6245
14.006275
14.302924999999998
14.780625
15.068825000000002
15.4594
15.850150000000001
16.211875
16.538525
17.076575000000002
17.340349999999997
17.7474
18.220424999999995
18.710949999999997
19.36515
19.219974999999998
18.322624999999995
18.585299999999997
18.951549999999997
19.3982
16.39285
15.013225
15.299475
15.5172
15.846250000000001
15.764825
16.0857
16.398875
16.60905
17.00715
17.151825
17.4643
17.908975
18.239375000000003
18.3625
18.747125
19.075175
19.169825
19.518575000000002
19.568125000000002
19.6686
19.569525000000002
19.97565
19.992625
19.528875
19.908625
20.0298
19.226075
19.33505
19.0406
15.728449999999999
14.628775000000001
14.81485
14.908249999999999
15.019850000000002
14.861
15.01015
15.082450000000001
15.267574999999999
15.295925
15.543050000000001
15.512225
15.649925
15.6514
15.964450000000001
16.354300000000002
16.4091
16.7733
17.133175
13.881675000000001
13.721449999999999
13.974350000000001
14.2372
14.586775
14.503625000000001
14.547425
14.5367
14.861025
15.28075
15.722499999999998
16.333425000000002
16.379125
14.989325
15.216650000000001
15.57135
15.913899999999998
16.29085
16.524275000000003
16.488575
16.57505
16.639175
16.524225
16.980150000000002
17.549025
17.768375
17.74145
18.11005
18.465799999999998
18.916075
15.516875
14.804699999999999
15.048
15.488074999999998
15.7974
15.76635
16.0339
15.997075
16.2933
16.170675000000003
16.1118
15.164824999999999
15.320225
15.390450000000001
15.149550000000001
15.311
15.56235
15.702275
15.685575
15.872725
16.182000000000002
16.192700000000002
16.718775
16.152025000000002
14.148724999999999
14.3895
14.6722
14.90025
14.790724999999998
15.123450000000002
15.410125
15.815624999999999
16.097849999999998
15.963349999999998
16.157975
16.52545
17.0288
17.46795
17.47745
17.8151
18.124425000000002
18.11995
18.2883
18.173524999999998
18.26285
17.838225
18.0889
18.252425000000002
18.136649999999996
18.357200000000002
18.3023
16.726725
16.357325
16.496624999999998
16.541425000000004
16.156100000000002
16.094725
16.090775
15.44245
15.60645
15.4222
15.463750000000001
15.86685
16.311700000000002
13.476824999999998
12.724699999999999
12.966975
13.092749999999999
13.119024999999999
12.8373
12.990425
12.899799999999999
13.173050000000002
13.586600000000002
13.867825
14.343874999999999
14.803125
15.274575
15.802774999999999
15.830325000000002
16.08455
16.231375
16.4543
16.76825
16.41315
15.1922
13.937650000000001
12.97465
11.859375
10.983400000000001
10.313
10.410575
9.310075000000001
9.496200000000002
9.746125000000001
9.95485
9.777249999999999
9.964775000000001
10.30025
10.707950000000002
10.95035
10.628175
10.941225
11.23485
11.146725000000002
11.434624999999999
11.759174999999999
12.149625000000002
10.136775000000002
9.179425
9.04155
9.2477
9.578275000000001
10.027725
10.3109
9.979899999999999
10.260025
10.46565
10.71685
11.023249999999999
11.449349999999999
11.453149999999999
11.254275
11.7097
12.148699999999998
12.6873
13.00795
12.341325000000001
12.611624999999998
12.950474999999999
13.428475
13.712625
13.189099999999998
13.343075
13.6074
13.9676
14.421249999999999
14.726325
13.639875000000002
13.85785
14.10835
13.492824999999998
13.6839
14.001725
11.860925
11.169749999999999
11.418725
11.72425
12.096125
12.518125000000001
12.932
13.3373
13.720225000000001
14.106125
13.574875
11.8167
11.957975000000001
12.2738
12.2559
12.463199999999999
11.5064
11.6281
11.950524999999999
11.9961
11.9907
10.649175
10.639875
10.745775
10.683650000000002
11.0114
11.441574999999998
11.705175
12.060925000000001
12.132275
12.320825
11.8617
12.102525000000002
12.344149999999999
12.225175
12.32535
12.1564
12.565975000000002
12.941650000000001
13.487499999999999
13.7195
14.0501
14.354149999999999
13.4781
12.5428
11.279649999999998
10.02795
8.682775
8.13695
7.563649999999999
7.65735
6.993575
7.3217
7.514349999999999
7.8439
7.947325
7.911425
7.1956750000000005
7.3702749999999995
7.688524999999999
8.042774999999999
8.3857
8.71015
9.128525
8.599525
8.026225
8.2499
8.583475
8.9339
9.308275
9.687975
9.993350000000001
10.316624999999998
10.3598
9.975625
10.25595
10.24445
10.579825
10.932575
11.113549999999998
11.41195
11.454025
11.856874999999999
12.430525000000001
12.575149999999999
12.3252
12.671875
12.998825
12.952075
12.470825
10.628874999999999
10.638125
10.8535
11.084325
11.355224999999999
11.692675000000001
12.046825
10.375575
9.62045
9.571025
9.833775
10.055725
9.8032
9.739575
9.098850000000002
9.40655
9.677299999999999
9.984725000000001
10.27395
10.609224999999999
10.510325
10.811425000000002
10.982000000000001
11.050524999999999
10.313424999999999
9.38235
8.6696
7.846175
7.3648
6.84635
6.637099999999999
6.218625
6.102625
5.910875000000001
6.0565750000000005
5.633575
5.5656
5.145975
5.431800000000001
5.786575000000001
6.105524999999999
6.1537999999999995
6.419325
6.639749999999999
6.4688
6.527375
6.513400000000001
6.831825
7.1714
7.2116
7.4906999999999995
7.8175
7.7862
7.304424999999999
7.517050000000001
7.577875
7.949374999999999
8.285699999999999
8.269225
8.474200000000002
8.664325
8.255225
8.473650000000001
7.9876249999999995
7.83965
7.116725
7.4081
7.841800000000001
8.271075000000002
8.60965
9.006975
8.01265
7.465750000000001
7.583175000000001
7.801975
7.7566749999999995
7.8949
8.286850000000001
8.44885
7.1640250000000005
7.0107
7.1442
7.4211
7.627275
7.72945
8.0182
8.18715
8.434275
8.1469
8.29745
8.313425
8.37915
8.472825
7.999125
8.13525
8.0853
8.133175
8.464525
8.928299999999998
8.756725
8.0856
8.221250000000001
8.466650000000001
8.777099999999999
8.9682
8.826225
9.1418
9.479975000000001
9.349700000000002
9.485999999999999
9.024075
8.971825
8.357525
8.667325
8.71015
8.95355
9.086475
9.388100000000001
9.6623
9.166725
9.30545
8.981775
8.833350000000001
7.794800000000001
8.01545
8.056149999999999
8.433724999999999
8.82915
9.302449999999999
9.155425
9.296025000000002
9.380625
9.1762
8.117625
7.149075
6.6435
6.021075
5.703525
5.213825000000001
4.903675000000001
4.735525
4.580875000000001
4.4795
4.5055000000000005
4.541650000000001
4.426924999999999
4.182650000000001
4.266825
4.15435
4.38555
4.5371999999999995
4.05485
4.049799999999999
4.22335
4.474225
4.444925
4.71275
4.84
5.186525
5.447825
5.72815
5.9366
6.279649999999999
6.6316
6.760350000000001
6.603199999999999
6.058000000000001
5.700849999999999
4.866475000000001
4.564475000000001
4.42375
4.4327749999999995
4.297425
4.290125
4.2546
4.25085
4.0958749999999995
4.007275
4.044825
4.2109000000000005
4.237125
4.372025
4.407875
3.7965000000000004
3.9575749999999994
4.218749999999999
4.3586
4.159525
4.1789250000000004
4.1495
4.302325000000001
4.386225
4.303875
4.449775000000001
4.4823249999999994
4.822749999999999
5.008024999999999
4.7459
4.3988000000000005
4.041775
4.237375
4.3367
4.50295
4.7931
4.773025
3.795175
3.6889
3.86805
4.030475
4.171825
4.2241
4.1532
4.138775
4.196625
4.095175
3.9731249999999996
3.6773749999999996
3.7858
3.706475
4.000275
4.15725
3.5301750000000003
3.6704250000000003
3.931225
4.1532
4.04925
3.892725
3.86735
3.8191249999999997
3.870825
3.7570500000000004
3.9
3.819275
4.075725
4.273775
3.9163750000000004
3.7726
3.93655
4.109275
4.046125
4.295075000000001
4.387425
4.56025
4.018025
4.182475
4.40045
4.4788
4.20755
4.303875
4.297
4.48735
4.7251
4.649925
3.63715
3.4555499999999997
3.65175
3.790925
3.57125
3.59085
3.568475
3.43545
3.556
3.51215
3.5797000000000003
3.6228749999999996
3.773425
3.662225
3.583975
3.4661
3.6568750000000003
3.8692
4.029825000000001
3.896875
4.046725
3.9715749999999996
4.109775
4.0165999999999995
3.597525
3.482275
3.6343250000000005
3.8248
3.870425
4.182375
4.374124999999999
4.411950000000001
3.9927500000000005
4.1358999999999995
4.4002
4.5065
4.193625
4.375125
4.171500000000001
4.092625000000001
3.8797750000000004
3.399725
3.33795
3.5265
3.7649999999999997
3.6789499999999995
3.7315
3.5373249999999996
3.5075250000000002
3.677525
3.3464250000000004
3.21405
3.0399499999999997
3.2310499999999998
3.39755
3.5095250000000004
3.3542
3.2646
3.0900499999999993
3.3183000000000002
3.6247
3.6642249999999996
3.6153
3.5385000000000004
3.6297750000000004
3.6159250000000003
3.7870250000000003
4.052975
3.9945749999999998
3.601125
3.5888000000000004
3.8564
4.02775
3.7847750000000002
3.935725
3.9409
3.7609749999999997
3.018825
3.106875
3.2281000000000004
3.3190500000000003
3.2632999999999996
3.1878500000000005
3.2447
3.279575
3.3232500000000003
3.336225
3.3112999999999997
3.2098750000000003
3.3352750000000007
3.3372499999999996
3.2481250000000004
3.168425
3.3172749999999995
3.483225
3.63325
3.73205
3.802075
3.482775
3.39615
3.5267999999999997
3.56465
3.38265
3.4096
3.4831250000000002
3.5860250000000002
3.2932
3.2934499999999995
3.48875
3.4744
3.423425
3.5164250000000004
3.592975
3.604675
3.7069999999999994
3.71395
3.8022250000000004
3.761275
3.56065
3.4969499999999996
3.668625
3.7432999999999996
3.90475
3.663875
3.509075
3.3776500000000005
3.4614249999999998
3.522175
3.6645
3.588025
3.462675
3.4536249999999997
3.53925
3.5197
3.4420500000000005
3.5525249999999997
3.5582000000000003
3.58065
3.165325
3.2616500000000004
3.3888749999999996
3.2731500000000002
3.121975
3.14265
3.144025
3.1673
3.094525
3.008975
3.1042749999999995
3.1461
3.2856
3.4197999999999995
3.13245
3.2228250000000007
3.349625
3.351225
3.255275
3.130625
3.0106499999999996
3.113475
3.096325
3.1497249999999997
3.0210749999999997
2.8844749999999997
3.087075
3.278975
3.402775
3.408325
3.1654
3.108575
3.2867749999999996
3.4883750000000004
3.477925
3.6048500000000003
3.612925
3.6446
3.579575
3.549975
3.6195
3.5662000000000003
3.6717500000000003
3.6142249999999994
3.4048249999999998
3.2612500000000004
3.326525
3.244425
3.298425
3.326775
3.2400749999999996
3.15015
3.3418
3.471125
3.648925
3.6261000000000005
3.5885
3.4828749999999995
3.657775
3.7535250000000002
3.8391
3.902675
3.462625
3.551875
3.6582
3.616725
3.5378
3.583
3.6511750000000003
3.5058
3.4983500000000003
3.5239
3.464575
3.4051500000000003
3.5277249999999998
3.54115
3.4729
3.3718749999999997
3.46495
3.4766
3.6585000000000005
3.63605
3.376725
3.23155
3.413875
3.4935249999999995
3.490975
3.519125
3.504975
3.4637000000000002
3.582675
3.63715
3.5934500000000003
3.6481500000000002
3.414775
3.3364750000000005
3.4681
3.5149500000000007
3.522875
3.50695
3.4373
3.311275
3.385375
3.3061000000000003
3.3617250000000003
3.3371
3.2385499999999996
3.120325
3.2891749999999997
3.2718
3.321025
3.39075
3.172625
3.018725
3.17415
3.343975
3.2631749999999995
3.348275
3.3195500000000004
3.0929
2.9372000000000003
3.108625
3.2434749999999997
3.2487250000000003
3.351475
3.3828750000000003
3.13075
3.04285
3.2185000000000006
3.3333749999999998
3.1499249999999996
3.34775
3.2960499999999997
3.419325
3.2514250000000002
3.187625
3.1322499999999995
3.2661499999999997
3.23455
3.3085
3.26135
3.3510750000000002
3.2616
3.3724999999999996
3.331575
3.3713500000000005
3.30855
3.489275
3.63755
3.6391500000000003
3.61505
3.749125
3.53845
3.5904999999999996
3.51325
3.59055
3.6445750000000006
3.718075
3.6335499999999996
3.6268750000000005
3.6376
3.69995
3.6343
3.73975
3.5908249999999997
3.565
3.563575
3.6427750000000003
3.53275
3.45455
3.533625
3.426525
3.2782500000000003
3.486875
3.6894
3.6457250000000005
3.6919750000000002
3.7498750000000003
3.688875
3.52385
3.466525
3.6527499999999997
3.7559
3.72465
3.676
3.686325
3.652125
3.7162499999999996
3.8021000000000003
3.9835000000000003
3.9396
3.85555
3.477025
3.588475
3.6054
3.6343500000000004
3.63225
3.3909499999999997
3.1784999999999997
3.19155
3.1065750000000003
3.175275
3.2089000000000003
3.276475
3.2575749999999997
3.3850749999999996
3.34945
3.5236500000000004
3.5842750000000003
3.5536
3.33115
3.48655
3.532175
3.5410000000000004
3.73405
3.958825
3.8739500000000002
3.9711
4.058949999999999
4.2168
4.274749999999999
4.28985
4.246525
4.360449999999999
4.325075
4.5132
4.563124999999999
4.17275
3.6845
3.7759000000000005
3.934025
3.9206
4.047225
4.1746
4.040125
3.8426500000000003
3.648625
3.72435
3.5947
3.621525
3.4489249999999996
3.46785
3.3918749999999998
3.522075
3.548775
3.50695
3.589075
2.9514499999999995
2.93025
3.093525
3.1555999999999997
3.175125
3.3316250000000003
3.1632249999999997
3.21345
3.39525
3.4055750000000002
3.3850249999999997
3.1411000000000002
3.2471
3.4676000000000005
3.66855
3.70975
3.6080750000000004
3.4602
3.5969
3.82115
3.962775
3.8966250000000002
3.931325
3.7867249999999997
3.9644250000000003
4.174075
4.267925
4.379825
4.529325
4.5371999999999995
4.619775
4.7047
4.79715
5.051550000000001
5.1659999999999995
4.83665
4.180350000000001
4.24535
4.383075
4.379775
4.501175
4.5727
4.41395
3.52745
3.556475
3.66495
3.7007
3.537625
3.43445
3.3451000000000004
3.2287250000000003
3.144725
3.2547
3.3930000000000002
3.3499250000000003
3.4671250000000002
3.52665
3.5252749999999997
3.439625
3.4210499999999997
3.289225
3.4392
3.514425
3.3760999999999997
3.4231999999999996
3.5569
3.4195
3.44665
3.43945
3.54705
3.5973
3.61555
3.5707750000000003
3.704075
3.84815
4.006925
3.9981
3.9532
3.75725
3.762875
3.67375
3.656575
3.605625
3.627725
3.6339750000000004
3.4450000000000003
3.511625
3.494725
3.367775
3.3905749999999992
3.3908
3.4712500000000004
3.39315
3.276875
3.0838500000000004
3.0990750000000005
3.1186499999999997
3.248925
3.298375
3.372625
3.4657499999999994
3.4553249999999998
3.495575
3.459
3.42035
3.27025
3.0475
3.0210000000000004
2.9724000000000004
3.0208999999999997
2.9960999999999993
3.11535
3.1578250000000003
3.140825
3.18615
3.3326
3.36205
3.481825
3.4041249999999996
3.487525
3.558875
3.5168
3.6504
3.7179
3.8157749999999995
3.761575
3.62555
3.4506250000000005
3.3947249999999998
3.370875
3.4417
3.48665
3.373825
3.231825
3.26735
3.199075
3.2412250000000005
3.3406000000000002