0.0002
0.00027499999999999996
0.0003
0.0003
0.000325
0.00039999999999999996
0.000625
0.0008500000000000002
0.0010999999999999998
0.0013000000000000004
0.0015749999999999998
0.001975
0.0024000000000000002
0.003025
0.0037749999999999997
0.0048
0.0060999999999999995
0.007649999999999999
0.009275
0.011225
0.0132
0.01535
0.017775
0.019749999999999997
0.021525000000000002
0.022774999999999997
0.02425
0.025525
0.0272
0.028525000000000002
0.030324999999999998
0.031975
0.033775
0.035225
0.036875
0.038125
0.03985
0.041375
0.043050000000000005
0.0446
0.0463
0.047775
0.04935
0.050875000000000004
0.05235
0.053525
0.054925
0.05612500000000001
0.05752499999999999
0.05885
0.0601
0.061200000000000004
0.062474999999999996
0.06355
0.06485
0.06584999999999999
0.06705
0.068075
0.0693
0.070275
0.07152499999999999
0.072525
0.0737
0.074625
0.0759
0.07675
0.0779
0.078775
0.07992500000000001
0.080725
0.0819
0.082625
0.083725
0.08455000000000001
0.08560000000000001
0.08635
0.087375
0.08802499999999999
0.08912500000000001
0.089875
0.090875
0.0916
0.0926
0.0933
0.094425
0.09519999999999999
0.096125
0.09677500000000001
0.09764999999999999
0.098325
0.09939999999999999
0.1
0.10094999999999998
0.10164999999999999
0.10254999999999999
0.103225
0.10429999999999999
0.10492499999999999
0.10579999999999999
0.106475
0.1073
0.10797499999999999
0.108925
0.10955
0.11042500000000001
0.11105000000000001
0.11185
0.11252500000000001
0.11347499999999999
0.11407500000000001
0.11489999999999999
0.11557500000000001
0.116425
0.11704999999999999
0.118
0.11862500000000001
0.11944999999999999
0.120075
0.1209
0.1215
0.12245
0.12299999999999998
0.12377500000000001
0.12434999999999999
0.125125
0.12567499999999998
0.126625
0.1271
0.127875
0.1285
0.1292
0.129825
0.130775
0.1313
0.132075
0.13265
0.13335
0.1339
0.13485
0.1353
0.136075
0.13665
0.1373
0.1379
0.13879999999999998
0.13929999999999998
0.140025
0.14055
0.141175
0.14175
0.142625
0.14302499999999999
0.143675
0.14425
0.14489999999999997
0.14545
0.14635
0.14679999999999999
0.147475
0.14805000000000001
0.1487
0.14925
0.1501
0.15055
0.15135
0.151875
0.152475
0.15294999999999997
0.153775
0.1542
0.15495
0.15555
0.156225
0.15664999999999998
0.15739999999999998
0.157925
0.15865
0.159175
0.159825
0.1603
0.161025
0.16155000000000003
0.1622
0.162825
0.16342500000000001
0.16397499999999998
0.16465
0.165025
0.16565
0.166225
0.16685
0.16735
0.1681
0.16852499999999998
0.1691
0.16954999999999998
0.1704
0.170825
0.17149999999999999
0.171925
0.17254999999999998
0.17304999999999998
0.17385
0.174275
0.17487499999999997
0.17527500000000001
0.175925
0.17645
0.177275
0.1777
0.17825
0.178725
0.179375
0.179875
0.180475
0.18107499999999999
0.18165
0.1822
0.18269999999999997
0.183275
0.183775
0.184525
0.185025
0.185475
0.185975
0.18655
0.18714999999999998
0.187625
0.18825
0.18867499999999998
0.18925
0.18969999999999998
0.19044999999999998
0.190825
0.19142499999999998
0.1918
0.192425
0.19285
0.1937
0.194075
0.19455
0.195
0.1956
0.196075
0.19669999999999999
0.19717500000000002
0.19780000000000003
0.198225
0.19890000000000002
0.199275
0.19995000000000002
0.200325
0.201025
0.2014
0.20202499999999998
0.20240000000000002
0.2031
0.20345000000000002
0.204075
0.20445
0.2051
0.205475
0.20620000000000002
0.20652500000000001
0.20705
0.20745000000000002
0.208075
0.2085
0.209325
0.209625
0.21015
0.21055000000000001
0.211175
0.2116
0.2122
0.212675
0.213125
0.213675
0.21415
0.214625
0.215075
0.21575
0.21612499999999998
0.21665
0.21710000000000002
0.217575
0.218025
0.218725
0.21907500000000002
0.2196
0.21999999999999997
0.2205
0.22105
0.221475
0.22205
0.22245
0.2229
0.22335
0.22390000000000002
0.224375
0.2248
0.225425
0.22582500000000003
0.22624999999999998
0.22665000000000002
0.227225
0.227725
0.228175
0.228725
0.229075
0.22965
0.230075
0.23072499999999999
0.23109999999999997
0.23157499999999998
0.231925
0.232475
0.232925
0.23347500000000002
0.233925
0.2344
0.23495000000000002
0.2354
0.235825
0.23622500000000002
0.23675
0.23725
0.23767500000000003
0.23812500000000003
0.238525
0.23905
0.239425
0.24002500000000002
0.2404
0.240825
0.241175
0.24169999999999997
0.24212499999999998
0.2426
0.24312499999999998
0.243475
0.243875
0.244325
0.2448
0.24527500000000002
0.2457
0.24614999999999998
0.24655
0.247
0.2474
0.24795
0.24832500000000002
0.24877500000000002
0.2491
0.249625
0.24999999999999997
0.250625
0.25095
0.251375
0.251675
0.25220000000000004
0.252575
0.253075
0.253475
0.254
0.254425
0.25487499999999996
0.25515
0.255675
0.256025
0.256525
0.256825
0.25732499999999997
0.25765
0.2582
0.258475
0.258925
0.259225
0.2597
0.260025
0.260575
0.260825
0.2612
0.261525
0.262025
0.262325
0.262775
0.262975
0.263325
0.263675
0.264125
0.264475
0.26495
0.26515
0.2655
0.26585
0.2663
0.2667
0.26699999999999996
0.26725
0.2676
0.267825
0.26827500000000004
0.2686
0.269075
0.269325
0.269675
0.27002499999999996
0.270475
0.270725
0.271175
0.27142499999999997
0.2717
0.271925
0.27242500000000003
0.272725
0.27307499999999996
0.27342500000000003
0.273675
0.273925
0.27427500000000005
0.27465
0.2751
0.275325
0.275625
0.275875
0.276325
0.27655
0.277
0.277175
0.27745
0.2777
0.27815
0.2785
0.278725
0.27905
0.279275
0.279625
0.279875
0.28025
0.28045
0.280725
0.280925
0.281125
0.28145
0.28179999999999994
0.2822
0.282425
0.28275
0.28295
0.2833
0.28352499999999997
0.28395000000000004
0.28415
0.28445
0.2846
0.284875
0.2851
0.28554999999999997
0.28584999999999994
0.286025
0.286325
0.28655
0.28695
0.28712499999999996
0.28759999999999997
0.287725
0.28795
0.288225
0.28855
0.288775
0.289025
0.2894
0.28959999999999997
0.289825
0.29005
0.290425
0.2908
0.29105
0.29132499999999995
0.29155
0.291825
0.2921
0.292375
0.2927
0.292875
0.29322499999999996
0.29332499999999995
0.293725
0.293925
0.29445
0.29455000000000003
0.294825
0.29505
0.29537499999999994
0.295725
0.295925
0.296275
0.2965
0.29677499999999996
0.29700000000000004
0.29745
0.29755
0.297825
0.298075
0.298425
0.2986
0.298975
0.299125
0.2993
0.29955
0.299875
0.3001
0.300575
0.3006
0.300775
0.30104999999999993
0.3014
0.30175
0.3019
0.302125
0.30235
0.302775
0.302925
0.30325
0.303325
0.3035
0.3038
0.3041
0.304475
0.30457500000000004
0.304925
0.305125
0.30555000000000004
0.30567500000000003
0.30605
0.30615
0.3064
0.3066
0.30695
0.307375
0.307475
0.30772499999999997
0.30795
0.30835
0.30847500000000005
0.308825
0.308925
0.3091
0.30932499999999996
0.30965
0.31005
0.310125
0.31042499999999995
0.31065
0.3111
0.311125
0.31155
0.311625
0.31182499999999996
0.312025
0.31237499999999996
0.31275
0.312825
0.3131
0.313325
0.31375000000000003
0.313825
0.3142
0.31425000000000003
0.314475
0.314675
0.315025
0.315425
0.315475
0.31575
0.316
0.31642499999999996
0.316525
0.3169
0.316925
0.31715
0.31735
0.3177
0.318
0.318075
0.3184
0.31865
0.319025
0.319175
0.3195
0.31955
0.319875
0.320075
0.3204
0.3206
0.321125
0.321125
0.32125
0.321475
0.32184999999999997
0.322125
0.32225000000000004
0.32255
0.322725
0.323025
0.323275
0.323675
0.3237
0.324075
0.32419999999999993
0.3246
0.32472500000000004
0.325225
0.325175
0.32537499999999997
0.3256
0.325925
0.326175
0.32622500000000004
0.326575
0.326725
0.327125
0.327225
0.32767500000000005
0.32765
0.327875
0.328125
0.32837500000000003
0.3287
0.328775
0.3291
0.329275
0.32967499999999994
0.3298
0.330225
0.3302
0.330425
0.330625
0.33092499999999997
0.331275
0.331325
0.33157499999999995
0.331825
0.33217500000000005
0.33230000000000004
0.332775
0.332725
0.3329
0.333
0.333375
0.33362499999999995
0.3337
0.334075
0.33414999999999995
0.33445
0.3347
0.334875
0.335225
0.33524999999999994
0.33555
0.3357
0.33615
0.336175
0.33665
0.3366
0.3368
0.33699999999999997
0.33729999999999993
0.337575
0.33767500000000006
0.33795000000000003
0.33805
0.33845
0.33855
0.33892500000000003
0.33892500000000003
0.33919999999999995
0.3394
0.339625
0.33980000000000005
0.3401
0.340275
0.34035
0.3406
0.34072500000000006
0.341125
0.34127500000000005
0.3416
0.34159999999999996
0.34185
0.342125
0.342375
0.3427
0.34275
0.34295
0.3431
0.343425
0.343525
0.344
0.343925
0.344225
0.344325
0.34465
0.34477499999999994
0.34495000000000003
0.34527500000000005
0.34535
0.34547500000000003
0.345775
0.3459
0.34627499999999994
0.34624999999999995
0.34655
0.3467
0.347075
0.3471
0.34750000000000003
0.347425
0.347975
0.34785
0.348075
0.34804999999999997
0.348475
0.34854999999999997
0.34892500000000004
0.3489
0.3494
0.34935
0.34959999999999997
0.349725
0.350075
0.35009999999999997
0.35055000000000003
0.350325
0.350725
0.350775
0.35109999999999997
0.351125
0.351525
0.351525
0.352125
0.35205000000000003
0.35222500000000007
0.35227500000000006
0.352625
0.352775
0.352975
0.353325
0.3533
0.35350000000000004
0.3538
0.353925
0.354325
0.354325
0.354525
0.354675
0.35505
0.355025
0.355525
0.355475
0.355675
0.3558
0.3561
0.3563
0.356375
0.356725
0.35674999999999996
0.35707500000000003
0.357225
0.35757500000000003
0.357625
0.357825
0.35795
0.358325
0.3584
0.35875
0.35867499999999997
0.35892500000000005
0.35907500000000003
0.3593
0.359575
0.359525
0.359825
0.35987499999999994
0.3603
0.360275
0.36075
0.360625
0.3609
0.36102500000000004
0.361275
0.361475
0.3616
0.36185
0.3619
0.36214999999999997
0.362325
0.362525
0.362625
0.363075
0.363075
0.36317499999999997
0.36325
0.36357500000000004
0.363725
0.363825
0.36415
0.364175
0.364375
0.36457500000000004
0.364825
0.3649
0.36535
0.3653
0.36545
0.36555
0.36587500000000006
0.36602500000000004
0.36607500000000004
0.366525
0.36655
0.36672499999999997
0.366825
0.367075
0.36724999999999997
0.36725
0.36777499999999996
0.36777499999999996
0.36787499999999995
0.368025
0.3683
0.368375
0.36869999999999997
0.36869999999999997
0.3691
0.36905
0.369275
0.369425
0.36985
0.369675
0.369925
0.37
0.370325
0.370275
0.37075
0.3706
0.37077499999999997
0.37085
0.37117500000000003
0.371325
0.37145
0.37175
0.37185
0.37195000000000006
0.37212500000000004
0.372325
0.372525
0.3725
0.373
0.37297500000000006
0.37312500000000004
0.37312500000000004
0.37345
0.373525
0.3737
0.37395
0.373975
0.374125
0.3743
0.37455000000000005
0.37465000000000004
0.374725
0.37510000000000004
0.37507500000000005
0.37529999999999997
0.37545
0.37570000000000003
0.375775
0.37615
0.376075
0.376175
0.37625
0.37660000000000005
0.376675
0.376925
0.377075
0.377125
0.37732499999999997
0.37742499999999995
0.377675
0.37770000000000004
0.3781
0.37805
0.37827500000000003
0.37825
0.3785
0.37862500000000004
0.3789
0.3789
0.37945
0.37932499999999997
0.379425
0.37945
0.3798
0.3799
0.38
0.380325
0.38027500000000003
0.380425
0.3806
0.380775
0.38095
0.380975
0.38137499999999996
0.38134999999999997
0.381575
0.38165000000000004
0.382
0.38192499999999996
0.382175
0.382175
0.3825
0.38245
0.382875
0.38275000000000003
0.382925
0.382975
0.38327500000000003
0.3833
0.38354999999999995
0.38382499999999997
0.38385
0.38395
0.384
0.38422500000000004
0.38435
0.384575
0.38454999999999995
0.38492499999999996
0.38495
0.38512500000000005
0.38539999999999996
0.38539999999999996
0.385725
0.3857
0.385975
0.385975
0.3864
0.38625
0.386475
0.38655
0.386825
0.38684999999999997
0.38702499999999995
0.387375
0.387375
0.38745
0.38755
0.387725
0.38789999999999997
0.3879
0.38825
0.38817499999999994
0.38839999999999997
0.3885
0.38885000000000003
0.388725
0.38905
0.388975
0.38925
0.389225
0.38965
0.389525
0.38975
0.38977500000000004
0.3901
0.390025
0.390475
0.39025
0.390475
0.390525
0.39085000000000003
0.39080000000000004
0.3912
0.391075
0.39135000000000003
0.391375
0.3916
0.39165
0.39199999999999996
0.39185
0.39215
0.3922
0.392425
0.392425
0.39285
0.392625
0.39282500000000004
0.39287500000000003
0.39315
0.39315
0.393475
0.393375
0.39360000000000006
0.393775
0.39385000000000003
0.394125
0.394175
0.39437500000000003
0.394475
0.394725
0.3947
0.394975
0.39494999999999997
0.395075
0.39515
0.395425
0.395425
0.39570000000000005
0.395675
0.39577500000000004
0.39585000000000004
0.396125
0.396075
0.396175
0.396575
0.3965
0.396625
0.39675
0.39699999999999996
0.39699999999999996
0.39732500000000004
0.39722499999999994
0.39737500000000003
0.3975
0.3977
0.39785
0.397875
0.39814999999999995
0.39817499999999995
0.3984
0.3984
0.398725
0.3986
0.398825
0.398825
0.3991
0.39912499999999995
0.39945
0.399325
0.399475
0.39955
0.39975
0.3999
0.39990000000000003
0.4002
0.400175
0.4004
0.40045
0.400775
0.40070000000000006
0.4009
0.40087500000000004
0.4012
0.4012
0.40152499999999997
0.4014
0.401625
0.40169999999999995
0.4019
0.40195
0.40215
0.402075
0.40237500000000004
0.40235
0.40242500000000003
0.40242500000000003
0.402775
0.402675
0.402925
0.40304999999999996
0.40299999999999997
0.403225
0.4033
0.40349999999999997
0.40355
0.403925
0.40380000000000005
0.40395000000000003
0.404
0.4042
0.40427500000000005
0.40435
0.404625
0.40465
0.404725
0.404775
0.405
0.40505
0.40535
0.4052
0.4053
0.40535
0.405625
0.405725
0.40582500000000005
0.406075
0.406075
0.406175
0.40625
0.4064
0.4065
0.40654999999999997
0.406925
0.40685
0.406975
0.40695
0.40727500000000005
0.40725
0.40754999999999997
0.4074
0.40755
0.4076
0.4079
0.4079
0.40807499999999997
0.40825
0.408225
0.408375
0.40845000000000004
0.40865
0.40867499999999995
0.408875
0.40885
0.40917499999999996
0.40915
0.40925
0.40925
0.40950000000000003
0.40955
0.409675
0.40995
0.409875
0.41002500000000003
0.410125
0.41025
0.41032499999999994
0.41059999999999997
0.4105
0.410775
0.410725
0.41090000000000004
0.41090000000000004
0.41125
0.41105
0.411275
0.411325
0.411475
0.411475
0.41185
0.41169999999999995
0.411925
0.411925
0.41215
0.41209999999999997
0.4125
0.41222500000000006
0.4125
0.4125
0.412675
0.412675
0.413075
0.4128
0.413025
0.41305
0.41327499999999995
0.413275
0.4136
0.4134
0.41385000000000005
0.4137
0.41390000000000005
0.413825
0.414175
0.41405000000000003
0.4143
0.414275
0.414625
0.41450000000000004
0.41475
0.41465
0.41505
0.4149
0.41517499999999996
0.41512499999999997
0.41542500000000004
0.41535
0.41569999999999996
0.41552500000000003
0.415775
0.415775
0.41605000000000003
0.41595000000000004
0.41635
0.416175
0.416375
0.416325
0.41664999999999996
0.41657500000000003
0.416825
0.416725
0.417
0.41695
0.41712499999999997
0.41709999999999997
0.41747500000000004
0.4173
0.41759999999999997
0.4175
0.417725
0.417675
0.418
0.4179
0.418225
0.418125
0.41824999999999996
0.41819999999999996
0.41862499999999997
0.418425
0.418775
0.41865
0.418975
0.418925
0.41917499999999996
0.41910000000000003
0.41945
0.41925
0.4195
0.419475
0.41975
0.4197
0.420075
0.41985
0.4201
0.42010000000000003
0.42035
0.42027499999999995
0.42057500000000003
0.420375
0.42064999999999997
0.4206
0.42084999999999995
0.42084999999999995
0.42125
0.420975
0.4212
0.421225
0.421425
0.421375
0.4217
0.4215
0.42187499999999994
0.42175
0.422
0.422
0.4222250000000001
0.42214999999999997
0.42242500000000005
0.42235
0.4227
0.42255
0.4228
0.422725
0.42305
0.422975
0.42324999999999996
0.42314999999999997
0.423375
0.42329999999999995
0.4237
0.423475
0.42369999999999997
0.423675
0.42395
0.42385
0.42425
0.42400000000000004
0.42425
0.42422499999999996
0.4245
0.42445
0.42485
0.4246
0.424825
0.4248
0.42507500000000004
0.425
0.425375
0.42512500000000003
0.425375
0.42535
0.42557500000000004
0.425525
0.42584999999999995
0.42569999999999997
0.42600000000000005
0.425925
0.42615000000000003
0.42610000000000003
0.4265
0.4262
0.42645
0.426425
0.426675
0.42657500000000004
0.42695
0.42674999999999996
0.42705
0.427
0.4272
0.42715
0.42752500000000004
0.42722499999999997
0.4275
0.4275
0.4277
0.427675
0.42807500000000004
0.427725
0.42797500000000005
0.427925
0.42817500000000003
0.42815000000000003
0.428475
0.42819999999999997
0.4284
0.428375
0.4286
0.42855
0.428925
0.42869999999999997
0.42894999999999994
0.428925
0.42915000000000003
0.429175
0.42955
0.4293
0.42955
0.4295
0.42974999999999997
0.4297
0.43
0.429825
0.430075
0.43
0.43019999999999997
0.4302
0.430525
0.43035
0.430575
0.43055
0.430725
0.43065
0.43105
0.430775
0.431025
0.431025
0.43117500000000003
0.431125
0.431575
0.43125
0.4315
0.43147500000000005
0.43167500000000003
0.43162500000000004
0.431925
0.43170000000000003
0.43195
0.431925
0.43215
0.4321
0.43245
0.4322
0.43247499999999994
0.43247499999999994
0.43267500000000003
0.43262500000000004
0.432925
0.43275
0.43295000000000006
0.432925
0.433125
0.4331
0.43345
0.43320000000000003
0.4334
0.433425
0.433625
0.433575
0.43395000000000006
0.433625
0.43390000000000006
0.43395000000000006
0.43415000000000004
0.43410000000000004
0.434425
0.434175
0.43445
0.4344
0.43455
0.434525
0.4349
0.43462500000000004
0.434875
0.43485
0.435025
0.435
0.435325
0.435025
0.435225
0.435275
0.435475
0.43545
0.4357
0.43565
0.43579999999999997
0.435875
0.43594999999999995
0.436025
0.43620000000000003
0.436075
0.43635
0.43629999999999997
0.436425
0.4364
0.436625
0.436525
0.4367
0.4367
0.436875
0.436775
0.437025
0.43695
0.437225
0.43715
0.4374
0.4373
0.43752499999999994
0.43742499999999995
0.43772500000000003
0.4376
0.43784999999999996
0.437775
0.43805000000000005
0.43795
0.43822500000000003
0.43807500000000005
0.43827499999999997
0.43820000000000003
0.438525
0.438375
0.43865
0.438525
0.43875
0.43865
0.43894999999999995
0.43882499999999997
0.43909999999999993
0.438975
0.43920000000000003
0.43909999999999993
0.439475
0.4393
0.43952500000000005
0.439425
0.43967500000000004
0.43957500000000005
0.4399
0.43970000000000004
0.43995
0.43985
0.4401
0.440025
0.44034999999999996
0.44015
0.44039999999999996
0.44032499999999997
0.44062500000000004
0.440525
0.44077500000000003
0.44065
0.4409
0.44077500000000003
0.44110000000000005
0.44094999999999995
0.4412
0.44107500000000005
0.441325
0.44125
0.441575
0.44135
0.4416
0.441475
0.441775
0.44165
0.44197499999999995
0.44179999999999997
0.44205000000000005
0.44195
0.44225000000000003
0.44215000000000004
0.44232499999999997
0.44220000000000004
0.442475
0.44232499999999997
0.44265
0.44245
0.442675
0.442575
0.4429
0.4427
0.443
0.442875
0.443125
0.443025
0.4433
0.44315
0.44339999999999996
0.44329999999999997
0.44355
0.443425
0.44375
0.44355
0.44377500000000003
0.44365
0.44395000000000007
0.44382499999999997
0.44409999999999994
0.443975
0.44425000000000003
0.44415000000000004
0.44445
0.444325
0.44455
0.44445
0.444775
0.444675
0.44495
0.444725
0.445025
0.44489999999999996
0.4452
0.445025
0.445225
0.445075
0.44534999999999997
0.4452
0.4455
0.44534999999999997
0.44555
0.4455
0.445775
0.44567499999999993
0.445925
0.445825
0.44605
0.445925
0.44627500000000003
0.446075
0.44630000000000003
0.44615000000000005
0.44639999999999996
0.44630000000000003
0.4466
0.4464
0.446625
0.44655
0.4468
0.446675
0.44697499999999996
0.4468
0.44699999999999995
0.44694999999999996
0.447225
0.44702499999999995
0.447225
0.447125
0.4474
0.44725000000000004
0.44752500000000006
0.44735
0.447625
0.44745
0.44777500000000003
0.44762500000000005
0.4478
0.44772500000000004
0.448
0.44785
0.44815
0.447975
0.4482
0.4481
0.44839999999999997
0.448275
0.44854999999999995
0.44837499999999997
0.44859999999999994
0.4485
0.4488249999999999
0.44865
0.448875
0.4487
0.44895
0.4487749999999999
0.449075
0.448925
0.449125
0.44912500000000005
0.44930000000000003
0.44920000000000004
0.449525
0.44930000000000003
0.449525
0.449425
0.449675
0.44955
0.44987499999999997
0.449625
0.44984999999999997
0.44975
0.45002499999999995
0.44992499999999996
0.4502
0.45002499999999995
0.45020000000000004
0.45009999999999994
0.4504
0.45025
0.45055
0.45037499999999997
0.45060000000000006
0.45047499999999996
0.45077500000000004
0.45057500000000006
0.45080000000000003
0.45072500000000004
0.450975
0.45085000000000003
0.45115
0.45095
0.451175
0.451075
0.45135
0.4512
0.45139999999999997
0.451325
0.45157499999999995
0.451425
0.451725
0.45155
0.45177500000000004
0.45165
0.451975
0.45185
0.452075
0.4519500000000001
0.45220000000000005
0.45205000000000006
0.452375
0.452175
0.452425
0.45232500000000003
0.4526
0.452425
0.452725
0.452525
0.45275
0.4526
0.45289999999999997
0.4528
0.453025
0.45287499999999997
0.453125
0.453
0.45325
0.453075
0.453375
0.4532
0.45345
0.4533
0.45352499999999996
0.453375
0.45372499999999993
0.45355
0.4538
0.45367500000000005
0.4539
0.4538
0.45405
0.45387500000000003
0.45405
0.453925
0.45420000000000005
0.454025
0.4543
0.45415
0.45437500000000003
0.454275
0.454525
0.45432500000000003
0.454575
0.454475
0.4547
0.454575
0.454775
0.454625
0.4549
0.454725
0.45499999999999996
0.45485
0.45505
0.45497499999999996
0.45525000000000004
0.455075
0.455325
0.455225
0.45545
0.455325
0.455625
0.45545
0.455625
0.45555
0.455775
0.4556
0.455925
0.45575000000000004
0.45595
0.45587500000000003
0.456075
0.456
0.456275
0.45605
0.456275
0.45615
0.45642499999999997
0.4563
0.456525
0.456375
0.456625
0.45649999999999996
0.45677500000000004
0.4566
0.45682500000000004
0.456675
0.45694999999999997
0.456825
0.457125
0.45687500000000003
0.45709999999999995
0.45694999999999997
0.45722500000000005
0.457125
0.45730000000000004
0.45715000000000006
0.45740000000000003
0.457225
0.4575
0.45735000000000003
0.45755
0.45745
0.45775
0.457575
0.457825
0.4577
0.45792499999999997
0.457775
0.45807499999999995
0.4579
0.45809999999999995
0.45799999999999996
0.45827499999999993
0.4581
0.45835
0.458175
0.45842499999999997
0.45825
0.45855
0.458375
0.45862499999999995
0.45847499999999997
0.45875
0.458575
0.45877500000000004
0.45865
0.45887500000000003
0.45875
0.459025
0.45885
0.459075
0.458925
0.45915
0.459025
0.459275
0.459125
0.459375
0.459225
0.45947499999999997
0.4593
0.459575
0.459425
0.45965
0.45949999999999996
0.45975
0.4596
0.45985
0.4597
0.45997499999999997
0.45975
0.46
0.4599
0.46015
0.45999999999999996
0.46020000000000005
0.460075
0.460325
0.460175
0.460425
0.46025000000000005
0.46045
0.460325
0.46057499999999996
0.46040000000000003
0.46065
0.46047499999999997
0.46065
0.46057499999999996
0.4608
0.46065
0.4608
0.460725
0.46094999999999997
0.46082500000000004
0.46109999999999995
0.46092500000000003
0.46115
0.46105
0.461275
0.46117500000000006
0.4614
0.46125000000000005
0.46144999999999997
0.46137500000000004
0.46165
0.46149999999999997
0.4617
0.461575
0.4618
0.461675
0.46192500000000003
0.461775
0.461975
0.461825
0.46209999999999996
0.461975
0.462175
0.46204999999999996
0.46224999999999994
0.462075
0.46235000000000004
0.462175
0.46242500000000003
0.46224999999999994
0.462525
0.46237500000000004
0.4626
0.462475
0.462625
0.462525
0.462775
0.462625
0.46282500000000004
0.4627
0.462875
0.46275
0.463025
0.46282500000000004
0.46305
0.462925
0.463175
0.463025
0.4633
0.4631
0.463325
0.4632
0.463425
0.4633
0.4635
0.46335
0.4636
0.46347499999999997
0.46367499999999995
0.46352499999999996
0.46375
0.4636
0.46387500000000004
0.4637
0.46390000000000003
0.46375
0.464
0.46382500000000004
0.464075
0.46390000000000003
0.46415
0.464
0.46427500000000005
0.464075
0.46422500000000005
0.464125
0.46430000000000005
0.46417500000000006
0.46442500000000003
0.464275
0.464475
0.46435
0.46455
0.46445000000000003
0.464675
0.46449999999999997
0.46475
0.46465
0.46485
0.4647
0.464925
0.46475
0.46499999999999997
0.46485
0.46504999999999996
0.464925
0.46514999999999995
0.465025
0.46524999999999994
0.465125
0.46530000000000005
0.46515000000000006
0.465425
0.465275
0.465475
0.465325
0.465575
0.46547499999999997
0.465675
0.465575
0.46572500000000006
0.465575
0.46580000000000005
0.46565
0.46585
0.46572500000000006
0.46590000000000004
0.465825
0.4661
0.46592500000000003
0.46615
0.466
0.466225
0.46605
0.4663
0.466175
0.466375
0.4662
0.466475
0.4663
0.46649999999999997
0.46635000000000004
0.46654999999999996
0.4664
0.466675
0.4665
0.46675
0.466575
0.46682500000000005
0.46662499999999996
0.46685
0.46669999999999995
0.46685
0.46675
0.46699999999999997
0.46682500000000005
0.46705
0.46692500000000003
0.46717500000000006
0.46699999999999997
0.46725000000000005
0.46709999999999996
0.46730000000000005
0.467125
0.46737500000000004
0.46720000000000006
0.4674
0.467175
0.46737500000000004
0.46722500000000006
0.46745000000000003
0.467325
0.467575
0.4674
0.46765
0.4675
0.467675
0.467575
0.46785
0.467675
0.46785
0.467725
0.46795
0.467775
0.46797500000000003
0.46785
0.46802499999999997
0.467875
0.468125
0.46799999999999997
0.468225
0.468025
0.468275
0.46815
0.46840000000000004
0.46819999999999995
0.46840000000000004
0.468225
0.468475
0.46835
0.4686
0.468425
0.46862500000000007
0.46852499999999997
0.46877499999999994
0.4686
0.46882500000000005
0.46867499999999995
0.46890000000000004
0.46875
0.469
0.46882499999999994
0.469075
0.46895
0.469175
0.46900000000000003
0.469225
0.469075
0.4693
0.46915
0.469375
0.46925
0.469425
0.469275
0.46947500000000003
0.469325
0.46955
0.46935
0.46959999999999996
0.469425
0.46967499999999995
0.46950000000000003
0.4697
0.46955
0.469775
0.4696
0.46985
0.469725
0.4699
0.46975
0.469975
0.46985
0.470025
0.46985
0.470075
0.4699
0.470125
0.47
0.47014999999999996
0.469975
0.47024999999999995
0.47004999999999997
0.470225
0.47009999999999996
0.47024999999999995
0.470125
0.47035000000000005
0.470175
0.47040000000000004
0.47025000000000006
0.47052499999999997
0.470325
0.470475
0.47034999999999993
0.470575
0.47040000000000004
0.47065
0.470525
0.4707
0.47055
0.470825
0.470675
0.470825
0.470725
0.4709
0.470775
0.47097500000000003
0.4708
0.47102499999999997
0.470875
0.47109999999999996
0.470925
0.47115
0.471
0.4712
0.47105
0.47124999999999995
0.47105
0.471275
0.471125
0.471325
0.471175
0.4714
0.4712
0.471425
0.471275
0.47152499999999997
0.47135
0.47155
0.4714
0.47162499999999996
0.4715
0.4717
0.47154999999999997
0.47177500000000006
0.47159999999999996
0.47182500000000005
0.4717
0.47192499999999993
0.4718
0.472
0.47182499999999994
0.47202500000000003
0.47185
0.47205
0.4719
0.472125
0.47195
0.4722
0.472075
0.472275
0.4721
0.47235
0.472125
0.47235
0.47225
0.47247500000000003
0.4723
0.47250000000000003
0.47235
0.47255
0.47245
0.472675
0.47250000000000003
0.472725
0.472525
0.47265
0.472575
0.47275
0.472575
0.47285
0.47265
0.472875
0.47275
0.472975
0.472775
0.472975
0.472825
0.473
0.4729
0.47307499999999997
0.4729
0.473125
0.472975
0.47320000000000007
0.473025
0.47319999999999995
0.47304999999999997
0.47330000000000005
0.47309999999999997
0.47335000000000005
0.47319999999999995
0.473425
0.47324999999999995
0.473475
0.47329999999999994
0.47345000000000004
0.473325
0.47354999999999997
0.47340000000000004
0.473625
0.47345000000000004
0.473625
0.473475
0.4737
0.47350000000000003
0.473725
0.473525
0.473725
0.47362499999999996
0.4738
0.473675
0.473875
0.47377500000000006
0.474
0.47382500000000005
0.474075
0.47390000000000004
0.474125
0.47395000000000004
0.47415
0.47402500000000003
0.474225
0.474075
0.474275
0.4741
0.4743
0.474125
0.4743
0.474175
0.4744
0.474225
0.474375
0.474275
0.474475
0.474275
0.474525
0.474375
0.47459999999999997
0.474475
0.47467499999999996
0.47445
0.47467499999999996
0.4745
0.47469999999999996
0.47459999999999997
0.4748
0.47459999999999997
0.47482500000000005
0.47464999999999996
0.47482500000000005
0.47469999999999996
0.47487500000000005
0.47472499999999995
0.47495
0.47477499999999995
0.47495
0.47482499999999994
0.47502500000000003
0.47482499999999994
0.47505
0.47487500000000005
0.475125
0.4749
0.47515
0.475
0.47520000000000007
0.47505
0.47522500000000006
0.47509999999999997
0.47525
0.47509999999999997
0.47532500000000005
0.47519999999999996
0.47542500000000004
0.475225
0.47545000000000004
0.47525000000000006
0.47545
0.47527500000000006
0.47552500000000003
0.47532500000000005
0.47552500000000003
0.47540000000000004
0.4756
0.47542500000000004
0.475625
0.47547500000000004
0.475725
0.475575
0.47575
0.4756
0.47575
0.475625
0.475875
0.4757
0.4759
0.475725
0.47595
0.475775
0.47595
0.4758
0.475975
0.475825
0.47607499999999997
0.4759
0.47609999999999997
0.475925
0.47614999999999996
0.476
0.47617499999999996
0.47607499999999997
0.476275
0.47607499999999997
0.476325
0.47609999999999997
0.476275
0.47614999999999996
0.476325
0.47622499999999995
0.47645000000000004
0.47629999999999995
0.476475
0.47629999999999995
0.476525
0.47635000000000005
0.47657499999999997
0.476425
0.47662499999999997
0.47645000000000004
0.47665
0.47650000000000003
0.47672500000000007
0.47655000000000003
0.47677500000000006
0.47657499999999997
0.47677500000000006
0.47665
0.47685000000000005
0.47672499999999995
0.47692500000000004
0.47672499999999995
0.47695000000000004
0.47680000000000006
0.47702500000000003
0.47682500000000005
0.47702500000000003
0.47687500000000005
0.477075
0.47692500000000004
0.4771
0.47695000000000004
0.4772
0.47705000000000003
0.477225
0.477075
0.477225
0.47705000000000003
0.47725
0.47705000000000003
0.477225
0.477125
0.477325
0.47715
0.47735
0.477175
0.47735
0.4772
0.477425
0.477225
0.47745
0.4773
0.477475
0.477325
0.4775
0.47735
0.4775
0.477375
0.47757499999999997
0.4774
0.47762499999999997
0.477475
0.47767499999999996
0.4775
0.47774999999999995
0.477525
0.47772499999999996
0.47759999999999997
0.4778
0.47764999999999996
0.47782499999999994
0.47767499999999996
0.47787499999999994
0.47769999999999996
0.47787499999999994
0.47774999999999995
0.47792500000000004
0.47779999999999995
0.47797500000000004
0.47782499999999994
0.47797500000000004
0.47782499999999994
0.47802500000000003
0.47787499999999994
0.478075
0.4779
0.47809999999999997
0.47795
0.47809999999999997
0.47795
0.47814999999999996
0.47802500000000003
0.47820000000000007
0.478075
0.47825000000000006
0.47805
0.47827500000000006
0.47814999999999996
0.47832500000000006
0.47819999999999996
0.47837500000000005
0.478225
0.47840000000000005
0.47825
0.47845000000000004
0.47832500000000006
0.47847500000000004
0.47835
0.47852500000000003
0.478375
0.47857500000000003
0.47840000000000005
0.4786
0.47840000000000005
0.4786
0.47847500000000004
0.4787
0.47850000000000004
0.4787
0.47857500000000003
0.47875
0.4786
0.4788
0.47865
0.4788
0.47865
0.478825
0.47865
0.47885
0.478675
0.478875
0.478725
0.478925
0.47875
0.47895
0.478775
0.47895
0.4788
0.479025
0.47885
0.479025
0.4789
0.479075
0.478975
0.47914999999999996
0.479
0.47917499999999996
0.479
0.47919999999999996
0.47905
0.47922499999999996
0.47905
0.47927499999999995
0.47909999999999997
0.47929999999999995
0.47915
0.47934999999999994
0.479175
0.479375
0.4792
0.4794
0.47925
0.479475
0.479275
0.47950000000000004
0.47935
0.479525
0.47935
0.479575
0.479425
0.479575
0.479425
0.47962499999999997
0.47945
0.47965
0.479475
0.47967499999999996
0.47955
0.47975
0.4796
0.47972499999999996
0.4796
0.47977500000000006
0.4796
0.47982500000000006
0.4796750000000001
0.4798
0.4796750000000001
0.47990000000000005
0.47975
0.47990000000000005
0.47977499999999995
0.47992500000000005
0.4798
0.48000000000000004
0.47982500000000006
0.48002500000000003
0.47987500000000005
0.48005000000000003
0.47987500000000005
0.48007500000000003
0.47992500000000005
0.480125
0.47997500000000004
0.480125
0.47995000000000004
0.480125
0.47997500000000004
0.48015
0.48002500000000003
0.480225
0.4801
0.4803
0.4801
0.4803
0.48015
0.48035
0.4802
0.480375
0.480225
0.480375
0.480275
0.48045
0.480275
0.480475
0.4803
0.480475
0.480325
0.480525
0.48035
0.480575
0.480425
0.48055
0.480425
0.48062499999999997
0.48045
0.48062499999999997
0.48045
0.48064999999999997
0.48055
0.48069999999999996
0.480525
0.48072499999999996
0.4806
0.48077499999999995
0.480575
0.48074999999999996
0.4806
0.48082499999999995
0.480675
0.48085
0.48075
0.48095
0.4808
0.48095
0.480775
0.481025
0.48085
0.481
0.4809
0.48105
0.480875
0.48109999999999997
0.480925
0.48109999999999997
0.480925
0.48114999999999997
0.480975
0.48119999999999996
0.48105
0.481225
0.48109999999999997
0.48129999999999995
0.48114999999999997
0.481325
0.481175
0.48135000000000006
0.481175
0.48135000000000006
0.48120000000000007
0.481425
0.48124999999999996
0.48145000000000004
0.48124999999999996
0.48147500000000004
0.481325
0.48145000000000004
0.481325
0.48155000000000003
0.48140000000000005
0.48155000000000003
0.48145000000000004
0.481625
0.48145000000000004
0.48165
0.481525
0.481675
0.481525
0.481675
0.481525
0.48175
0.481575
0.4818
0.48165
0.48175
0.481625
0.48185
0.481725
0.481875
0.481725
0.4819
0.4818
0.48195
0.4818
0.48195
0.481825
0.482025
0.48185
0.482075
0.4819
0.48205
0.481925
0.4821
0.48195000000000005
0.48215
0.48195000000000005
0.48215
0.48202500000000004
0.48225
0.48210000000000003
0.4822
0.482075
0.482225
0.482075
0.482275
0.4821
0.4823
0.482125
0.4823
0.48215
0.482325
0.482225
0.482375
0.48219999999999996
0.4824
0.482225
0.482375
0.482225
0.482425
0.482275
0.48245
0.482275
0.48245
0.4823
0.482525
0.48235
0.48252500000000004
0.48235
0.48255
0.4824
0.48265
0.48245
0.48265
0.4825
0.4826750000000001
0.48255
0.4827
0.48255
0.48272499999999996
0.482625
0.48282500000000006
0.482625
0.4828
0.48267499999999997
0.48287499999999994
0.48272500000000007
0.48287500000000005
0.48272500000000007
0.48295000000000005
0.4828
0.48295000000000005
0.4828
0.48295000000000005
0.4828
0.48295000000000005
0.48277499999999995
0.48302500000000004
0.48285
0.48302500000000004
0.48287500000000005
0.483125
0.48292500000000005
0.483125
0.48297499999999993
0.48315
0.483
0.4832
0.48305
0.4832
0.4831
0.483275
0.48305
0.483275
0.4831
0.483325
0.483175
0.483375
0.483175
0.48335
0.4832
0.4834
0.483225
0.483375
0.483175
0.4834
0.483225
0.4834
0.48325
0.483425
0.4833
0.483475
0.48335
0.4835
0.483325
0.483525
0.483375
0.48355
0.483375
0.4835
0.483375
0.483575
0.48342500000000005
0.48362499999999997
0.48347500000000004
0.48362499999999997
0.483475
0.48362499999999997
0.48350000000000004
0.483675
0.48350000000000004
0.483675
0.48352500000000004
0.4837
0.48355
0.48375
0.48357500000000003
0.483725
0.4836
0.4838
0.48365
0.483775
0.48362499999999997
0.4838
0.483675
0.48385
0.4837
0.4839
0.4837
0.483875
0.48375
0.48395
0.48375
0.48395
0.4838
0.483975
0.48385
0.484
0.483875
0.48405
0.4839
0.484025
0.4839
0.4841
0.48395
0.484075
0.483925
0.484075
0.483925
0.48412499999999997
0.48395
0.48414999999999997
0.483975
0.484125
0.484025
0.48414999999999997
0.484025
0.484225
0.484025
0.484175
0.48405
0.48425000000000007
0.48412499999999997
0.484275
0.4841
0.484275
0.48414999999999997