1.0
0.9526454732324382
0.9526370887388397
0.9526874114725223
0.9526996669986966
0.9527322648869806
0.9527840769300353
0.9527670726471085
0.9529697936889144
0.9529598103507978
0.9530437678526475
0.9538223299869449
0.9531748538428568
0.9542288503278489
0.9558813245635372
0.9544610358017016
0.9564054212761357
0.955014096825287
0.9572402378908818
0.9548491772498222
0.9598649130662709
0.9547843293079423
0.9578948005199244
0.9605672613661056
0.9577625460843471
0.9624446085172603
0.9615103473616159
0.9606427583771864
0.9691583737710276
0.9651067587872438
0.9674341413084754
0.9628610367687261
0.970829163965531
0.9643847500645792
0.9672681835624454
0.9681171491182674
0.9722849986588593
0.9690789555457942
0.9637694153505635
0.970449880095693
0.9672112747646686
0.9658896924451472
0.9687714234984067
0.9704451249768266
0.9716182512360858
0.9798436365094628
0.9628649424624088
0.9729874313805427
0.9615126215287679
0.9693114836666186
0.9837692364500737
0.9645444472363337
0.9723019493904363
0.9646744339138508
0.9874625923444218
0.9683334225946792
0.9689166680264379
0.9766649418195581
0.9605794939214894
0.9776717337619157
0.9655305464760214
0.981841687991361
0.9654776135160934
0.9723728130378824
0.9799239619218357
0.9699179114794958
0.9634636092390823
0.972079770513378
0.9836009631174903
0.9781357327869968
0.9720833018741261
0.9654286185393612
0.9741991642319286
0.9725444564572007
0.9765639684921628
0.976286655375452
0.9694241240075072
0.9737246581303131
0.9724819106376892
0.9885466085929421
0.9736322854214786
0.9722961421935647
0.9820558484050935
0.98153000505746
0.9677525523547821
0.9817386830616056
0.971333617603961
0.9743831150057936
0.9890236698585106
0.9812314208832579
0.9689572946751182
0.9748391615284637
0.9903690823344836
0.9823606596532403
0.9922799519127311
0.982631918043365
1.009982306403707
0.9775577410822598
0.9894300145411831
0.9815318107669484
0.9838671607729153
0.9847595329604323
0.979423973456395
1.025864868404938
0.9761029698201945
0.9789239481820313
0.9943068244379093
0.9855707558255585
0.9894236067283827
0.9775100310565168
0.9909852685266941
0.9807973838342718
1.0131261629441441
0.9814703382030767
0.9718558836683944
1.028857213808042
0.980058408651788
0.9833576310972142
0.9846118729906002
0.980431308573087
0.981994735813863
0.9966115845821596
0.9840266103717877
0.9821081522221232
0.9839262515620859
0.9905622002558859
0.9918018713728162
0.9861346092136234
1.0047288182306062
0.9858329335754856
0.9934143447861832
1.017698386713847
0.987152771028965
0.9873041949501115
0.9905243336328905
0.9873680972135079
0.9927781558264578
0.9860883447886231
1.0035679992393012
0.9921378890985116
1.0208205825639476
0.9777464313872282
0.984659124736369
0.9904346851789729
0.9774313937287049
0.989274829496596
0.9869564484848757
1.0230157986524886
0.9872385181681517
0.9908770863726108
0.9765530423025327
0.9882496101066558
0.992472086670125
0.9874513948873979
1.009759647418407
0.9851103517077562
0.9873967425477044
0.9940088065888408
0.99908664638068
1.0048463052399708
0.979813333987896
0.9951930618463098
0.9958280902918158
0.9881294983545178
0.9881448735192255
0.9942733378230832
0.9904144875982288
0.9893973786801477
1.0012890275824429
0.9876159491362944
0.9999244827870696
0.9993041592603399
0.9991920571839406
0.9832284442009258
0.9969421701511687
1.016106385316953
0.9913251452964341
0.9956654610979215
0.9887588951995173
0.9895162059896737
1.00605390000873
0.9856504061443566
0.989452708885162
0.9889995308386793
0.9938635990543006
1.0022863987943587
0.9912445107620664
0.98728516092166
0.996654197676933
0.9969139603230511
0.9941990453324032
1.0124632557544615
0.9897276646758508
1.0483761845530912
0.9922704025174861
0.9857145568194493
0.9877959890253584
0.9883844535418707
1.0015968876566603
0.990987498764968
0.9851023585268509
0.9962053393381635
0.9936737066288029
1.007113334657223
0.9939925816564298
0.9936093255032233
1.0112754264485118
0.9841205154797571
1.00438868633126
0.9993728467260886
0.9902827637552775
0.9893826470043615
0.9913138683913628
1.0444257347431667
0.9959527403627338
0.9945256343318867
0.9888701980529929
0.9991346474831713
0.9927902183121906
0.9860454725131259
0.994033968590936
0.9970500460862658
0.9933616652094174
1.0197201031172463
0.987435077701101
0.9911233707030347
1.0124011120516756
0.9993227408448966
1.0115325195355946
0.991267268724926
0.9860287476283464
1.0005305913786053
1.0037632054422103
0.9949262662091971
0.9968163097480089
0.9932062967985859
0.9970685646907185
0.9991796956418892
0.9856508458548248
1.0037427392756249
0.9883644295947188
1.0036631520885806
0.9984484803768763
0.994197050587761
1.0440071886651534
0.9906470272435464
1.0087653898127764
0.9962966124751343
0.9991998165255834
1.0135775382069814
0.9909169793025026
1.002841973772219
0.9907401470448283
1.0102305958397444
1.0062199814688841
0.9906385146976772
0.9972188026363542
0.9897829324392228
1.0072706810416912
0.9920630333526753
1.0095271870758626
0.9848802305222356
1.0034374270585442
1.0083974291150943
1.0019349679300917
0.9895767662551959
0.9942360030898981
0.9888120887256416
1.0062545673325118
0.9897624053029818
1.003779085174819
1.0026458396994884
0.9981706525820733
0.9881669547155251
0.9980902949327983
0.9982267898593482
0.9880585747870319
1.0021357990941437
1.023661074872755
0.9927907052094455
1.00647417621934
0.9965259500479475
0.9926398300506882
1.0063496705268085
0.9948512349731263
0.9952647791951953
1.0221897091678092
0.9924241353860728
1.0068096824753097
0.9958217761157334
0.9937572498166803
0.980794636091587
1.0160202222616104
0.9825646645655425
0.9970239566902144
1.024152114634624
0.9931081001107753
1.0013599924947725
0.996095170814238
0.9953973291930391
0.9919037099642347
0.9992407022888852
1.0158630647593085
0.9921455851411753
1.0010916200311795
0.9957699590465355
0.9964377082059596
0.9973450874261661
1.0126718612655379
1.011477551684285
0.9846274979371552
0.9917181892028001
1.0032086231027664
0.9972147659224997
0.9914889747873052
1.0084548818981447
1.0059183833207161
0.9934781603152595
0.9955282772523387
1.0001311421464893
0.9941607682326571
0.9992645457740044
1.025043679766738
0.9922008553197489
0.9972072108279421
1.0013528614484124
1.0019281510396343
0.9910562278418239
1.0101578006287097
1.0038549654532447
0.9903695220947172
0.9909376011315426
0.9995692492426254
0.9974654664390274
0.9918137766158205
0.9956858957562837
0.9954825702834378
0.9986627572713821
1.0018974750303669
0.9968068384150744
0.9880560148819446
0.9917114984036582
1.0045014616514145
0.9936112259943422
0.9961320193007023
0.9971744616171847
0.98974753216528
1.0284198922300747
1.00361931393192
0.9892832318717404
0.9978825683272483
0.9905981036820348
0.985075144037188
0.9955314343323259
1.0028246331852868
0.9879651776152931
1.0216794871527906
0.9877103349173318
1.0033082369772481
0.994363933909871
0.9867665343528053
1.0277704892924695
0.9856104082189316
0.9997801652254773
1.0092663452748287
0.9941553023207507
1.0350262967957273
0.9983561695188141
0.9930983150034224
0.9927819881784683
1.0222732300629203
0.990583889943057
0.9956430316692367
0.9971173978990068
0.9947059161108818
1.0045780482800484
0.9932376468884682
1.005239587299773
1.0232809350563485
0.9959047714317347
0.991360028327331
0.9904916342316606
0.9823100512105831
1.0113937962507284
0.989356717381528
1.0028600525888403
1.0182410358321714
0.9895611550175911
0.9986716318120195
0.9985502626705655
1.0019791834709462
0.9957428803567681
1.0346669920982168
0.9955439369982245
0.9930414734509524
1.0037647447239906
0.9990489648898755
0.9944282527898685
1.0006867835130897
0.9994874305630023
0.985940898925523
0.9909068647143876
1.0017763102568995
0.9939591265782975
0.9966360717958338
0.9932121710128095
1.0094685574643394
0.9927100059629221
1.003310278888218
1.0048595146668078
0.9950123864946303
0.9981102272716116
0.9953185907991194
0.9995579400755594
1.0026544785875238
0.9899907171692616
0.989344891216688
0.9970398050946799
1.0143401458898156
0.9869345878171701
0.9986833179331064
1.030378123781511
0.9926519239247716
0.9916391247365567
1.007466052038704
0.9978119334685382
1.0027214221027334
0.9996844770950623
0.9887254431474538
1.014165203455748
0.9952073079298788
1.0048844884893644
1.0038689132205878
0.9878156671947004
1.0008172158574815
0.9990282471393015
0.997030051021983
1.0026959609516206
0.9893743231384176
0.9982872937308509
1.0191195458010842
0.989563023968304
1.0014012865908852
1.0048211743400148
0.9862942580540716
0.9946142830388546
1.002514340068518
1.0022621627417925
1.0055349993551643
0.9925533981797079
0.9938105108041659
0.9990428390954578
0.9958373102460458
0.99040903770803
0.9987842363993247
1.0084160565133944
0.9996500940830074
1.0200531834412323
0.9901452919798541
0.9950039676562216
1.0018432383293963
1.0143273628726193
0.9958064147633733
1.012930484708065
0.9935812736314283
0.9902254694070411
0.9994864881324821
1.021199900499077
0.9952821195339355
0.9976115423227851
0.9982416330976674
0.9894837114182985
1.0228868164449259
1.0239218548427862
0.989057687523003
0.990612725775489
0.9970120193399683
1.0043304452167345
0.9965836261263598
1.0029872953619083
1.007356217765736
0.9890280673391036
0.9942364114629975
0.9937765846033987
1.0105273510228623
1.001058776356875
0.9865166777227506
0.996580940230044
1.0164915643649157
0.9943103741454838
0.9928452220171678
1.0001190790328438
0.9993897162303834
0.9915751067828248
1.0008918563197937
0.9955010415510823
0.9929977939132588
0.9930535045688467
0.991249740852108
0.9978069071952262
1.036040781756371
0.9939289856063369
1.0458421910450812
1.004272392555544
0.9889492425640146
0.9931937787554015
0.9959376460114387
0.9960985163924962
0.9910367210888166
1.016272994809959
0.9876382185070661
0.9969506676560284
0.9913789854808168
0.9982869795881832
1.0101163693472046
0.9955593140226401
0.9937556320402613
0.9963016858246168
0.9935521537259293
0.9883740253831317
1.0008375409338042
0.9970737794295708
0.9990364462793088
0.992481196318575
1.0050857709913203
1.002546461044866
0.9967474816003942
1.0054188482473523
1.023242379097675
1.0026681594439468
0.9885665698037548
0.9946365237625155
0.9975715991970855
0.9936837431154263
0.9947898529624936
1.0034005313252632
1.0122998319023857
0.986409762840151
1.0044324142682495
1.0040898940282512
1.0098523422774188
0.9955031619774114
0.9935944828262417
0.9953101248152609
1.0019893616831688
0.9946507226453696
0.999608093090883
0.9910910635899631
1.0015945315857389
1.0102395008775493
1.0134597401858452
0.9909671439175701
0.9937362344323489
1.001667412704588
0.99225270158628
0.9961293019993371
0.9953163290148689
0.998116934213379
1.0009590672831647
0.9942919659289999
1.001906600868625
0.9937017899466863
1.0023495884378284
0.987738792037788
1.0300108794967167
0.9944757184251652
1.0033212580859587
0.9999640805863907
0.9964763630894106
0.9957166498453708
1.0086428673890968
1.0387661785043254
0.9845216410344322
1.001316577928474
0.9911285222521912
0.9984779783902583
1.01994533397939
0.9913577195443561
0.9967546597056435
1.00185107618521
0.9909449671942039
0.992358687358282
1.0103048358494233
0.9909461451360853
1.003722901384376
0.9967855868193835
1.0004634903245029
0.997883872017303
1.0022490001923616
0.9950716953463716
0.993125989740631
0.996965840651013
0.9971250629390659
1.005180985404093
0.9941542499756824
0.9947671252934664
1.007683646816308
0.993109450864061
1.0191787558551586
0.999746504741757
1.017848091657711
0.9924601970101483
0.997414763995958
1.0041344388359652
0.9921971486509787
1.0094190842617106
0.9975791857201712
1.0004377305554004
1.002068415591993
0.9944534463271315
0.9851820391617272
1.0138508545420284
1.0134980430364269
0.9918868258554364
1.0011957899090838
0.9997554421263223
1.0109813302334605
0.9918908152165402
1.0128674936936592
1.0018435995932964
0.987175652618921
0.9995616312620201
0.9967646493668967
0.9892559045263526
1.0118443743844774
1.0015430435781576
1.0166106392785148
0.9975077813132118
0.9958604779365412
0.9976413072601903
0.9995493325429238
0.994789350346396
1.003400091529323
0.9935748339534369
0.9981249762608736
0.9990204720928637
0.9903450682902493
1.0006419081211513
1.0132197771934768
0.9925273414190026
1.0013099338030162
0.9910233867664099
0.9939719117567988
0.9852307050579697
1.0246378997301666
0.9922411575033259
0.9958369646940857
1.0070081175077779
0.9930405781850796
0.9964442737238154
0.999272210873484
1.001628333348186
1.0130057251494358
0.9946651885448315
0.9982054595775035
0.9972172790517371
1.000812111027541
0.9909691071548403
1.0442776252280164
0.9924859396187794
0.9967545183425172
0.992313060682138
0.9962162713781115
0.9961007781919313
1.0060968104391614
1.004812205748617
0.9777410150945564
1.0004758361648445
0.9916779973008195
0.9970203754850514
1.0294474116786028
1.0021351708098298
0.9927831818619247
1.009574681253747
0.995386020263988
1.0038958820412323
0.9923810216671309
1.0056650978424613
1.0096826109837924
0.9961111604801285
1.0038753844815016
0.987775949654323
1.003147287186409
1.017093073900916
0.9907816732823319
0.9969067665035246
0.9965946995590599
0.9909755465735758
0.9964831170928854
0.9921909761055787
1.0126465610545607
0.9917049646662458
1.0013779457672627
0.9919724087018617
0.9959685258205356
0.9971455449330104
0.9992729334033573
1.0002420662439455
1.0326911057272252
0.9910943147181484
0.986807491525187
1.0052311527755855
1.02050701272728
0.9931207123778978
1.013444459865831
0.9931761561185495
1.0035020770308873
0.9929152724864851
0.9865432180396467
0.998191166090582
0.9902976527575483
0.9956448693743637
1.002775187371952
1.019857078891619
0.9902563624865321
0.9979067886906389
1.0080510935312121
1.0082614300844401
0.9956164713360385
0.9938321073514332
0.9934713436896252
0.9956704401803718
0.998300629087409
0.9895365288503092
0.9991005315159256
1.0264002743992267
0.9919815182795423
1.0048718288039726
0.9986274947182018
0.9953645961294133
1.0129070063937986
0.9897153829591684
1.0315155524875876
0.9937548467119143
0.9968875568079761
1.0064024130911853
0.9907478271975458
0.9943893159092327
1.0112249028475504
0.9884306264437253
0.9928458816849381
0.9987102242858428
0.9992821692200664
0.9957013984549247
1.0112690658491286
0.9979110453176632
1.0038616723190352
0.9904186025012924
1.004169418121645
0.9963521366044006
1.021842670264778
0.9959452481610797
0.9913716193616171
1.0073595003885212
0.9907564025840789
1.0036197223132362
1.01698145967684
0.9974501677450932
0.9888844898180097
0.9975349388596698
0.9980321471729792
0.9962226955226985
1.036520396619387
1.0020071264322166
0.9917648206380356
1.0108701680885024
0.9984407681704128
0.9978223472789071
0.9947239160357664
1.0069456216829178
0.9902575090017874
0.9983460227084633
1.009256073660526
0.9856147110952341
1.0047644570178444
0.987656279007178
0.9974710738661571
1.0036186542390224
1.0434337026536986
0.9941209990195325
0.9819574904876264
1.0057677094926845
0.9888125598820467
1.000364880668773
1.004762210942143
0.9907602191026986
0.9979286529896616
1.0031371718627047
0.9941322763853517
1.0013506467401536
1.000911223256341
1.0109159490836963
0.9995819877628829
1.0275005949180467
0.9931842449397519
0.996102914335879
0.9951863236222359
0.9939251531958921
0.99620698856827
1.0062152852037818
1.0055416118748912
0.9841655209369241
0.991241636568644
1.0062467925824523
0.9888197999860936
1.0006222584474829
0.9997914586869995
0.9983397555610636
1.0232864923834466
1.001141898649954
1.0126649355110717
0.9798635922317168
1.0127996812633373
0.9997649606765352
0.9886746212049384
1.0209864093024643
0.9928043383339625
1.0353529466886024
0.9914947860230151
0.997980125201393
0.9966026472999242
1.0063736230060931
0.9895053849337181
0.997516954249258
0.9913200722594786
1.0131453066921436
0.9945123935773722
0.9883359406381528
1.002383829897276
1.000045129632421
0.9954298580774595
1.002136333135809
0.9909190524791782
0.9950771456054146
1.0886329253356306
0.9890869465040009
0.9859679413526352
0.9965376203419173
0.9929000529951747
0.9972908352185395
0.9909455954298708
1.006643994937197
0.9980977244016986
0.9948198057453033
0.9850965481607868
1.0020696250396346
1.0208668515110746
0.9888525924893724
0.9924428886846416
1.0057768193532366
0.9909946606574963
0.9969042062577879
1.0001124663103746
1.0024156681667122
0.990897268422104
0.9948930149718781
1.008597429895465
1.0232687528879596
0.9977316387657799
1.0031848426760637
0.9952644807654772
1.007401734693339
0.9903850236453278
1.0168280129823533
0.9908389996457742
1.0189528431080856
0.9884674391600174
0.9941681189423223
1.001200062255769
1.0123102284807726
0.9981279292002491
1.0058882108804659
0.9898127729739776
0.9985056229632451
1.0129207164746963
0.9942264534425898
1.003764587654422
0.9900337505477652
0.998839148621205
0.9906631571081632
0.9894972023952151
1.010252081007553
0.9986391808379018
0.9920027687305785
1.0030182068123912
1.0054371936924398
1.0088003041792932
0.9847002835910365
1.0084894666247475
0.9967023867718323
0.9946245866502849
1.000359885786357
1.0148501121698918
0.9966520772314568
1.0016034689480073
0.9952117843732985
1.0017845250857231
0.9927586171170494
1.035022955270665
0.994554063479139
0.9921251199522287
0.9951853812133095
0.9985148744714216
0.9850975217896247
1.001208387048817
0.9931945326650937
0.9981002689555777
1.008207102634481
0.9857589048702308
0.9968278858223711
1.007652815436053
0.9880418490296308
1.0017308538192962
0.9933991408974119
1.0023615729492659
0.9919668644250634
1.0109645412803279
0.9986933862178262
0.9958526558954555
1.0540478822446337
0.9871930219061955
0.9920713733401126
0.998580640293147
0.9921173296748228
1.0090916176263374
1.0133083658041888
0.9910016654918716
0.9877727772783035
0.9943233635633618
1.0009608264856444
1.0075882783836851
0.9940543871999382
0.993234364238152
1.0015332109070707
0.990820780849751
1.0053495973007203
0.9987299995924033
0.998906123949327
0.9996319208787005
1.0206182353393407
0.9875714261363813
0.9972692222994853
1.000887426898688
0.9992847294890058
0.9918066460346392
1.013116190602366
0.9903000400241356
1.0087061311472274
0.9886276941974841
1.0249699178855483
1.0113461154186392
0.9948708213086577
0.9835360628721487
1.0099276979530427
0.9932761277283835
1.018249420673864
0.9915896506004209
0.9873515287867974
1.004480383041694
0.9956212619338233
0.9920503584586281
1.0013571337933846
0.9988750080650939
1.0016639257204196
0.9978251117294014
0.9909531970820069
0.995017365546783
1.001976733160535
1.0050940955807663
0.9900087157967913
1.0239583845011893
0.9881505430144703
0.9949973865125109
0.9825283135218812
1.0095960096436614
1.0019031767159252
0.9973753392430167
1.0603317105319285
0.9836923544544695
1.0115941148564342
0.9967782987635835
0.9945408227205085
0.9959210123840079
1.0363982317135227
0.9902026176495171
0.9891864240378063
0.989886008005284
0.9986894908439874
1.0051596870381005
1.008979791639274
0.9899741006410518
1.0000452081683182
0.9875400323470104
1.0036027273666808
0.9972972751149688
1.0036932309303224
0.9968835043949806
1.024924207045062
0.9926686825824113
1.008238703342714
0.9906973172561728
0.9862929860115512
1.0094699866895054
1.00591400117103
0.9930765301865048
1.004143784447637
0.991522711374514
0.9857292871502048
0.993668617706495
1.00445336723206
1.0228574279871039
0.9983820862960097
0.9890464896463417
1.0032572520221334
0.9956615029631302
1.0221134411324797
0.9999795207437994
0.9915141672835609
0.9979270822784588
0.9931342199142292
1.013989961776455
0.9976680093184125
0.9927874225796335
0.9971336389883851
1.006468647523713
0.9894139478945536
0.9908094569287414
0.9917670823185282
1.0166430970429614
0.9968968553684137
0.9940317853707291
0.9958083310055844
1.0042636124021598
0.9930962260480912
1.0018084627499813
0.9984390246777349
1.0403543861804576
0.9997275147630893
0.9930571484587364
1.0024320663657387
0.9848998443103301
0.9987198684781151
1.0001390585647987
0.9904112522166589
1.0029943635294452
1.0233116573240095
0.999713346888313
0.9908812170171557
0.9880389593219874
1.0008203729984388
1.0199582872440334
0.9921795105648124
0.9896957824765696
1.002077242988928
1.0096645180063015
0.9997458607474403
1.0261198905380333
1.0051471216282388
0.9956372044164226
1.0054045080124785
1.0203698050256162
1.0001680854317767
0.9880892465454244
0.996309240874818
0.9964591482354975
1.025082530616067
0.9909995451943778
0.9892119609322102
0.9922202839218492
1.009213479422597
0.9940769419153368
1.0196718222772794
0.9844825709582
0.9982515128831799
0.9974556652222428
1.0048950905820055
0.9892901893536129
0.9967197587244127
1.0130759714148123
0.9894755917052822
0.9961750877495946
0.9974184080372749
0.9942246471771812
1.0106138722057507
0.986200598153319
0.9992811953754418
0.9861225170126202
0.9959799604618702
1.0044641892635622
1.0136480660781335
0.9998151294055472
0.9925179176382423
0.9961928208969809
1.0011113953461404
0.9965210651741709
0.9982130461208599
1.0038747719107008
0.9907357965293562
0.9929349840100358
1.032419879191716
0.994270793343494
1.0169875837097002
0.9892131231282315
1.0132690419722041
0.9944981161823117
1.0005075646597046
0.9992665405847215
0.9886637375270718
0.9967550366739808
1.0084866238300922
0.987819923208625
1.0098709220636408
0.987680354451588
1.0049397450134228
1.0225455813722173
0.9963114555569733
1.024932573769199
0.9865493584351931
1.0052524040054907
0.990892525247159
1.0031525804533703
0.9931080844043421
1.0410243486450903
0.9951574073789087
0.9907242527445153
0.9974715607856072
0.9912670959591282
1.0092068358492827
0.9941632655890751
0.9977741893001076
0.9924872903599591
1.0107728578014394
1.0066494765006515
0.9999572636705105
0.9982964824040328
1.0010970390016076
0.9881349636831075
1.0277130295638042
0.9867885205594614
1.031995173986072
0.9904633010493418
0.9966466111943676
0.9873617996400733
0.9892299278577413
1.0127578755794535
0.9996102920956733
1.0136051620319229
0.9916396273311658
0.9946927224508408
0.9893502624625011
1.0050455302301553
1.0549262979471754
0.9947308112958564
0.9951202764840963
0.9913104287786958
0.9858449942702443
0.9956863512560117
0.9920625150484078
1.0117652055267603
0.9921775786999267
0.9945148438236143
0.990096306068514
0.983722158767346
1.0236706979810966
0.994091392014722
1.0120779695457265
0.9943163426806673
0.9815149313133902
1.0089284646923107
1.0001092463386225
1.0006358608595227
1.0208044739784496
0.998805865154054
1.0010671168597511
0.9859258073128272
0.991417072572611
0.9940874182371449
1.016632434820383
0.9841329524314877
1.0129462991899743
0.993879588362464
1.0229577755923274
0.9888342487872608
1.0081108554462497
0.9983491013072334
0.9892781276249769
0.9906342898368545
1.052669930699226
0.9891077717482395
1.0074329745544839
0.9837957588987656
0.9937094704531415
0.9915616466869942
1.001418250311
0.9851948534083428
1.0106009623569696
1.0026201743461645
0.9974017428316416
1.010791390118506
0.9845934685405794
0.9966894441972427
1.0049328654364533
0.9891235712988157
1.0169234540306769
0.993322603185661
0.9900268400757324
1.002525413559731
1.0147884593259349
0.9898416240766751
0.9907488951943293
0.9918632666415903
0.9901683007682731
1.007824563157033
1.0179835225963931
0.9933628431959738
0.9986526418660279
0.994430467433447
0.9963062722583683
0.9920599549395124
1.0208626438195405
1.0014516751200881
0.9906781247473493
1.009152226588243
0.9872882390312473
0.9998498736855611
1.0112784732538191
0.9859501957390299
0.9949738106289363
1.0156312685776707
0.9868731047562782
0.9984441294986653
1.0007320044600254
0.9929588891479542
0.9971868858973906
1.033798775489546
0.9995993284861141
0.9905097115638374
0.9883971903476135
1.0096931495120316
1.0047363418010617
1.0086139840365675
0.9840120064254243
1.0328249128126494
0.9865304347130447
0.9920724256549902
0.9957370688058322
1.0215694470127585
0.9907751082396388
1.0068480533253072
0.9917288693532009
0.9936529582778703
0.981978421349882
1.0246379625207458
0.9999591485320438
1.005835091024709
0.9932738188774259
1.019452649665227
0.9980980542512743
1.0013083002591505
0.987183913237402
1.0147250632506903
0.9975112682854268
1.0074545550232457
0.9945947752898594
0.9919532314745841
1.0021328461578545
0.9946661780689807
0.9911642689903915
0.9987922784634059
0.9855896947452147
0.9938472327912375
1.0065086206124314
1.0011445217454977
1.082826547775037
0.9865236347388943
0.9995203999245976
0.98755170097121
1.002901236471659
0.9930997128758206
1.0072762096763686
0.9845688298350115
1.014292657114365
0.9921079530720367
0.9875088427436759
1.045367018222987
0.9936940466147547
0.9894122831201418
1.0108828893987798
0.9858124241222516
0.9962009413913137
0.9875272486899387
0.9938649184077043
1.0087323758487086
0.9979595488810921
1.0405738011879506
0.9907180332369724
0.9960782230271295
0.9899202932824525
0.9930207409809807
0.9950634178641776
0.9952858577595068
1.0030547099609153
1.001984351112697
1.01020224733999
0.9972902854712937
1.0042086382605366
0.995327182438341
0.9947522667097254
0.9969352747640007
1.003378745717648
1.016513171558019
0.9963069476578723
1.0056566319440277
0.9840072640701149
0.9991748421267178
0.9907542665902367
0.9975345933038217
0.9932676619418894
1.0108529393453942
0.9850795096607008
1.0025599534240768
1.0767129808179479
0.9926008626606746
0.9885151512509278
0.9888332122426738
1.004447901241877
0.9961074693488274
1.0001098746257937
0.986669308359785
1.0037225872451403
0.9925526285705969
1.0557613647470818
0.9878546780547046
1.0185169177529871
0.9847568476567177
1.0003411471235495
0.9901388997790525
0.9849843140715605
0.9917275657465066
1.0069456216829178
0.9835393447829958
0.9955864554968008
1.0043346860755848
0.9887913735539523
1.0032919645165352
0.9919609589069773
1.0196462137684876
0.9923972148311143
0.9897377790330932
0.9947668425719783
1.0393199692382484
0.9887502887536688
1.0022285652542924
0.9898397079985621
0.9876066676179693
1.0337870870039083
0.989615841487878
0.9972830602219303
0.9860394421312342
1.0142333431663957
0.9908547683327599
1.0013477409172409
0.9846679343914699
0.989844435371746
0.9900383522944426
1.0002509879213433
0.9921017177104833
0.9919552889818957
1.0316402058973813
0.9868204948085056
0.9908024992364189
0.9872003559565793
0.9980056492652096
0.9959066091409263
1.0024549830037557
1.015738663550362
0.9934916207966903
0.9967913041737415
0.9984072334255357
0.9849859472499486
1.0442947438278922
1.001651815518332
0.9933074935542672
1.0041596013047323
1.007180055347646
0.9916620085016387
0.9943821065411033
0.9968936825487444
0.9954332507574163
1.0082438706537789
0.9833420853004503
1.0390136158764856
0.9938452223484012
0.9938178300697214
0.9956419636013134
0.993137455440746
1.0032043036728218
0.9905453008388715
0.9929382823531586
0.9902742669742663
0.9954835284018366
1.000562665429501
1.0234506997591426
0.9887542935777158
1.0124866558096846
1.0027153591762603
0.9978124518029796
1.002886361897261
0.9940003407234231
0.9926262597841503
1.0024656638211433
0.9963258588453489
1.0224579325908882
0.9888255952112186
1.0016419357292403
0.9871154412436322
1.025157673437637
0.9970854811784774
0.9970613865715354
1.0052259067210598
0.9987555551330096
0.9877805668753061
0.9952555121675067
0.9941903124349408
0.9991606899678156
0.9976611139042341
1.0442484984662777
0.9869626831747186
0.9868175737807051
0.9897864033636469
1.015542104879808
0.9952573969866316
1.0027008615559323
0.9898144377622411
0.9893337875028786
1.0065619913286925
0.9959834159855575
0.9966962139175511
0.992852384124721
0.9998747067358347
0.9894271561539932
0.9876230005788846
1.0158562809645284
1.015022711264213
0.9864024132385745
0.997031653140165
1.039592487977194
0.9905537662524821
0.9937132400271332
1.000853656488419
0.9862381311831551
1.0161434760282722
0.996710805728712
0.992288480403425
1.0001709127240004
0.9978589134222101
1.0193748813268346
0.9980867137089638
1.0003186073234607
0.9949023605003601
1.0254896829370315
0.994149003957177
0.9971808072671433
0.9961727788280126
1.014623553905926
0.9911742736834706
0.9901980944162506
1.013474816343316
1.0033685047531897
0.9894503216595396
0.9925769890591842
0.981716464823391
0.9981681551489066
1.0289876469768469
0.9891429516694629
0.9974078214691564
0.9937007061943015
0.9922948257268788
1.0136101245815607
0.9913821738013577
0.9873612342719335
1.001802164191541
0.9955856387393816
0.9948907689038211
1.040106457593943
0.9936701412418427
1.0398158212961506
0.9979986595982432
0.9904104826356352
0.9891210898581071
1.0062875196991061
0.9855392852058482
1.0189624838502207
0.9918895116063872
1.0057715262102394
0.9930068093927861
1.019210488369238
0.9849520588148246
0.999746096355117
0.9859528026162263
0.991845016110139
0.9894272817973826
1.0144753723354338
0.9926271236320551
1.0388338372667238
0.9975729971278195
0.9832381171034416
0.9994008212022089
1.0071655269541433
0.9891123734060473
0.9911555835989327
0.9798939105155021
0.9879876670446099
1.0348113708223272
0.9914920374655132
1.0083610067233453
0.9982945033051691
0.9936851252920877
1.0096335620379562
0.9915656988508783
0.9938072281294863
1.0249811258160817
0.9979588420609596
0.9879421542316921
1.0103390267359682
0.9891592223921238
1.004694027600361
0.9984786066759823
0.9933667855244499
1.0025867811089537
0.9995292430646436
1.005416853494113
0.9830680409275006
0.992219357254356
1.0211907002269014
1.001023812213285
0.9997106923752024
1.0364123494393562
0.9894000171897301
1.0164131910521
0.9898848143817701
0.995540387246207
0.9904676044252718
0.9948497428306453
1.0093812961272948
0.9951939100144058
1.029162649668503
0.9917410887040622
0.9835836113567522
0.9940294607910031
1.0172686440337122
0.9835986861890474
0.993717810635838
1.0786307161340492
0.9927350104682846
0.988464910640534
0.9922957838079494
0.992491264052193
0.9962467114596205
0.9917329686467237
1.007200991935328
0.9938954049012215
0.9916114192152623
1.0441112818763048
0.9862726019288235
0.9989417634982786
0.9833986626176013
1.0141681715168736
0.9825585406283902
0.9907735062436954
1.011252905211039
0.9880544915029179
1.000872615039917
0.9992590168498433
0.9902657544889686
1.0207897627169544
0.9934818042259856
0.9954564183664097
0.9909396428972137
1.0159859893796308
0.9905201244869258
0.9918492253544325
0.9977000517926654
0.9850383032225973
0.9911402388870866
1.00926775879958
0.9976038772630709
0.9988947362579782
0.9890916895075129
1.0074751931069634
0.9908947083640528
0.9835819154385859
0.996601359326079
1.0696508105763407
0.9919246933840201
0.9971361521164704
1.004743881077807
0.9968422420406031
0.9936281105249002
0.9968181945904522
0.9920120824929926
1.005379989818244
0.9984558313192577
1.0121631998857628
0.9918778419408258
0.9922285139862728
0.9897397108127435
0.9927483451611046
1.0437114740859934
0.9898220235434384
0.9850647482021935
0.9924689768249058
1.0127596030879367
1.0014404602173967
1.009370097892784
0.9991752033915996
0.9882684090086814
0.9876639743531513
0.9964453889194625
0.9849434689343021
1.0089181773089613
0.9927194454767541
1.0111608098787221
1.001194124950437
1.0438237847637533
0.9892266140274216
0.9981926111463691
0.9941436636991487
1.0084517406867326
0.9994654405177699
0.9820853841119942
0.9942531704683764
1.0155640582049512
0.9999800233735424
1.0008120324916954
0.9941828831901349
0.9890204031589164
0.9933373672774941
1.045594865500117
0.988256818707203
0.9883342444935957
0.9806376541096921
1.0261978861048577
0.9944041744344935
0.9887269037294825
0.9897477363371502
1.0256652998952709
0.9976127046474385
0.9910782318443278
0.9887671090170908
1.0035000665365588
0.9973148984424396
1.018947850018754
0.9957116550540471
0.9864426319096031
1.0084256843316437
0.992097618392517
1.0374386374409055
0.9934318889467407
0.9850954803098357
1.003019510496406
0.9876273350965448
0.9984775071759662
0.9965213164860012
1.0029158283179467
1.0048286036629501
0.9930385206442572
0.990588774442984
1.010729306827225
0.9938265315150415
1.0041549049392378
0.9866114848471099
1.026030577453771
0.9854825313762987
0.9896093708281819
1.0099189499156014
1.0212304372128918
0.9947045653313168
0.9869606887020388
0.9897681535284816
0.9860074999690991
0.9953792820276564
0.996065264804029
1.011785873308684
0.9880886340523338
1.0070892096461939
1.0131678582976038
0.985095778679951
1.0064910607276822
0.9894630430606238
0.9960782073201916
0.9975395724495109
1.0205297000461653
0.9980556764377975
1.002048451851474
0.9899599027801247
0.9967674138015716
1.004239722214047
1.0053658380580877
0.9847756761944121
0.9912220826336294
1.0074143782789047
0.9952686116611213
0.9931802555016104
1.0061969399247697
0.9857375160370337
0.990612081837884
1.0123807900820656
0.9989646488336912
1.0216798011487305
0.9927152990013003
0.9960739507400946
0.9948711668575155
0.9957035031781013
0.9890008971979503
1.000261967239072
1.017429233008296
1.0046101530772762
1.0132466474712611
0.9901075041902644
0.9896266154523112
1.0005018629550086
0.9945838591197118
0.9981893597708587
1.011330928528799
0.9823441251443359
0.996378021694154
1.0079837768873627
0.9927240474365471
1.0451068282915086
0.9957455819427066
0.9951145277934602
0.9883183666991933
1.0044920532411608
0.9918419220016447
1.0113152547735138
0.99939714572354
1.0098190933953322
0.9876275235538448
0.9991756274851571
0.9934032245862452
1.0181174297789144
0.9963904930316072
1.0001675199733315
0.9873006299952369
0.9889060374107719
0.9895335448130433
1.017270559738099
1.0088793365300939
1.0148484475759936
0.9869873235583454
0.9889104662904448
0.9991864811388931
1.021956084511551
0.9998689893226006
0.9918044942955476
0.9943035731572035
1.001552247963282
0.9859148144668247
1.0129488904401165
0.9926072080140698
0.9905666764034893
0.9971198639057102
0.9874370407886075
1.0234815473709304
1.0538981433786032
0.9888734961522089
0.9959111170259831
0.9825573315435174
1.0028840686681482
0.9958076399018326
1.0194342792127902
0.9838042542527557
1.0325175376148508
0.9864863055727635
0.9975212265757787
1.0044768332903353
0.9967331882189497
1.0018857418092852
0.9865742341144818
0.998337807876184
0.991116978385072
0.9994763570044471
0.9912408041519967
0.9934994740541574
1.0164651206570492
1.006175547565038
0.9903724119477731
1.0094939065730746
1.0041304492805105
0.9945030480875028
0.990729137257255
1.0195512061329248
0.9901193462459791
1.0063483354703715
0.9962555701843409
0.9932566831218812
0.9954609576476594
0.9889030062983387
1.0241177359486544
1.0087062253831607
0.989554935652719
1.0060964020676741
0.9986961035552455
1.0018972865448919
0.9980887870490727
0.9968819336922966
1.000956428479434
0.9954207795177219
1.0138505404587048
0.9869144546558053
0.9916604850111725
1.025559298893624
0.9922803445688158
1.0083657342536714
0.9916670344498415
0.9886001159661253
0.9838743998988907
1.0063364456138109
1.0236032576385459
0.9940090893079235
0.9974071931862003
1.0165294240513898
0.9899531807854338
1.0018115570541999
1.006906041489293
0.9880958583303819
0.9867850184699739
0.9997156715506854
1.0005357276248328
0.9891435798825866
0.9863925352507363
0.9971219215291646
0.9988433424324931
0.9845676206702108
0.9977468746519971
1.0098729166810296
0.9914172924569247
1.013164356203762
0.989131643834706
1.0079380090671457
0.9917815633581224
1.0056119621437176
0.991242264807631
1.0015254201642736
1.0047839648900934
1.0186682198133619
0.9970128518130499
1.039131161460965
0.9938974467584837
1.003429039523572
0.993444438442763
1.0012017586287056
0.9901957228600803
1.000829341791815
0.9998815550659825
1.005160645150536
0.9996086899636114
0.9977971530838974
0.9919744190913043
0.9903680143453607
1.0046623940332435
0.9973549357585352
1.0035900361298173
0.9920568137017457
1.0072798221362864
0.9960218665464938
0.9842596620080061
1.0186362825253745
1.0024521243143012
0.9949597687662228
1.0009466743298137
1.0022825819696668
0.9998589681422828
1.0013313583584487
0.9905190564947196
1.0036273716092017
0.9854592111386222
1.0222540140047722
0.9906764285194035
0.989278645902315
1.023814745811694
0.9968676560056072
1.0172306282671708
0.9940059165716072
0.9963921736779244
1.0044101262162666
0.9890214554130872
0.9993734435986739
1.0010804993612303
0.9869696402731453
1.03050727406631
0.9940918789202877
0.9971411940798013
1.0023646986605255
1.0082483626016416
0.9998472034651124
0.9842879907519854
1.0010800752678795
0.9949558420711886
0.9994703254492027
0.9836050144802438
0.9959230228695454
1.003180287640154
0.9912444322321896
0.9948245963066059
0.9971812470646737
1.0021034581569161
1.0366233449601747
0.9883185708646627
1.0024045318411534
0.9887569634606145
1.0017393984992038
0.9885025871666073
0.9887113713058593
1.015397963184213
1.0048746560291337
1.01906232969991
0.988169954366838
1.0102347892175372
0.9841166681913908
0.9983676043147853
0.9981458824440672
0.9973517315163682
0.9967571571208961
0.9833290205562664
1.0210011989442687
0.9915108690134872
1.0106373989040376
0.9914258679458058
0.9944637813338578
1.0094507471167204
0.9965966786407369
0.9970031134489575
1.004350235890034
1.0176101241756945
0.9948626066702604
0.9914683213461264
0.9941432396198491
1.0038985051003642
0.992687640131678
0.9985004081913467
0.9896377977619669
1.0247598229702832
0.9959735520363774
1.0037576923001779
0.9873603548103992
0.9924919080102457
1.0082196675303774
1.0023606776450273
1.0005289578323988
1.00053970154009
0.9915166959574087
0.9897712475189896
0.9926218306005208
1.0027130031166962
1.0022762363021303
0.979304602624658
1.0025896555035418
1.0172185059222123
1.023096427842201
0.9961795642303293
0.9882270263071866
0.9966709570507548
1.0339209470666544
0.9866542792632989
1.0005082086538968
0.9912133658213879
0.9924357737390803
0.9932353694516306
0.9996182399273038
0.9947851095231773
1.00308816593757
0.9942994580098161
1.0020444622445968
0.9962895129275717
0.9904619503547795
0.9946710942764159
1.046483762877676
0.9886104499482837
1.003345996618702
0.9953882977565495
0.990446967070925
1.034236153516928
0.9866835365381842
1.0022956973957984
1.007006232738789
0.9907074475111396
1.0030189136290268
0.9925178391067416
1.0041151036270053
0.996314832554656
0.9828954533178165
0.9984373597207721
1.0242902253271176
1.0041169570427826
0.980932086386227
0.989130795747211
0.999253566461581
0.9966776168211906
1.0107255061272171
0.9959491905983713
1.003779823401709
0.9972196036963129
0.9973279667219983
0.9997605940808876
1.0058695985160857
0.9879122050062664
1.0079726569121497
0.9930049717426856
0.9964979444876848
1.008200380414112
0.9894816540053915
0.998272764632821
0.9991508258661378
0.9913393906378882
1.047899871152409
0.9937602026513934
0.9942258094697007
0.9966413022275016
1.0243835962955306
0.9913159101706689
1.0148035820283454
0.9928911317675351
0.9934237372727105
0.9946104348915861
1.0042784240022096
0.9982257846030244
1.0216721553463812
0.9814325126260873
0.9999404412813401
0.9877596009270755
1.0139718549384835
0.9896994575664543
1.0287368710354319
0.9965512854248837
1.0011349246713064
0.9921784425419414
0.9910281927762381
0.9953166902720724
0.9937303444713644
1.0021429615352007
0.9899580809310067
1.0257346012896582
0.9855812617423984
1.0152124891454635
0.9974482986028976
1.0460757807006105
0.9940696226268091
0.9971174764342514
0.9844037871102922
1.0188362118317045
0.9934748933609627
1.0126146177483029
0.9855226390812548
0.9987421412227384
0.9933409012360768
1.0223639880364659
0.9887522361974741
1.0037425036712329
0.984433576395825
1.0229851073615492
0.9825306688796832
1.0081434928093183
0.9971421836240233
1.0083783462347384
0.9950974073779063
0.995642104963244
0.9948494286953892
0.9972049961329242
0.9886267518886097
0.9897100901998666
1.033974493889067
0.9941230722955878
0.9964392474900227
0.999093808848591
1.037358501700104
0.9872527151485347
0.9876675864548266
1.0065129870232223
0.9954469471331254
0.9973845907082177
0.9962113708083675
0.9890147492563264
0.9983895314796798
0.9914488615705654
1.0405285134473004
0.9921457736157011
0.9892669768109142
0.9918410738704094
1.0017085496904086
0.9903671819420886
0.995149726748553
1.0175443628319594
1.0038676409580884
0.9846899977983776
1.0081013532270908
0.9870911776876473
0.9975261743069725
0.997532347190822
0.994733198720879
1.0119712861034416
0.9860723108656736
1.0026605572230491
0.9838022913703874
1.0056584225051741
0.9996292035370228
0.9970639782337876
1.0052584982228003
0.9901463442586874
1.0013543379205776
0.9978283945144064
0.9905994386742887
1.0000230453381098
0.9974408848625996
0.991133139799701
1.0215321126874437
1.0143784792093307
0.9875944179016224
1.0036773668945151
1.0141484315500955
0.9950539152526259
0.9963933674080311
0.9961099510456054
0.9886489746782705
0.9872474226895384
0.9906073543937534
1.0052744405677798
0.9903378750731486
1.0196436230840649
0.9999652429176704
1.0397424750633955
0.9946330368690479
0.990043095392142
1.0190126815987466
0.9920624993422179
0.9983715625134904
1.001542101149632
0.9955473296816735
0.9968231894230359
0.994854611927247
0.9974064392466555
1.0398470917212446
0.989698562352226
1.0025962681816394
0.9883239733974345
1.027366164173545
0.9969285521544682
0.9909608301469809
0.9963450684678767
0.9949747844494665
1.001211858330397
0.9944479646903062
0.9985568753792881
1.0016537160818566
0.9866283670421424
0.9916852849277915
0.9892732275486095
0.9991179978856399
1.0035187578499256
0.9898779824582652
1.0039161439936106
0.9945388436748989
1.0168506092043565
1.0034110393064426
0.9905987005020971
0.9908229482579244
1.0101662345130578
1.0008946836098427
1.022222630880993
0.9982940477982898
0.9913740223812105
1.0042388583347013
1.0032183143324243
0.9885125442031327
0.9902607286680529
1.0071123765677499
0.9929081889044655
0.9936143987151551
1.0365214005380823
0.9895086673727833
0.9883624978732517
0.9950581875010147
1.002941980547418
0.9900805847264621
0.9937206849362918
0.9916251934439132
0.9984116471318012
0.9953166745652374
1.0199153922862858
0.9895732953457919
1.0180852877176312
0.9939786970120377
1.0006974486828422
0.9970954551530078
1.003852577997423
1.0053457491518005
1.0007679738807804
0.9899344597208952
0.99376929675473
1.0130579426516324
0.9968501897943643
0.99591963017522
0.9874462908582418
1.01561156087785
0.9867991210565226
1.0419271180810838
0.9869448899693616
0.9990552948775155
0.9974435393585639
1.1081324429698631
0.9874800245769013
1.002391322179174
0.9852755235993388
0.9985585874582893
1.000249432910673
0.9876244140085055
0.9887812594023535
1.0106216463830546
1.0209039670864515
0.9915492860182539
0.9955544920137359
1.0225785810565022
0.9968460745542248
0.9901024626793232
0.9882303714728319
1.00468144642608
0.9870448492573028
1.0360007490441117
0.991902312116912
0.9939366347211595
0.9908613490909254
0.9875179986015529
0.9856955236080829
1.020148079277118
1.0064096223907022
1.0186952738382322
0.9947954916870188
0.9925138497066248
1.0006476883607938
0.9847887729484338
0.9863697797689895
0.9958643889572739
0.9906102128482939
1.0248098666982461
0.986664754087486
1.0180322775730342
1.0075976864417513
0.9857560781514393
0.9919063485974687
0.98901306879097
1.001133212590946
0.9997536043864349
1.0326051378219046
0.9850085447937484
0.9864956810476352
0.9902852923724481
0.9938740910557675
1.0032242987057038
1.0086627511894743
0.9833351917628459
1.0027710878296365
0.9862224112776485
0.9915113873130579
1.0389045539375126
0.9964334359074242
0.9958631166975036
0.9872805594623688
0.9940009532813743
1.0114672962460527
0.9976143853060705
0.9979959736813261
0.9943081123848887
0.9939073262070311
0.9977410630251716
0.9902327568425168
1.0150394356309074
0.9940935124099481
0.9938202017632085
0.9933902824346997
1.0070730791817404
1.001761906818403
1.0034561812080232
0.9903325194252581
1.0003438644652793
0.9893250081892954
1.062206475818286
1.0003400319139362
0.9908561504489676
0.9975659446458992
0.9860931031432358
1.0032488487700428
1.0247378934807374
0.9902079104611748
1.010789395538974
0.9893534349530068
0.9970838319386501
0.9849404381360374
1.0174778633245218
0.9926170558780669
0.991406706598765
0.9911134445486717
0.9987891370321055
0.9900713969314289
1.0031915338665054
0.9874874372041903
1.0026834267130809
1.0267885794788854
0.9845055764435006
0.9952268472141439
0.9984618000332796
0.9899709124042304
0.9931166287046169
1.0209940239281077
1.002304493369768
0.9940668268472386
0.9932163489301628
1.0011716323009057
0.9891251889469448
1.0117654411018389
0.9805411698580733
0.9925399221683856
1.0610286697007065
0.9869981125649485
1.015056207100043
0.9904582437977876
1.0020760963697715
1.0014862622546477
0.9860735829004355
1.0173089052041417
0.9910676774608909
0.9840435383955632
1.0033341849515138
0.9893585706187846
1.0005888335818256
1.020856489284324
0.9905566561156944
0.9905124600727483
0.9988376093196938
0.9982623350969547
0.9908381829409945
1.0274011649182324
0.9913250039424573
0.9973323804079691
0.9922445029312347
1.0081690781025026
0.9862115282701331
0.9910951157207734
1.0110313829503128
1.0141238547264044
0.9854352941705543
0.9902534883456615
1.0068807855449011
0.9949924545817084
0.9934642914669692
1.0036042666502807
1.0164335106601219
1.0033485411532668
0.9931398585260673
1.0038966045605195
0.9946677487422548
0.9985188169647967
1.0369612823542127
0.9839714765842275
0.9962336432710377
0.9982540417313548
0.9918293256833972
0.9949800776354183
1.0110121596981532
0.9899741320522528
1.0006159441637552
0.9931055242557421
1.0050765511150168
0.997568363537221
0.9899464744972426
1.0137274195859574
1.0129581247119366
0.9888930805844418
1.0034866370619988
0.9904779231054917
0.9902112243583674
1.017293501073404
1.0331578249970208
0.9905819581313128
0.9917029856978419
0.9927939250139574
1.009416131573871
0.9945242835549445
1.0333676760830526
0.9961421188663926
0.9899004885454703
0.99010370342496
0.9910452808145388
0.9983061894129371
0.9927465703431834
1.002390426875062
0.9889816739402606
1.0344876736856166
0.9983924058860815
0.9988799558203932
1.0033071060726992
0.9993198036036883
0.9860173778519827
1.0132323564433754
1.0081304724196796
0.9854973087202687
1.0303837731469279
0.9925214829684738
0.9996828906700943
0.9907470890233111
0.99111446543472
1.0070455772810876
1.00908568080294
0.9944329490908551
0.9926078362669135
1.0057169769759353
0.9923394628960099
0.9892628934148828
1.024266537164276
0.9950185435560035
0.9864273830447811
0.9884943105780445
0.9878505790857898
0.9933805129965289
1.0416223347445832
0.9954883818213954
0.9962737431374228
0.9891148234356484
0.9912813098742271
0.9938780491165515
1.016677344892813
0.9964322735909331
0.9940733922173878
0.9962460674743358
1.0118194348753466
0.9937840923447442
0.993504405900257
1.0000444228093464
1.0202207110863521
1.0034148875205875
0.9973583441926646
0.9965758668704705
0.9956745239705543
0.9989930787988893
1.0129157381297311
1.0015715991611815
1.0078111029269454
0.9979233596929484
0.9842280198986839
1.008813638540335
0.9950451665680694
0.9970069302593325
1.0142555014997128
0.9895902886693408
1.0018166775778559
1.0018207143096283
1.0042057796044734
0.9915807609663484
0.9981468248715971
0.990940129779808
0.9979081395021588
1.0110028150587458
0.9926669862982266
0.9968630695542678
0.9897825555062683
0.9931901662715664
1.01592107242627
1.0004118451283026
0.9962428004270856
1.0155308612539735
0.9816285969715096
1.0374072043362605
0.9879403324638217
0.9910184079919596
0.9920026587873543
1.0335788264529802
0.99462446099648
0.9890100690819361
0.9934513335985281
0.9820386859911706
1.0000126157709437
1.0162885879049077
0.9858415393833039
0.9961963078403273
0.988108390885248
0.9898634233968466
0.9995057765439762
1.029801486046701
1.004006144719732
1.0086770750603837
0.9930076104197678
1.0060967319061833
0.989590257258386
0.9859702341493743
1.0110946123152627
0.9989065951641475
0.9967757228129084
1.0046279332250807
0.9935385989947881
1.0578522728462538
0.9890881401074875
1.0030729301180683
0.9922898939655267
1.01110978358041
0.9911182348602898
0.9854906188698223
0.9987295912063958
1.0047921481429891
0.9888633662768161
0.9948088267221008
0.9874591844223859
1.0100094771090824
1.00974841785358
0.9918229647007287
0.9981023894171622
0.9994554978760585
1.0153806736752782
0.9905036962562638
0.9946714555312857
0.9998404964996411
1.016868227650433
0.9973391815684051
1.0009174275870458
0.9980412101805998
0.9984920676979072
0.9936721830933861
1.0011933710068968
1.0197177322553803
1.0144718389603975
0.9824740304295211
1.0149520291297158
0.9925853291124287
0.9898119405798673
0.9963184294499547
1.002393364100819
0.9910122198628224
1.0364843966737265
0.9939102947538064
1.0440902438375899
0.9865600687950699
0.9921183819904651
1.0147683742309659
0.9968214930647821
0.9881017005735389
0.9852587676766223
1.007645983212782
0.9928099926260219
0.9952431194826
1.0016589779725438
1.0055610567638193
0.9837905925940631
1.0012760063520787
0.983119624264368
1.0016156576877002
1.008968373439427
1.0166800457761442
0.9953844338726463
1.0192246353113388
0.9940113039407702
0.9852586106389603
0.9993250183848789
0.9981751448204059
1.064291850402436
0.9836161164731834
0.9918818313013478
0.9925066719282748
1.0290410848992049
1.0016007673200726
0.9898572825210964
0.9902211189342026
0.9959003420814894
1.00824668204776
0.9900669522380228
1.015664496831293
0.9960160706891266
1.0095487510713603
0.9867500604106311
0.9907916307887946
0.9929869093724196
1.018361469547493
0.9880202076370287
1.0041713029504002
0.9980251732123958
0.9939275091858985
0.994395504343343
1.0034663279243998
0.9895688664029355
1.0028860320492397
0.9956413981535934
0.9802017114782021
1.0011128404048646
1.017611050611876
0.9943284211123162
1.00209365692009
0.9950816848703742
0.9865162222973602
0.9914110571663514
1.0120998150393754
1.028988776943441
0.9935249814399376
0.9877396243931554
1.0041650673084883
0.9861584481360486
0.986636627542211
0.9963472203227354
1.0181523196535616
0.9846650449499622
1.0041353498367986
1.0010982170386487
0.9927510466539569
0.9935443004631019
0.9960834848514313
1.001972932037927
1.0069861442395576
0.9907321213649347
0.9919168088946128
0.9807258955148263
1.0365251966049822
1.0012596552045312
0.9915733634096803
0.9955165756382386
0.9882553424359676
0.997565065049062
1.0121473850930336
0.9925626806086606
0.9962921202834915
1.0011590979887097
0.9900447758937524
0.9991157360535601
0.9956277017541132
1.0086603167593062
0.9960495421617754
0.9844886010633394
1.0006509711599192
1.0578769601298028
0.9920826660932217
0.9912421862777573
1.0155356507878053
1.00292529966638
0.9877982819320741
0.9903681085796939
0.9919359075798465
1.017364256370583
1.020057328468757
1.000523224713478
0.9935897551593509
0.987858117419741
1.0047030433223405
0.9850015566705056
1.0034972078648867
1.0067551653633473
1.0015965578067325
1.043401798799054
0.991665338192276
1.0023691594745043
0.9926582221639447
0.983510828287204
0.9892870953942774
1.000775811758667
1.014863224769891
0.9967509685573882
0.9951815801640591
0.9969531964884286
1.0486787759269656
1.0024997638975843
0.9926073650772801
0.9871870541574354
0.9899758125515472
0.9903325979538155
0.9937254126110349
0.9981519296874425
0.9945034878752398
0.9929262355483073
0.9972545990250304
1.028752235658627
0.9942161184636304
1.0019929429058898
1.0042393766623094
1.0018133476667774
1.0002118927537362
1.0164404356548093
0.9888468443764303
0.9948695961808987
0.9913303439818273
0.9974769326067173
0.997766979740564
0.9927906423839928
0.9851224435567499
1.0341982807797445
0.9906093019122147
0.99254838786749
1.028953198654169
0.9947793451452516
0.9865287700541306
1.0007509944295654
0.9947039213550191
0.9913427046042655
1.0058905825823008
0.9996290935867816
0.9951887424718532
0.9977436075752764
1.0007527693398424
1.0124136601560807
0.9860955686935634
1.0239782897629879
0.9884861910420302
0.9967849114176462
0.9911166171484518
1.0056246688508046
0.9975256716803058
0.9980883001282879
0.9947614237436179
1.0799044932586999
0.9833836192905774
1.0006913857144897
0.9879899599619694
1.0195603285142092
0.9872321106831149
1.0056243390104704
0.9928275209343265
0.9898876727960224
0.9886928077895251
1.0007300253564693
1.0090487091423057
0.9796421489904048
0.9944904198976755
1.0194111983693346
1.0019518059628922
0.9903965830619627
1.0053623040443944
0.9818409499973504
0.9858672154829586
1.0157541312859806
0.991778202248842
0.9944007817900299
1.014769599123729
0.9950157320406865
0.9886089108444038
1.0172125075579384
1.0058202482442118
1.0028025176516633
0.9873182977263014
1.0033696827782783
0.9923207567457549
0.9902295057666484
0.9945263254270745
1.0267738096240238
0.9916213768671269
1.0090475154943959
0.9851149371876414
0.9977266439084652
0.9954722194638853
0.9961791401426742
1.0138315541167213
0.9844033788229655
0.992221728894916
1.0097982362678493
0.997943967424425
0.9831493966056498
0.9997381956443677
1.014941162189746
0.9883357992927705
0.9999741331812433
0.9979492136002482
0.9926480758736936
1.000247186784147
0.9971717442968512
1.0141952766561233
0.9972741700241898
1.0231135552268273
0.9963823568188842
1.0099092281271487
0.9930984563613042
1.008220311481222
0.9919916958782491
0.9868424496375571
0.9858509775070635
1.043163732110605
0.9896580421465725
1.012148468728479
0.9928208614331605
1.0033115825698227
0.9984478363840688
0.99533651229963
0.994063826881623
0.9906471371841846
0.9888086492840364
0.9859131655402179
0.9970201241724111
1.0076208688962836
0.9998602718381533
0.9940103929570386
1.0201261295445094
0.994376169414847
0.9969004208638589
1.0499735021430736
0.9871664026128524
1.002209512539412
1.0042563401100397
0.9907815476355745
0.9949938996059948
0.9976827739873303
1.0069298681401984
0.9956570736219774
0.9930019718182642
0.9881775084634956
0.9995889146278397
1.0163376597783629
0.9991747007621987
0.9929205655404761
0.9888035450903612
1.0129040068221877
0.9964165194913407
1.0002722240265356
0.9958976876128025
0.9940277801827275
0.9956773512099958
1.0034700661881484
0.9996571780200995
1.020720366890427