1.0
1.0125231670932824
1.006679227974608
1.0022358820908113
1.0029556548381486
1.0007146914701792
1.001043519786585
1.0026517392363796
1.0028726796919498
1.0005010131368905
1.0046753952412402
1.0006212879762089
1.0034157160497206
1.002319258573968
1.0009205712626412
1.0008822027612578
1.0054523714841614
1.00802004865809
1.000382030602801
1.0037067962754922
1.0012117885373233
1.000319776440928
1.0008587627695802
1.0050049290956167
0.9998193367085212
1.000191569401653
1.0014037645594807
0.9997941141898011
1.000353287629333
1.0010963265914967
1.00193227735799
1.000815759740588
1.0011221283952356
1.0011199448229557
0.9996577521681503
1.0004216468861182
1.0001662131945352
1.0003512823055805
0.9998753075282226
0.9998610028839273
1.0001826122880928
0.9998350227980198
0.9997075733238723
0.9996600694311716
1.0001223634439549
1.0015617837430482
0.9997291862586184
0.9997532947077767
0.9996950066279175
0.999827669943557
0.9996885895917221
0.9999185334006786
1.0033562254530815
0.999871876196097
1.0004552471973704
1.000399276386582
1.0007926316853957
1.0000300294149747
1.0001326574403286
0.9997844440722675
0.9998434005958544
0.9996663082162462
0.9997620290073594
0.9998024474247571
1.0001078805485804
1.0000808755189352
0.9996104265280594
0.9996765130861744
1.0002148757218625
0.999599820593883
0.9995979935211975
1.0007738262140735
0.9998466982396885
0.9998611811349462
0.9996675114105135
1.0004503898580073
1.0004566286425067
0.9998385878183723
1.0006383109420915
0.9996159523089259
0.999748660181483
1.0012758251180154
1.0000167497138164
0.999734400100647
0.9997362271734984
1.0006985151979773
1.00056482698475
1.001071549728501
0.9996900601625145
0.9996056137511953
1.000188539134382
1.000582295579194
0.999800664914604
0.9999764204200137
1.0013609398331995
1.0000574800723636
0.9997958966999497
0.999612075349767
0.999853961968687
1.0001204472454928
0.9998139000525224
0.9996618965039404
0.9996423334566049
1.0000601538376899
1.0009351878338901
1.0002773527013946
0.9997245962951348
1.0000994136251093
1.0004269944158262
1.0003990090100912
0.99967481970164
1.0005122875111605
0.9995884125303316
1.000510594126891
0.9998389443204075
1.0005206653069767
1.0002213818838692
1.0003907203388438
1.0029210298760083
1.0016301873986155
1.000186444684943
0.9998798083664698
0.9996193390778554
1.000292860539079
1.0000825689036363
1.0000409918528357
0.9997871624002338
1.0009782354163819
0.9999342640533162
0.9999010648006299
1.0006420096492898
1.000081900462307
1.0002443762645055
1.0000483447074935
1.0001354203311255
0.9996724578758454
1.0002102857582444
1.000156364825806
1.0004812272781818
1.0009135303531795
1.0002487434142877
0.9995776283453539
0.9998607355073987
1.0015349570285008
1.0023157381351842
1.0031982521815423
0.9998189802064882
1.00011835279601
1.00086165934655
0.9997401932584742
0.9999138097486191
1.0008733793424496
1.000341032873023
0.9996864951424138
0.9999170628297541
0.9999734792781465
1.0012494440087658
1.000024771009819
1.001672967527283
1.000944635129729
1.0012868321005746
0.9997773140317155
0.9997869395864659
0.9996691156695384
0.9996598466174192
0.9996538306461232
1.0004410316811925
1.0011024316816337
1.0030691551465363
1.0001525324289169
1.0000422396099902
1.0019883370890796
1.000546957325281
0.9998561455436651
0.9996456756628507
1.0007560011222676
1.0002300716207664
1.002285524746814
0.9998944249501165
0.9996884559034682
1.0007966423308663
0.9996700514873037
0.9996676450987656
1.00037476687468
0.9999520891554939
0.999862562580343
1.000763933288181
0.9996462104158508
0.9997247745461438
1.0002692868432357
0.9997324839022931
0.9998183117651762
0.9999919282589548
0.9996699177990515
1.0001865338104512
0.9996877874621994
0.9995726818803763
1.0003468705933147
0.9997896133516813
1.0000588169550269
1.0001941986041347
1.00052556720875
1.0001379604081466
1.0009740465213477
1.0006507885084728
1.0001329248168573
1.0002525758110277
1.000608275656495
0.9997415747038046
0.9998549869120439
0.9999848873435725
0.9995662648447609
0.9998776693542326
0.9998528033370666
1.0001259284643471
0.9996378326188735
1.001283133397968
0.9997895687889278
1.0009269882939702
1.0015522918991195
1.000627660447773
1.0011441423682301
0.9998784269210664
0.9998257537451241
1.0006323395352528
1.0006153165692426
0.999795673886181
1.0014453415260653
0.9998572150497772
1.000806490693524
0.9996266473687335
1.0000720966561354
0.9997917078011024
0.9998911273062409
0.9999939335829562
0.9997691590478621
0.9997740163879679
1.0010982427876798
1.0017235906716169
0.9999680871847251
0.9995738405118106
0.9996331535301582
0.9996278951257167
1.0015563916627288
1.001664589752563
0.9995652844643227
0.9996424225821047
1.000984028569032
1.0002878695108737
1.0001778886361539
1.0001677728909373
0.9995706319939954
1.0002324780094394
1.0001995015718446
0.9996817714907926
0.9999204941619116
1.001005240419707
1.000551680975948
0.9996217454663108
0.999701512789641
0.9997898807282032
0.999704231117492
0.9995478158675671
0.9997547652786224
1.0004448640774213
0.9997237050400909
0.9998008431656191
1.0021847242973352
0.999716218497739
0.9997006215346088
0.9996527611401174
0.9995869419596469
1.0002880923246333
1.0003702214742407
1.0015006437857483
1.0011945873385675
0.9997689362340959
0.9996991509638069
1.0000256177021747
1.0010355430619544
0.9997530718940126
1.000341924128031
0.9996875200856921
1.000694638240122
1.001183535790807
1.0001853751788459
0.9995985282741786
0.9998485253126255
1.0005075192975523
0.9996303015141874
0.9997826169993739
1.0004106398873938
0.9998277590690654
0.9995993304036499
0.9996319057731703
1.0035023004478054
1.0004621098602875
1.001470162928181
1.002265738985794
1.0007040855396863
1.0000343520022623
0.9996196510170994
1.000121650439876
0.999684890883371
1.0001313205576843
1.0008366596586922
1.0001427286229008
0.9999570801841097
0.9999740140312133
0.9997717882503032
0.9996116742850272
0.9996415313271072
1.0013313947797862
1.0005664758061792
0.9996693384832919
1.0006812248570376
1.0010565320968703
0.999669650422547
1.0010693661559793
1.0006421879002385
1.0000135411954147
0.9996743295113806
0.999581950931883
0.9995881897165912
1.000276149507086
0.9995721025646597
0.9997577955458226
0.9997667972219431
0.9997512893838986
1.0004950417291227
0.9997130545423496
1.0005616630301069
1.0019359760528674
1.0004148287857055
1.0022861040596098
1.0004150961621932
1.0018630716478092
0.9996611834999329
0.9996475918611016
1.0003497671720765
0.9997980357121298
1.000173521486241
0.9997538740235643
1.0008685665684969
1.0043497372578603
1.0015720331516693
1.0018620912705873
1.0009886185283923
1.000491209333074
0.9998199160243252
0.9998335967898804
0.9996543653991261
1.0006426780903477
0.9997421540195888
1.0004098377579282
0.9996567717876426
1.0000711162755174
0.9995681364801451
0.9998458961101071
1.0011251586587897
0.9999195583440503
0.9997197835179027
1.000000038680472
0.9996347577891445
0.9995758458354497
0.9999385420778354
1.0029950925277014
0.99997414771948
1.0006820715490006
0.9996749088271418
0.9997655494648547
0.9996711209933218
0.9996653723984834
1.0001595733441284
0.9998806996215686
0.9996190717013607
1.0000546726187702
0.9995941165620941
1.0001230764480336
0.9995948741288145
0.9997667080964364
1.000608721283886
0.9998314132149178
1.0004046239163888
1.000219465685472
0.9998815463139129
1.0003444642048003
0.9995744643902758
1.0005589001401276
1.0026970592346571
1.00335448752518
0.9996305243279349
0.9996997302795774
0.9999734792781465
1.0006113504854872
0.9997115394087852
1.0003527974390827
1.0020661879031034
0.9995629226387251
0.9999952259028683
0.9996977695185093
1.0004312278768275
0.9996417987036064
0.9995631008897136
0.9997430452746412
0.9996031182372728
1.0007691471275215
0.9998419300249562
1.0022908276869642
0.9996645702689729
1.0018307637602153
0.9997855581411057
0.9997658168413734
1.0001027558317443
0.9997045430567539
1.0002378701025676
0.9996139469852215
1.0000025787575404
1.0011663791535905
0.9997223235947735
0.9997356478577161
0.999597057703482
1.0009812211181404
1.0000536031126392
0.9997048995587674
1.0017565670109017
0.9997003095953477
1.0001621134211314
0.9995907297932319
1.0000658578703827
0.9995964783877533
1.000865358052506
0.9999666611765476
1.0008025246108434
0.9998347554214937
0.9996871190209309
1.0001240122658865
0.9998617604507576
1.001879114183656
0.9997137229836287
1.000493838535016
1.003358319878987
1.0009469523909469
1.0021186825993382
0.99975503265514
0.9995839562555356
0.9999822581409934
1.0013835776704088
0.9999014658654264
0.9996329307164104
0.9997230811615604
1.0012708786601654
0.9996782510334614
0.9996897036605041
0.9996528057028676
0.9997231702870647
0.999638634748369
0.9999102447281996
1.000447448716731
1.0000283805930192
0.9999867144165513
0.999841528960166
1.0000327031803073
0.9997784726633038
0.9996111395320407
1.0003827881695355
0.9995938491856045
0.9999282480813401
0.9996393923151154
1.00026278068138
1.0005655399886118
0.9997740609507213
1.0010650881363152
0.999922098421103
0.9996251322352553
0.9995986619624235
0.999682573620312
0.9998871166582871
1.0006468224248948
1.0004281084845124
1.0000786028184145
0.9998026256757726
1.0004242760882276
0.9996976358302547
1.0021191282248934
1.000435951528032
0.9999635417836601
0.9998257983078784
1.0052504634216124
1.001456526754171
1.005837292296635
1.0007551544303948
1.0017769766892526
0.9997230365988083
0.9998902806138948
1.0055398009695136
1.0001348410153135
0.99968368768909
0.9997344446633997
0.999823971234955
0.9999354226849565
0.999818579141701
0.9999039168169606
0.9997615388170756
1.0001311868694196
1.0001995015718446
1.0001084598643963
0.9995575751090886
1.0009555529949932
1.0009431199973888
1.005337447482588
0.9995758903981973
1.0000341291884847
1.0019913227818824
1.0002482086612536
0.9997647918980513
0.9996727252523502
1.0000343074395068
1.000520264242285
0.9999805647562816
0.9996856930128922
1.0002016405840268
0.9997861374569019
1.0004030642201975
0.9996245974822637
0.9996183586973749
0.9998009768538804
0.999653073079369
1.0003545799490834
1.0011209252023479
0.9997647027725451
0.999895137954198
0.9996770924019367
0.9998238821094467
1.0004852824879933
0.9998524913977842
0.999899861606241
0.999633510032155
0.9997483482422137
0.999558154424798
0.9995866745831592
1.0001057860990916
0.9999248167491782
1.0002445099527641
0.9996827518713166
1.0000915705801972
0.9999706718245465
1.0008804648151397
0.999889790423589
0.9997822159345926
0.9997780270357696
0.999653652395122
0.9998475003692705
0.9997901035419714
0.999837072684722
0.9996542317108755
0.9998819473787076
1.0018065662639657
0.9997102916517331
1.0023741150239924
1.0003211133234584
0.999939433332944
1.0045290542517817
1.0009149563601665
0.9998206290283913
0.9996428236468539
1.0007256093396364
1.0005703527646628
0.9997177781940598
0.999948836074344
1.000973288955221
1.0003465140913128
0.9996823508065569
0.9996043659942335
0.999735068541934
1.0000398777839479
0.9999299860287992
0.999685871263897
1.0002671032683688
1.0000178637827057
0.9998897012980791
0.9995876995263631
0.9999093089103399
1.00013452907603
0.9999871154813516
0.9996265582432347
0.9996417987036064
0.9999494599529205
0.9997279385015537
1.0002263283494917
0.9996386793111188
0.9998216094089832
0.9998831505730919
0.9998146130565869
1.0012305939921367
0.9998403257657954
1.006027613126798
1.0002955788669348
0.9997273146230219
0.9995832878143177
0.9996766022116761
1.0006597901812364
0.9996867625189212
1.0002671923938735
1.0027156863300588
1.000053870489172
0.9996791868512322
1.0021384238106212
1.001925370156571
0.9998920631240971
0.9996772260901893
0.9997363162990034
1.0003842141775046
0.9999511087748734
0.9995929579306401
1.0006359045542663
1.000946016573918
0.9997016019151443
0.9995868082714032
1.000373251741202
0.9997372521168058
0.9998252189920734
0.9996734828191144
0.9997234822263298
1.0004626446132403
0.9997364499872609
0.9997969216432858
0.9996378771816233
1.0016150806642463
0.9997098014614628
0.9996909959802923
0.9997960303882109
0.9998770900384187
0.9996631888237055
0.9999308772839068
1.001503228419742
0.9998000410360502
1.0001920595919462
1.0001027558317443
0.9997340435986276
0.9998353347373006
1.0018317441375506
0.9996031182372728
0.9996497754358562
0.9997046767450092
0.9998350227980198
1.0015025154172628
0.9996102037143152
1.0006847898758218
1.0025736658215758
0.9996784738472164
1.0019923477211947
1.0001886282598902
1.0003999002650605
1.0037209670363105
1.000178690765729
1.0004695072761103
1.0001749920571308
1.0007239159558137
1.000087158867429
0.9997819485580717
1.0000757953648292
0.9996706308030633
1.0000335944354182
0.9998015561696804
0.9998281155710996
0.9996639463904649
0.9999585953177971
0.9997094895221997
1.0002109987623022
0.9997859592058878
1.001002121029958
1.0008370607232115
1.0006781945910577
0.9995855605144602
0.9997009780366217
0.9995969685779852
1.0032352388859553
0.9997203182709279
0.9997257103639404
1.000716162040361
1.0007544859894417
1.0001175952291754
0.999691486170557
1.0002714704180997
0.9998605572563799
0.9996106493418034
0.9997334642828462
0.9997966542667635
0.999739569379938
0.9996642137669681
0.9996344012871475
0.9998267341257174
0.9997426887726201
0.9997504426915947
1.009580247830418
1.0023500958327476
0.9997361380479934
0.9996561033463877
1.0004184829310296
0.9996511123183606
1.00099062385043
0.9997184020725882
0.9997072613846099
0.9997631876389395
1.0002700889727778
1.0010297944726136
0.9997420648940833
0.9995728155686187
0.9997843549467605
1.0002680836489215
0.9995621650720252
1.0031818086920654
0.9999306990328851
0.999721164963218
0.9995853377007207
1.0022652042354714
0.9995900167892621
0.9998594877502667
0.9999126511169826
0.9998073493276856
1.0021734054111613
1.000832025135337
1.000097363738372
1.000616920827835
1.0001595733441284
1.0016619605572568
1.0277627629305846
1.0004845694840716
1.0045465224922674
0.9996102037143152
1.000174858368868
1.002345461331712
1.0001683967694979
1.000370622538986
1.0001747692433596
1.0004396947987841
1.0007496732145602
0.9998862699659417
0.9998081960200104
1.0002801155920267
0.9999435331064442
0.999972721711302
0.9998647015925715
0.9996968782634792
0.9998446483529804
1.0022676551744392
1.0025170714886633
0.9999333727982082
0.9996461212903506
0.9997776705337427
0.999614570863707
0.9996996857168257
1.0000802962031163
1.0004040891634092
0.9998214311579665
1.0002064087986764
1.006184245372536
0.999950707710074
0.9996368968011292
0.9998006203518498
0.9996649267709776
0.9997644353960264
0.9997048104332642
1.0027130125844228
1.0002391624224063
0.9997389455014022
0.9996926448020925
0.9997477689264278
0.9999861796634844
1.001644937631161
1.0004515930521634
1.0009541269881144
1.0038135225660252
1.000221471009376
1.0002767733856164
1.0006211097252553
0.9999873828578852
1.0000659469958932
0.9998208518421623
0.9996996857168257
1.0008463297698076
1.0015187807859343
1.000021384240396
1.0063731394460473
1.0004249890921886
1.0050351864441258
0.9997356924204684
1.0031524421307036
0.9998416626484294
0.9999396115839657
1.0031799816375728
1.0022381547799732
0.9997131882306055
0.9996243301057678
0.9996976803930063
0.9999039168169606
1.0005265475891016
0.999984218902239
1.0000722749071569
1.0139316382147756
1.0032321195256826
1.0002531551268132
1.0011274759191406
0.9997434909021679
0.9996181804463786
0.9997655494648547
1.0010653555125453
1.0003184395583966
0.9996461658531006
0.9995726818803763
1.0021582095827855
0.9996579749819022
0.999924281996114
0.9997502198778309
1.000668435352008
0.9998048092507122
1.0004125560855595
1.0029495497938563
1.0015717657757965
0.9997430452746412
1.005147704485011
1.0001392972907888
1.0000894761307015
1.0200192760508555
0.999767822165266
0.999786627647191
1.0000645209877206
1.001147038943542
1.0021635125259394
0.9997479917401914
1.0010842055363844
1.0075469991141868
1.0004531973110362
1.0002038687217145
0.999876020532301
1.0038001093709776
1.0002026655273635
0.9996728589406029
0.999952000029983
1.0000408581645692
1.0034876394802998
0.9996947392514086
0.9997206302101926
1.0008912044308094
1.0037801901053787
0.9999825700802825
1.0011765394479217
0.9998267341257174
1.0029154595789975
0.9997440702179525
1.0036251138423051
1.0003130029027565
1.0002615329243092
0.9998705838762062
0.9996639463904649
1.000844948325372
1.0000084164785226
0.999772233877836
1.000303689287724
0.9996762902724199
1.00005320204784
1.0000969181108204
0.9998441135999262
0.9996874755229408
0.9996039649294961
0.9996867625189212
1.0003888932661422
0.9997037409272235
0.9999962508462467
0.9997011562876282
1.000504132528994
0.999745585351544
0.999861715888003
1.0012297027383736
0.9998000855988042
0.9998219659110165
0.9997233039753213
1.0005473583899613
0.9995996869056377
1.002623085583852
1.0019109318768833
1.0050128610671012
1.005755522387599
1.0021099929008452
1.000017640968928
1.0000982549934754
1.0041941269555024
0.9996764239606724
0.9999105121047311
1.0003427262575375
1.0006901374039652
0.9999990137370932
1.010724011183924
1.0001088163664367
0.9997469667968784
1.0000325249292854
0.9996502210633574
1.0009145552957017
1.0012945414444487
0.9996564152856399
0.9996323068379163
0.9997396139426906
0.9996383228091208
0.9999074818373759
1.000940490797141
0.9999540944794911
0.9995596249954464
0.9998618050135124
0.9997004432836024
1.0021854372980201
1.000631671094186
0.999850263260054
0.9996259343647436
0.9997219670927564
0.9997232594125691
0.9999487915115886
0.9998235256074129
0.9996816823652904
0.9997313252707308
0.9999741922822356
1.0001954909239978
1.0000292272853748
0.999966616613792
0.9998555662278543
0.9996892134702398
1.001659153111396
1.0015505539558345
0.9996531176421192
1.0057346677063386
1.0008248059738858
1.0079880546494016
0.9997649255863107
1.001095034273136
0.999696700012473
1.0075702595435923
1.0003808719713243
1.0171907897488761
0.9997381433718565
0.9996883667779658
1.0022782610554755
1.0001244578934356
0.9997637223919768
0.9996847126323665
1.005464714999665
0.9996215226525648
1.0056050833792096
1.009608186106244
0.9996368076756297
0.9998220995992789
0.999762385509384
1.0013899946948726
0.9999871154813516
1.0005114408190263
1.000143263375957
1.0101258212256612
0.9998654145966478
0.9997654603393482
0.9998494611304715
1.000175036619885