1.0
0.9526410537415226
0.9526456456239656
0.9526549547706223
0.9526884301538228
0.9527280961129589
0.9527207459101432
0.9527698936322441
0.95278833975917
0.9527287073240845
0.9527902987804889
0.9528131174875585
0.9527754885883251
0.9528496964792432
0.9530608979602222
0.9529444043702304
0.9528426909813252
0.9534169063841216
0.9528208595600766
0.9531933947104066
0.952822724554101
0.9536735407128467
0.9542003858853236
0.9535121208600034
0.9531906206309614
0.9543186329328539
0.9531730044596973
0.954691690052135
0.9528327234352366
0.9539181906744955
0.954236060495795
0.9542385683814157
0.9532137693273248
0.9538466869221902
0.9537957317748185
0.9540209017349327
0.9538510912387347
0.9531117712511884
0.9540833783721878
0.9548605574210183
0.9535948758561145
0.9549619919435157
0.9533417071378067
0.9543759073476059
0.9549064230782046
0.9546137859003939
0.9534877333351045
0.9535461318323706
0.9549409556858198
0.9564297681926809
0.9541861066693127
0.9536063957782646
0.9535859107007507
0.954212956626655
0.9559052470897612
0.9540329707010676
0.9532676838860045
0.9595570973027169
0.9531769539902237
0.9532206026691024
0.9543025353339359
0.9590419084818964
0.953166562966623
0.9538483640104849
0.9544376649891346
0.9532910208244898
0.9543011403143098
0.9551061117598258
0.9532415885786709
0.9542820959630826
0.9563912333029287
0.9536495289841106
0.9532516975640308
0.9540562779502694
0.9619829278276745
0.9532062620600994
0.9536710016110621
0.9534250877429064
0.9557587811979763
0.9541493193571361
0.953108730758077
0.9546386148498331
0.9533707648914718
0.955567545978212
0.958792037028158
0.9531165984276038
0.9540297261854759
0.9533910144622622
0.9550997161485835
0.9534094146472677
0.9532272636142687
0.9539586448917432
0.9589425394698199
0.9532134401985884
0.9539749614165333
0.9535789203924901
0.9533805605381921
0.954832107015002
0.9562234716533146
0.953428285057233
0.955213865821742
0.9548096132196837
0.953892814781958
0.9541544448081745
0.9535765537196476
0.9539024541658776
0.9535510062247935
0.9539576731110226
0.9555465556066244
0.9533320212374635
0.9557889427012308
0.9536877722326935
0.9547909441881232
0.9567214962424282
0.9613466083759549
0.9532522461138979
0.9532723700770812
0.9547795797637176
0.9532311661464282
0.9539759018509874
0.9534181602318056
0.9548158675874422
0.9534160600370177
0.9553271388177039
0.953504613383387
0.953810653097304
0.9553990127440878
0.9591200306254603
0.9532232200282361
0.9537332881448217
0.955049225435174
0.9532907387121016
0.9570921244153175
0.9531262057689981
0.9533640254917356
0.9539073443931975
0.9589250241387036
0.9532365575988283
0.9534960714800546
0.9549235247782707
0.9532070143538629
0.9564426863458498
0.9532798303721359
0.953776782351928
0.9535711307494038
0.9532505534458273
0.9574569162229114
0.9532093339266343
0.9537407017396172
0.9572206398317025
0.9530921647876781
0.9532622140535365
0.954527151489048
0.9556585308353518
0.953171061040452
0.9533258931076363
0.9537911237235116
0.9534832508012121
0.9540253688182364
0.9551102344229452
0.9591946877616423
0.9531149684716863
0.9533333220941191
0.9544720550552364
0.9533848549525414
0.9542117810579608
0.956717263248148
0.9530785923089274
0.9534020796463881
0.9538954950000399
0.9545395345094146
0.954185840207721
0.9539161530774689
0.9534403847063625
0.9601024800996567
0.9532755359999762
0.955057470720719
0.9533556247575439
0.953969600941703
0.9532597847592135
0.953805465114144
0.9540543970675097
0.9550172632549954
0.9551402374241627
0.9533911868658931
0.9562886571319024
0.9539486763065542
0.9556506456609488
0.9532079860667192
0.9537256237783934
0.9535911612716039
0.9578496754853756
0.9532527633180841
0.9536843710858219
0.9551150624866409
0.9530692200993017
0.953505538103605
0.9540434252579041
0.9538056531980822
0.9534395070111472
0.9539314977598897
0.9533720657528397
0.9536087938044274
0.9544484647749286
0.9534051985884557
0.9576076213427154
0.9539038177867352
0.9533857326432773
0.9546676290530463
0.9539081124098682
0.9613796696823425
0.9531984256698868
0.9534537225478529
0.9536756409579848
0.953038689948664
0.9537374573116694
0.9548391138024123
0.9533256580132115
0.9533731785379911
0.9555557418286442
0.9532243327978829
0.9611633455079179
0.953153977773632
0.9535214934582231
0.9532625275109088
0.9535658331683976
0.9541011841228624
0.954357301750844
0.9531983943243376
0.9549570385439199
0.9533542455331577
0.9535570717901583
0.9559157661195936
0.9548813427226142
0.9533089349764032
0.9570600153806957
0.9531008474217371
0.9533485875804356
0.9537591652177247
0.9533502018990511
0.9534590670929904
0.9560145451460357
0.9567638889819366
0.9532784668304234
0.9539756353945504
0.9532349589702164
0.9581377385905355
0.9531688198396657
0.9539707608103012
0.9533910458083765
0.953490037295561
0.9536019758883072
0.9556146999955757
0.9542394618158075
0.9533051734721977
0.9532963966342016
0.9547020668640591
0.9532781376996916
0.9541739905105854
0.9539809958723646
0.9562786864573736
0.9535320572325815
0.9554000003279731
0.9621582187209439
0.9532430931712341
0.9532683578197115
0.9533847922603486
0.9532546597336482
0.9553726458541821
0.9531864673495257
0.9532393630358934
0.9535165407129936
0.9566057636032949
0.9532085189415488
0.9534096183973638
0.9535211486467724
0.9558582172697317
0.9531400290715042
0.9541286451617088
0.9534803669342441
0.9532924313865432
0.957396662938282
0.9530054642170764
0.9534840031144619
0.9537896974223153
0.9588564527228017
0.9530766645795169
0.9536549049735548
0.9531876428063716
0.9535507397788484
0.9537111257586397
0.955125173211238
0.9531976577039557
0.9552206847420385
0.9539813563724298
0.9531594162051423
0.9536206272093336
0.95452721418785
0.9534501804167665
0.9534159346522671
0.9558394994557773
0.9531769226447375
0.953385999085122
0.9531896489196879
0.9542963909791657
0.9553878201328139
0.9546608888477472
0.9533650912569926
0.953021983034787
0.9535312108763894
0.9535529810596525
0.9538637869655036
0.9569381649104343
0.9534384098922295
0.9533182917238576
0.9541857775108767
0.9595391420116024
0.9530949388414717
0.9533074303745621
0.9547930446485361
0.9532558351980098
0.9541087076882516
0.9553230474259851
0.9532696429957361
0.9533477255657405
0.953180934867712
0.955695056665575
0.9535388751043404
0.9532653643005469
0.9541419995275758
0.9574619647817646
0.9531743993334065
0.9534928114526859
0.9546074062488279
0.9538376588625695
0.9538070011330675
0.9532484062654205
0.9531854956386308
0.9534963692710655
0.9538397904870777
0.9532865540458837
0.9587577438075342
0.9531247011929377
0.9532690004077046
0.9548278747294573
0.953205243329046
0.9535668519337728
0.9535385459656045
0.9531826902157383
0.9544881215542834
0.9533095305480238
0.9535153338735214
0.9531916080150878
0.9539970616477694
0.956056104393676
0.9532079703939305
0.9533079946002276
0.9544983257527335
0.9535105221902213
0.9532870399059221
0.9551285277792596
0.9531625037308955
0.9549462539347392
0.9530826671852545
0.9532527162995207
0.9534386449891309
0.9537182415410337
0.9654031719663412
0.9530967568658191
0.9532390965977047
0.9533733509413348
0.9535166504256799
0.9542133955056666
0.9532176875273497
0.953083011982554
0.9538497903194262
0.9538273142201918
0.954827717978172
0.9530357591841979
0.953266508420338
0.9535613035819758
0.9538165620720952
0.9541721409558469
0.9532830903346364
0.9539501809980705
0.9531948679506316
0.9556938182341975
0.9532261821899473
0.9555030230492327
0.9531410321236319
0.9536148280556339
0.9533864222574775
0.9534418579806351
0.9529932083366744
0.953777910852608
0.9542728167521374
0.9531476616736633
0.9533276641524684
0.9554817976576037
0.9534688314741258
0.9575678595879025
0.9530690947186268
0.9532077666476793
0.9536573500308666
0.9531828155977514
0.9572648530998308
0.9533615021361825
0.9531411104870833
0.9552971823406152
0.9532336111070627
0.9531069597496032
0.9559246077558067
0.9532854726155546
0.9532039268152136
0.9535926815866282
0.9545084045632888
0.9530409938122076
0.953478533171412
0.9543791206173123
0.9531492602891821
0.953184069417962
0.9535403640654155
0.9532047888182998
0.9545673728441776
0.9533032143559486
0.9533685863408601
0.9531731455143339
0.9566565591456306
0.9534023147424923
0.9550725661928208
0.953188191352944
0.9532754733084247
0.957036639181303
0.9536461121758883
0.9531281178347146
0.9536121008871369
0.9532352097354729
0.9534933129952936
0.9540755256692328
0.9531563600257097
0.9532596750491602
0.955686356296123
0.9537682088853382
0.9559015474035003
0.9530899549487333
0.9531405462702458
0.9534593962292885
0.9535338596580278
0.9530277035042163
0.9536653748382533
0.9537716570794917
0.9531990055625651
0.9542978173469291
0.9535314616485875
0.953072495669954
0.953912501077604
0.9574561166066464
0.9531793049019466
0.9534050888769103
0.9540953533632676
0.9532055881303146
0.95527509517273
0.9532029707755085
0.9536268808948001
0.9532885601777985
0.9553702787939793
0.953155153226893
0.9530981203842837
0.9536267084873826
0.9540846479714018
0.9531025087207584
0.9544220061023797
0.9531626134399488
0.9533238399498354
0.954727178162364
0.9530296939148496
0.9533184954722185
0.9534732513092807
0.9531608110770723
0.953449913973325
0.9539058397076331
0.9537216426985948
0.9532193958630113
0.95369893176361
0.9537574567960977
0.953079877462062
0.9532971959530778
0.9536579612952814
0.9542746663239597
0.9618560096463014
0.9573401885042443
0.9531463608396435
0.9530042104179198
0.9532904879455405
0.9534121104180842
0.9530809431989256
0.9535749707136
0.9541413725616754
0.9530341762582717
0.9532069986810754
0.9533391681145379
0.9531226637465283
0.9548068230517512
0.9533105806349095
0.9530604277830674
0.9536649203079878
0.9530988413251517
0.9549735133087363
0.9531309545885832
0.9532899707395268
0.9536836187585486
0.9541726111815979
0.9530711478273625
0.9538402293509993
0.9531439002263302
0.9531010354933114
0.9565971409254745
0.9530301327455906
0.9531052671046119
0.9531500439243281
0.9537918290373599
0.953169399730733
0.956916011842284
0.9536182762007
0.9531117242332471
0.958611273492265
0.9530136766052117
0.9532951741466242
0.9533090133410882
0.9531305627717055
0.9530658348216017
0.9533877231207488
0.9594944185529554
0.9530312768401076
0.9533429453036936
0.9533663294255863
0.95315120370445
0.9530693454799779
0.9532524968795609
0.9549789056252813
0.952978100084147
0.9530984495094564
0.9533731158458668
0.9532432028811167
0.9550375315616145
0.9550471719524641
0.9546120773446974
0.9530521996862279
0.9528991895921589
0.9532254769132747
0.9533598564698383
0.9534057941654364
0.9530441596663274
0.9535126224035136
0.9531054551762641
0.956668395793409
0.953046902362491
0.9530679036022902
0.9582396254135797
0.9531982062510438
0.953077181775178
0.9531952597698748
0.9530638287316218
0.9534236301440445
0.9534649131820724
0.9540788485687925
0.953769838940619
0.9530981360569106
0.9530138490027408
0.9532639067234565
0.9535981045677445
0.9538340852577194
0.9532183928035072
0.9544372574502568
0.9530387056212033
0.9561790742535494
0.9530610390133726
0.9531845082550704
0.9533200000756173
0.9530193343801227
0.9531699639490991
0.9559717475887891
0.9530392855051785
0.9557646128336901
0.9531299358647313
0.952951645021585
0.953480241548741
0.9531687258032795
0.9533192477738914
0.9535148793495994
0.9531830036707736
0.9560174139990552
0.9531046088538545
0.9532387047768512
0.9530233935612095
0.9531453577870141
0.953293888967527
0.9547414894334992
0.9530690947186268
0.9537097151415422
0.953185150838012
0.9570898667459231
0.9529651076310771
0.9531359228278425
0.9536685095302633
0.9530709440837296
0.953164556857653
0.9534180348470305
0.9545693165143307
0.9582559167236526
0.9529217891208964
0.9531769383174808
0.9535439218995571
0.954112344080056
0.9530678095667957
0.9536178686925891
0.953214631331207
0.9535420254327533
0.9530135668976949
0.9530982144200463
0.9537414383973066
0.9556619952974229
0.9529536981076092
0.9533235421636221
0.955284986581758
0.9531695251125896
0.9530761630564754
0.9535105378634533
0.9529404079089381
0.9561945474802251
0.9530123287700819
0.9531788974105442
0.953017673094102
0.955964646031731
0.9529199711265105
0.9531315501502649
0.9529231682892595
0.9566250470698144
0.9530196164853216
0.9532474032031886
0.9531116301973651
0.9601063379156937
0.953395214842425
0.9530713358984115
0.952992832197346
0.9534914008642278
0.9533324287347121
0.95321459998561
0.953433316127297
0.9609162545254751
0.9529808897806085
0.9532509139214126
0.9530846419335748
0.9529674898408226
0.9536683841425653
0.9531541031553071
0.953829665274408
0.953102022869131
0.953856812150804
0.9531521440668034
0.9532679816706605
0.9553320610304166
0.9530669632473819
0.9535487179245381
0.9538499313829583
0.9529965935912277
0.9530429372076942
0.9535963648249496
0.9530043044528516
0.9532660539069817
0.9535470879027357
0.9532601609079756
0.9607297357566612
0.9530522937215843
0.9530433290213435
0.9557357211841399
0.9528938296555235
0.9530942022282468
0.9533635553012147
0.9533987099361303
0.9545184677084175
0.9528978731162429
0.9530713985887619
0.9531907303403042
0.953138414784685
0.9534300717921252
0.9532468546535704
0.9572834948435541
0.953004335797829
0.9533305949972157
0.9540077199314132
0.9530794856470653
0.9530475762822279
0.9537154829992839
0.9528776401557837
0.9532471994561844
0.9546993864479579
0.9530226882979749
0.9562660663550896
0.9530016871475668
0.953156109262308
0.9530785296185347
0.9535943429620553
0.9544538254853296
0.9531806214127377
0.9531509999592841
0.9531094516996639
0.9548838350804063
0.9530846105883605
0.9530796423730622
0.953067715531302
0.9578021673825736
0.9529886633206851
0.953200290730235
0.9529635560605438
0.9539704473322893
0.9533477255657405
0.9556029114726855
0.9543702645347966
0.9530725583603114
0.9530095077203643
0.9535711464227241
0.9530974934792208
0.9544011589705894
0.9530261519245323
0.9571881541613282
0.9530013893703597
0.9531378819133615
0.9538245869979416
0.9529572714185841
0.9531711864223281
0.9540484566149326
0.9545708056166969
0.9530615248631273
0.9536514881636263
0.9530120153200764
0.9534070009925775
0.9530869144618577
0.9554126194630694
0.9530684207975253
0.9530198985905283
0.9535838418198052
0.9566977758167494
0.9528920900275496
0.9531184791462805
0.9535044096314852
0.9530881369255485
0.9529386369285334
0.9543722551934274
0.9528659486253833
0.9532218564937569
0.9545634071311416
0.953079501319665
0.9543252318580595
0.9531392924551584
0.9549306256752457
0.9545062728078733
0.9529380883948397
0.9531650740575857
0.9554535494513235
0.9529583841604053
0.9532442372886378
0.9531917647427355
0.9532900177582543
0.952946786575325
0.9531891003730404
0.9535520720086407
0.9530755518253006
0.9531986294159593
0.9529938665805306
0.9539094133361901
0.9529973772151206
0.9634687072588792
0.9529413639250317
0.9530586881277759
0.9530865383192118
0.9534949273357209
0.9530772758107555
0.9532084875959699
0.953938817447519
0.9531791481744822
0.9529220712235014
0.9532109012058195
0.9537064863964368
0.953143445718201
0.9529690570843681
0.9530695805687499
0.9540164346534681
0.9531532881744457
0.9535874153416883
0.9531527239569632
0.9529323993184908
0.953216276975175
0.9553640084382482
0.952958055039573
0.9530055112345476
0.9531249833009328
0.9547028506115803
0.9529709064320493
0.9531462041126642
0.9531387752564778
0.9529707967249746
0.9540805256930128
0.953065960202238
0.9530329851458491
0.9535523854744982
0.9531477557098638
0.9541481751436252
0.954777181479787
0.9530657251135461
0.953139480527412
0.9578614819840662
0.9532522304410442
0.9529846668427168
0.953100816076475
0.9531784899191571
0.9537614849099082
0.9537171287201294
0.9529578983153704
0.953234488785376
0.9566028318921105
0.9528956946624079
0.9530811155975457
0.9529475075059197
0.9531467213117054
0.9532088010517638
0.9535358815095407
0.9529579296602108
0.9531335249076583
0.9535500344807899
0.9533406413748796
0.9529264594872142
0.9562560486689275
0.9529874408684408
0.9529619888178114
0.9530408997769512
0.9534706965816463
0.952975984303612
0.9533888202344741
0.953963613513886
0.9530424200136993
0.9548485972689594
0.9528673904756193
0.9530201963682546
0.9542765785934617
0.95748910474251
0.9529329948690399
0.9530866793727022
0.9530628413593487
0.953200118329685
0.9530305872488771
0.9534454157821076
0.9530285341479786
0.9574755269149045
0.9528450261467826
0.9530850024035459
0.9529069944170223
0.9538046344101232
0.9529526794007538
0.9529005687575801
0.9531720640955021
0.9529699660857305
0.9537355764843204
0.9535304742330911
0.9531136676416619
0.9567458595063785
0.9530436424722731
0.9529294058938693
0.9532484062654205
0.9529625843700223
0.9538407936046389
0.9544886388175708
0.9529883968887737
0.9534448358760602
0.9528597894195213
0.9530636563332817
0.9537903400415123
0.9530449119486333
0.9528204990990843
0.953298512478416
0.9529541212627934
0.9529869393496122
0.9539045858031556
0.9544881058796385
0.9544435429554087
0.9530524347746208
0.9554862653327094
0.9529685085491008
0.9533022583073493
0.9529077153449101
0.9532981676741451
0.9529437461294433
0.9531110503094442
0.9534651012600582
0.958183695743313
0.9529566288494166
0.9530165760185706
0.9530136609327091
0.9531380229675327
0.9534701950400964
0.9529858266047955
0.9535905970310309
0.9530302581258057
0.9532023595370533
0.9541216388284274
0.9530978852948807
0.9533983651286287
0.9529259109541507
0.953162315658235
0.9541123911023717
0.9542839925595338
0.9529079347577555
0.9531856993844562
0.9529316627165423
0.953248014444225
0.9532228282079658
0.953172346204752
0.9529254094382319
0.9530454134701999
0.953275865130628
0.9533150630965072
0.9580497917389648
0.9529442163014297
0.9529820025249073
0.9532196309550962
0.9530266064276485
0.9538723761816966
0.9531003929154463
0.9532777928960784
0.9528746624189334
0.9530155102881629
0.9547608637578636
0.9532529670651948
0.9529533533145088
0.9543821144450589
0.9529440909222314
0.9531453107689245
0.9530737808223518
0.9534586595909215
0.9528966820191264
0.954148849132391
0.9528921840614868
0.9580470948587924
0.9566114702518077
0.952965922597509
0.9533497317091378
0.9529201435225165
0.9529931926642021
0.9530079874883274
0.953006670998904
0.953748648241177
0.9529328068004419
0.9530183783570038
0.9531257199162886
0.9530467456369768
0.9563623087048588
0.9529948696188664
0.9535482163793418
0.9529823786638514
0.9571207059206069
0.9528702271598093
0.9529490590741052
0.9531873920422336
0.9543618003210427
0.9529357218640867
0.9530203060758399
0.9530325933325814
0.9529565504873256
0.9539193818852422
0.9529076056384893
0.9532973056635164
0.9531327099283721
0.9529386682733167
0.9530359785996915
0.9533470046080492
0.9529886476482194
0.9536581180297522
0.9532997819851458
0.9630715223326083
0.9529423042688142
0.9530651765732854
0.9530131123951366
0.9531279140899909
0.9530326403501727
0.9532359933769379
0.953056870109938
0.9530501622537088
0.958107633693942
0.9528790036460948
0.9529648725446181
0.9531068343684833
0.9529846198253378
0.9530434073840749
0.9531141848391225
0.9531678638031099
0.9533526625599338
0.9530080658507982
0.9530476232998856
0.9529732416257687
0.9533715328698507
0.9542691646324263
0.9534027065693438
0.9529194539385094
0.9529717684162481
0.9533066467278538
0.9554721725671107
0.9528233827873649
0.9534034745500146
0.9529624276457532
0.9530220613973612
0.9529896350135949
0.953225523931718
0.9549065328048851
0.9528634253879429
0.9529915157098026
0.953046965052697
0.9638069376563966
0.9528371116619171
0.9530044298327616
0.9531314717868836
0.9531920625252722
0.9539472186368472
0.9528537712676377
0.9530160744983653
0.952966377098046
0.9531120847041359
0.9533059414458654
0.952971486312321
0.9530963963954495
0.9549407989329317
0.9540265600407613
0.9528924191463335
0.9529263184358522
0.9531264251863578
0.952870133126067
0.9534279245756679
0.9529248295604802
0.9529457992139381
0.9531981435599466
0.9547347178330119
0.9529478993160461
0.9529943367547388
0.953356784560006
0.9528601655541277
0.9539930647941033
0.9528532070660741
0.9531155953777787
0.9535583256542267
0.9571318061621015
0.952978852361772
0.9528481449256132
0.9531602938773465
0.953078216166576
0.9529412855630535
0.9533140130091808
0.9528756497736909
0.9541771880466375
0.952837926618501
0.9532120609925647
0.9542658573491072
0.9548139708991012
0.9529024964550035
0.9533153765554305
0.9531489938532457
0.9530092256154339
0.9545603975791217
0.9530299446752707
0.9531817028324381
0.9534183796551654
0.952921381639369
0.9566277122669162
0.9528396975820633
0.9531837873084016
0.9528751796047471
0.9535625260999222
0.9529654367521285
0.9533300464433249
0.9528042313505838
0.9533174610575045
0.9580063594989358
0.9529526637283413
0.9529013210297034
0.9530533437831213
0.953412173110437
0.9529607820410652
0.9531288074322707
0.9530823067153626
0.9530446611878588
0.9548818600043738
0.9529647628376058
0.9530179865442748
0.9531950090055573
0.9529169463606803
0.959874651516291
0.9528729541386974
0.9529770657024992
0.9529066182807524
0.9531489781805439
0.9531680048576784
0.9530650511926584
0.953284641951753
0.9543470663349549
0.9529532749524422
0.9528999732088534
0.9530248824504141
0.9533631164567473
0.9561853137081802
0.9530602553847827
0.9528893003544578
0.9530191306374834
0.9529893842541257
0.9529941486850528
0.9533386509061684
0.9530718217486368
0.9532520423668012
0.9530008565059047
0.9628478766284866
0.9528931714178782
0.9529415519937815
0.9530877921280829
0.953067590150645
0.9529434640262613
0.9530375145082729
0.9535619461875458
0.9530073605885817
0.9528974186186432
0.9532131580882509
0.9529285909302445
0.9570825136451685
0.952892011665936
0.9528960864706185
0.9530551618003562
0.9537667042191439
0.9528874666933316
0.9530612897745335
0.953180981885959
0.952977520203514
0.9532385010300127
0.9528874666933316
0.9535304115400468
0.9534746932417113
0.9529395145825024
0.9536394823171572
0.9528750072094733
0.9534382061415857
0.9574199614654301
0.9529016188041004
0.956778296904823
0.9528587080326025
0.9529590424021012
0.9529354240887314
0.953122757782508
0.9529111319168724
0.9533664548097558
0.9528772326759547
0.9532057135125971
0.9531593064961218
0.9528944095315784
0.9547171932010657
0.9529474291438963
0.9530035835183973
0.9533637747234553
0.9533660786572519
0.9529412072010759
0.9537421907286157
0.9529570833495553
0.9527805036775269
0.9551660237673061
0.9535814751458789
0.9529038286038344
0.9530362293602611
0.9532102272757415
0.9528509502601206
0.9536428364295746
0.9557153732301383
0.9528596013522231
0.9530544878801381
0.9532550985736613
0.9533476315277782
0.9527642986791266
0.9529951203784652
0.9548138141480133
0.9529431192334935
0.9529562840562206
0.9533014589880943
0.9528399796824812
0.9530079404708451
0.9532097414192003
0.9569139736994299
0.9530117645600785
0.9530504600322833
0.9529819241626288
0.9533399987825781
0.9530175947315603
0.9532477793515145
0.9528357325047643
0.9531324121474947
0.954157814754362
0.9533066310549201
0.9528842695413584
0.9543805469958746
0.9529455171107013
0.9531833641440752
0.9528558713515001
0.9530461657525946
0.9530412602454388
0.9542020316798098
0.9530349285398705
0.9530898609130436
0.9529295312728941
0.9553529882965734
0.9528426126200772
0.9531959336990063
0.9530255720412742
0.9530694551880708
0.9551526211316486
0.9528870748854399
0.9564056407587324
0.9628647856072188
0.9528654157677371
0.9530119996475762
0.9530226099353962
0.9529224630326878
0.9531647292576279
0.9528881406029395
0.9531310016066095
0.9535931517871947
0.9529535257110575
0.9530237226840682
0.9535768515128903
0.9556233376046359
0.9528856957217762
0.9529173851867575
0.9537506544594587
0.952779547675964
0.9529498113496706
0.9529528204524663
0.9538397904870777
0.9529105050228518
0.9529432602850789
0.9529551399697875
0.9550124195584316
0.952881997056474
0.9531680048576784
0.9528762923379477
0.9536042641999023
0.9620289147974197
0.952839666237573
0.9529778179800512
0.9530539550130191
0.9530397400088567
0.9529939135979506
0.9530343800011996
0.9536692618564814
0.9528995030388299
0.9530178768367131
0.9530481404941338
0.953229065988382
0.9530542841368248
0.9534707436011679
0.9528653844231703
0.9546690554691154
0.9529326187318471
0.953116802172111
0.952937336120106
0.952895287181884
0.9540807137817265
0.9529386526009249
0.9541221874225931
0.9528828276888234
0.9561552452120499
0.9528581124862308
0.9528931087285807
0.9530958791988539
0.9528803044473597
0.9530908796330586
0.9537657481292753
0.95286319030374
0.9529502031598821
0.9530432663311585
0.9530989196882925
0.9538144774731923
0.9531104704215551
0.9543203257683934
0.9549976690262619
0.9535267283243359
0.952837284056574
0.9530722135633509
0.9580355547272849
0.95290252779968
0.9531469720748862
0.9531757158435916
0.9529298133757054
0.9531896645924497
0.9527835284043524
0.9529985996685093
0.9529419281312912
0.9533418952136283
0.9542518131619173
0.9536623028409691
0.9529589483675706
0.9562283001945083
0.9528142145420241
0.9530061224616926
0.9529115393980057
0.9531490722167557
0.9529133103738823
0.9529029979698377
0.9537349652155028
0.9535373704702008
0.9529029196081433
0.9529075116044151
0.9532425602946771
0.9536496386981539
0.95281187938337
0.9530863189026745
0.9530976031876041
0.9529068690382643
0.9533403279152156
0.9528511696717894
0.9531253280996036
0.954361878693362
0.9528251067318211
0.9530613994825433
0.9530463694957524
0.9528936572599457
0.9568209720550054
0.9528563728641257
0.953029317774229
0.9530414169708721
0.9538910906654143
0.9533547157232695
0.9529322112499033
0.9580837850251677
0.9529107401081052
0.9529581177292545
0.9531473638923676
0.9531273968918631
0.9528032910190658
0.953005009714865
0.9538514517344743
0.9529449529042507
0.9528976850482682
0.9533022896532035
0.9528260784097293
0.9531563600257097
0.9538139445682743
0.9528856016878966
0.9528562474859672
0.9542062480496759
0.9528509659323824
0.9531500595970317
0.9593620368127722
0.9530737964949428
0.9527994513329023
0.9529884595786345
0.9532438454675954
0.9529121192750298
0.9528820910903216
0.9530908639604423
0.9536389807677268
0.9528700234200355
0.953395716380465
0.9535317124207915
0.952796191518805
0.9536508455527056
0.952896540968161
0.9530664303796375
0.9528821851241699
0.9534351655555157
0.9544219277296293
0.952883282185797
0.95294347969866
0.9528968387424235
0.9567247415390955
0.9528199505715115
0.9529022770422709
0.9537131476434677
0.9529422885964172
0.9530679506200379
0.9530900489844236
0.952921930172198
0.954431473534738
0.9528551817716784
0.9529166642582116
0.9529492471429915
0.9568247974619112
0.9527939974137292
0.9531202501566716
0.9530625592530018
0.9529408310635918
0.9530126735650989
0.9529521308663336
0.9531874704060259
0.9536690110810696
0.9529385585665753
0.9530416363864823
0.9542325494568952
0.9529985056336283
0.9538461226682431
0.9555109237961118
0.9527900323535682
0.9528796305382508
0.9531811072679518
0.9529066809701298
0.9538063585128791
0.9529237324945505
0.9531338853792855
0.9571356473498294
0.9528641306405828
0.9530278132118792
0.9528121614830457
0.9530335493569798
0.9528530503434228
0.9535968193523192
0.9531205479372087
0.9530335180119164
0.9534597723850698
0.9529080758088726
0.9530488144139494
0.9536310030002405
0.9534121104180842
0.9528567333263404
0.9536525069371155
0.9528262194597555
0.9530020946321794
0.9529487299535618
0.9528611215629791
0.95319853537931
0.9531121473947266
0.954065556976652
0.9570596704599066
0.952812083122024
0.9528571878221934
0.9533350931401822
0.9528225208152421
0.9530005587287208
0.95307743253672
0.9534105431093873
0.9528926855758328
0.9534667939620793
0.9532536253251169
0.9529356905193122
0.9540148359089696
0.9566339833213562
0.9528109547233742
0.9529599984198748
0.952820091621456
0.95332499974885
0.9529694332228533
0.9557642522754806
0.952798338607785
0.9565683569059785
0.9527732631432544
0.9530283774227354
0.9533267081016821
0.9528109233789691
0.9532707714431049
0.9572237598405209
0.9528114092172605
0.9529221966024396
0.9528695219067629
0.9528570467717542
0.952935298709637
0.9537075678692041
0.9528647105150113
0.9529091885455295
0.9528499629076671
0.9529625530251684
0.9535692186044792
0.9528544295028334
0.9540913407993413
0.9528719040950194
0.9530072978986093
0.9544005319897972
0.9529625686975954
0.9527715392072543
0.9541385668897135
0.9528453866086104
0.955184693430542
0.9528218469098131
0.9530052918196836
0.9528410453952387
0.9528722488854693
0.9529720348477421
0.9531860285123362
0.954620588776167
0.952866685222762
0.952873581030495
0.9529839615820549
0.9531283215794426
0.9528291344940548
0.9529319918365556
0.9529843063761504
0.9532546597336482
0.9528190102385953
0.9544883096500214
0.952956472125235
0.952982237611746
0.9530409467945793
0.9539545383350986
0.9529996183797742
0.9528840971459361
0.9564536918713263
0.9529043301187319
0.9529341389530833
0.953031684325856
0.9529445454218327
0.9528023350154415
0.9537310938471282
0.9529232309787345
0.9534357454610397
0.953694982040672
0.9527984953296254
0.9531797123933644
0.9538017034360701
0.9528804141534977
0.9530876197293544
0.952923497409009
0.9529484948674659
0.9529116177597639
0.9535566956309662
0.9527624336954127
0.9530220770698762
0.9532081271218185
0.9533071169158718
0.9528407162780522
0.9532399586036334
0.9528239313151158
0.9535993584365999
0.9547548288716243
0.9528511069827408
0.9529515039698881
0.9531940843121885
0.9529252997316277
0.9528818873503194
0.9558112346748749
0.9528488501772349
0.9531254534809411
0.9528827023103514
0.9528196998160589
0.9537718608364534
0.9530462441153472
0.9528001879256498
0.9546069203295728
0.9528335854081907
0.9529134827697797
0.9528165967178267
0.9529690570843681
0.9529166485858526
0.9529058346635664
0.9536837441464237
0.9533446223134141
0.952865133666641
0.9528612469411956
0.9537696038364768
0.95296866527346
0.9532929642655894
0.952908310894072
0.952908310894072
0.9528963529002099
0.9531715939134356
0.9570395710025239
0.9528157190740475
0.9530281736799227
0.9529717057264859
0.9531491192348619
0.9528609021511039
0.9528735026690183
0.9537723780656813
0.9586012538022014
0.952820248343619
0.9529062107998085
0.9529715803469624
0.9531080254891803
0.9537029285085328
0.9528245582040089
0.9529957786224402
0.9528943938592523
0.952875461706111
0.9540316070639616
0.9527866941815429
0.9528586766880559
0.9530919767162607
0.9546748865345291
0.9528267993321061
0.9537608893132187
0.9532230789729373
0.9527977587369956
0.9528785021323968
0.9528678606442169
0.9534497885881785
0.9528137287036038
0.9529609544377348
0.953608919191431
0.9537169092906685
0.9534143986891935
0.9530867263905332
0.9528830000842248
0.9549178346588166
0.9528556832842715
0.9600162911541644
0.9569111203000366
0.9527736079304882
0.9528948797013759
0.9528975910142822
0.9528547899649816
0.9534160286908299
0.952836923595022
0.9528673277864745
0.953187439060509
0.9528133055540303
0.953575628993314
0.9527566976971468
0.9529625530251684
0.9529731789359976
0.9529089848050061
0.9540652121478269
0.9528325040239505
0.9527962855518899
0.9575563356028516
0.9528271597933129
0.952838851280855
0.9528706816562418
0.9546834763892057
0.9528300278111784
0.9530343956737326
0.9527826821076403
0.953003881295666
0.952928810343522
0.9528280060935856
0.9531151408708578
0.9530014207153285
0.9535849859736123
0.9528739728378876
0.9530459463368907
0.9540593970815643
0.9528119734165944
0.9530515884564312
0.9528779065849111
0.9571594940987265
0.9528321435625614
0.9528788155784553
0.9531008004038443
0.9527989498229757
0.9530747368504555
0.9528502293360978
0.9528837993720318
0.952864694842729
0.9532464471595866
0.952895224492574
0.952786333721716
0.952913717855099
0.9535380130743387
0.9542542270053036
0.9528175213783159
0.9535469468431683
0.9528461702213222
0.9529267729346916
0.9548939455941909
0.9527637971708686
0.952958023694732
0.9529454857658978
0.9529195479726897
0.9527631075970526
0.9537330060208075
0.9538439753687689
0.9528231947207139
0.9530132377751508
0.9528042626949691
0.9529833660286439
0.9532309153812668
0.9528416252684021
0.952786741198043
0.9530537669422775
0.9535703941033679
0.9536903740324076
0.9528676569044888
0.9550002084363532
0.9527932451492364
0.9528026954758144
0.953180558721744
0.9528672964419023
0.9527800335128132
0.9533860617773219
0.9572681299054453
0.9528106882959329
0.9527879322827816
0.9529482754537811
0.9528471732456779
0.953989914334016
0.9528956476454233
0.9527979468031941
0.9529344680731734
0.9534163891719947
0.9528632059760199
0.9529701071376728
0.9529760940107403
0.9529542623145253
0.9529261303673727
0.9527275632622629
0.9529821592494658
0.9534343818994515
0.9528352780098327
0.9529094706477991
0.9530917416269936
0.9531564070438482
0.9559613225672632
0.9528508092097644
0.9528517025287183
0.9532451149678252
0.9528159698294056
0.9528908675864415
0.9563567903074652
0.952761320974194
0.9529240772866877
0.9530377339238028
0.9528053440763212
0.952898625388175
0.9529471783854249
0.9529423669584028
0.9528162205847696
0.9529281677760795
0.9529088750985719
0.9534139441695508
0.9528561377800794
0.9531591654416685
0.9573757632894911
0.9528103278352877
0.952856200469158
0.9528727190542827
0.9528335227192465
0.9531124138297408
0.9530366211736627
0.9527422636825096
0.9531788503923065
0.9529059600423122
0.9529271333993024
0.9531608737679498
0.9535540154971046
0.9527980721806616
0.9529260990226265
0.9530503189792734
0.9540380334012468
0.9528009715350124
0.962006595726179
0.9527317477081589
0.952971031811565
0.9529467238857106
0.9528365788057231
0.9528586766880559
0.9529192501977889
0.9531385244934902
0.9528091837646252
0.9531388066018516
0.9530634839349444
0.9528408573282738
0.9528176467560154
0.9530888265205131
0.9533024307095492
0.9530194597602102
0.9528066135241369
0.9528838934058955
0.9531473168742692
0.9528267523154277
0.9535282799767579
0.9528192453218165
0.9538200102816894
0.952780785776365
0.9528141988698164
0.954402757771772
0.9527947653504538
0.9528017081278661
0.9530432193135201
0.9530601300042135
0.9529002396385428
0.9546640238264426
0.9529822846291142
0.9528400737159555
0.953145138369264
0.9527624180232819
0.9573910813330047
0.9528017081278661
0.9527863807382144
0.9529322269222855
0.9566296092605238
0.9527996864156886
0.9528639269009265
0.9528228656040827
0.9528880152244047
0.9530655056974386
0.9531770636994261
0.9528255455540913
0.9530340352054778
0.9536555162378307
0.9528603849659877
0.9527440973184538
0.9529784135331508
0.952790314452661
0.9539624849938303
0.9542847449284655
0.9528774050712651
0.9528717160275058
0.9528430357708234
0.9528607454283388
0.9528370489729517
0.9530937790674814
0.9528370333007105
0.9528832978581067
0.9543154823785205
0.9528541317297635
0.9528086195654403
0.9527982602468654
0.9548385808475089
0.9527863807382144
0.9542321732742229
0.9528425812755781
0.9533708746026653
0.9528209379211634
0.9527984953296254
0.9530128459626117
0.9538904166926582
0.9527991378891953
0.9528763550271456
0.9533717209461966
0.9552617707845749
0.952774266160693
0.9531094673723078
0.9527701443865148
0.9530586254375008
0.9527605216956446
0.9529556885043634
0.9529837578400948
0.9533271782905827
0.9527213101046341
0.952933856850157
0.9542089440193673
0.9528578774021458
0.9530017811824759
0.9531680988940584
0.9528350585984937
0.9530323582446276
0.952773404192576
0.9531833954895804
0.9528421581248503
0.9528249343373626
0.9528134152594737
0.9532138633641088
0.9528082591048657
0.9547070671742016
0.9561480338014281
0.9527681853689329
0.9529702795344942
0.9527876658559205
0.9528998478301783
0.9535900484638357
0.9537012200958158
0.9528046388276009
0.9530631704834296
0.9528356698158069
0.9527833089940873
0.9543195106993972
0.9529613775932085
0.9528050933212152
0.952830341255801
0.9532929956114167
0.9528069269680656
0.9530557416852296
0.9527398658513704
0.9528307644060564
0.9528908048971576
0.9544145293445316
0.9527574186147904
0.952828695671636
0.953586286860965
0.9528516241674035
0.9529890237873992
0.9650199570402717
0.952930863425124
0.9528178818392063
0.9529007098085991
0.9528323786460745
0.9527869606083795
0.9530389720543773
0.9531584288239989
0.9527764132452176
0.9530801909140697
0.9527972885715141
0.953044676860407
0.9527461190199925
0.9529154888313397
0.953094750770005
0.9531774868635022
0.9556348596524579
0.9527874464455695
0.9528135406371246
0.9529593245056975
0.9528302785668757
0.9528571408053802
0.9535870548547776
0.9527584216307242
0.9528663874493474
0.952847298623729
0.9528653687508872
0.9528791603691303
0.9530885600860897
0.9527946869895609
0.9545013979863848
0.9531775652272219
0.9528334443580663
0.9530393638678802
0.9537026150382895
0.9528649612715305
0.9529812815919679
0.9529341232806984
0.9528281157991815
0.9555153131023384
0.9528267209709755
0.9531040916568595
0.9527575596639004
0.9529332142824086
0.9527324529520128
0.9530537355971544
0.9527456331847037
0.9529203942803482
0.9528106099349221
0.9528752736385343
0.9534142419582801
0.953688587254223
0.952742483091922
0.9528513577389377
0.9530463068055495
0.9543552797460266
0.9528222700597286
0.9539567170042698
0.952814089164365
0.9530091159079629
0.9527517139634782
0.9530527952434996
0.9531847590191408
0.9529094706477991
0.9592882254382578
0.9527431256480846
0.9528205931323855
0.9618456266265474
0.9527644397283282
0.9529552496767005
0.952930048461387
0.952793746658892
0.9528608081174443
0.9527441443347643
0.9530537982874009
0.9528717787166766
0.952870070436906
0.9530398810617262
0.9529583528155638
0.9528504957645352
0.9528194804050429
0.9528411707732174
0.9541956052456066
0.9528289777717602
0.9529121976367925
0.9529719721579781
0.9528701017814866
0.9528662463987855
0.9568951130560353
0.952801473045035
0.952909439303102
0.952773701963372
0.9530189582398689
0.9528016611112995
0.9528665755167662
0.9534718877429216
0.9527694704844256
0.952796583323331
0.9528848023999537
0.9529181531324366
0.9529134514250709
0.9527701600586569
0.9529875819206156
0.9547814607710868
0.9528043724003186
0.9528813701641778
0.9528828747057508
0.953360687139485
0.9528166437344601
0.9527945145955988
0.9530860681409231
0.9541797272671121
0.9528198565382161
0.9527776200009449
0.9529358472431861
0.9531997265102634
0.9528072404120034
0.9558049483965575
0.9527576223523945
0.9529640419058379
0.9528425499310792
0.9529195166279628
0.9532093495994248
0.9527476548865366
0.9528730638447593
0.9528330212077037
0.9531431479370231
0.9528139167700863
0.9529714236225603
0.9528006580912605
0.9536434947134429
0.952834886203873
0.9558736743823407
0.9527279550642427
0.9528759318750671
0.9528611058907022
0.9529036875527738
0.9530217166020395
0.9532483905925725
0.9527595186795111
0.9531889279726713
0.9528248559762461
0.952754613305106
0.9529138745786484
0.9528793484367759
0.9527676995326289
0.9528447283739773
0.9535184215020521
0.9529234190471628
0.9528488501772349
0.9528301375167954
0.953066790848991
0.9528073501173837
0.9535771963261295
0.9533319271996391
0.9527477175749717
0.9527895151719178
0.9531934730742433
0.9527967557173268
0.9589524967194406
0.9527374210044952
0.9528798342782092
0.952865133666641
0.9528722802300561
0.9527760057692888
0.9530190366024206
0.952798056508478
0.9528254201762979
0.9528038082013904
0.9531017877796416
0.9533421459813957
0.9529716116918433
0.9529127148244393
0.9652330638777609
0.9527761468186471
0.9529610014550088
0.9527445204652557
0.9528021469491649
0.9530050567323342
0.9527608194660775
0.9528263918542349
0.9528741452331448
0.9533123360042621
0.9527618851708537
0.9529584155052471
0.9527914898656284
0.9528267209709755
0.9535554887869808
0.9528279590769021
0.9529935531310701
0.953086475628772
0.9544147174390061
0.9529613149035076
0.9528090270426264
0.9528159071405656
0.9528576423180659
0.9527605216956446
0.952968116738213
0.9533660943302729
0.9532263859365501
0.952759455991006
0.9528743646452945
0.9529787583270661
0.9529432602850789
0.9527710847150831
0.9528875293825958
0.9528304979781158
0.9534321249703082
0.953266759186336
0.9529654994418537
0.9528725309867548
0.9528613409748589
0.9528530503434228
0.9531289014683044
0.960609777388272
0.9527986207070993
0.9532396764925947
0.9527261527752561
0.9530154475981423
0.952782368664431
0.9527951884992854
0.9528967917254341
0.9528128197156519
0.9529146268517167
0.9528255768985398
0.9530178298191873
0.9527703637965065
0.9534256676478848
0.9528625007234414
0.9647687793258066
0.9527611015643901
0.9528745056959643
0.9528029462308634
0.9528814955426341
0.952936740569313
0.9528443208954156
0.9528598677808966
0.9527558357304636
0.9528012849787737
0.9529348912275901
0.9528334600303023
0.95289619617692
0.9528939863787783
0.9542237405160615
0.952861356647136
0.9527815066956528
0.952907762361948
0.9527306976785087
0.9531586012238744
0.9527476705586453
0.9528090583870261
0.9565459066750254
0.95276885927094
0.9543787601040786
0.9528094501920287
0.9528110487565905
0.9528241193817799
0.9531113324170774
0.9527495198676403
0.9529168209818044
0.9527649569087512
0.9543346051600969
0.9527736236026355
0.9528417193018909
0.9528812918026434
0.9528160481904563
0.9529265535214565
0.9527952198436438
0.9530134571901789
0.9527764289173691
0.9529417087177421
0.9542351984102463
0.9527976647038976
0.9527924301960964
0.9533711567171683
0.9527509617019968
0.9529755141302169
0.9527835440765144
0.9530798931346622
0.952865901608531
0.9528105002295079
0.9532865540458837
0.9544975106704807
0.9528146690360503
0.9529667845813028
0.9527799708241862
0.9549224118345662
0.9527984953296254
0.9528139794589148
0.9528015984225442
0.9556328217383783
0.9529196263345071
0.9527594716631322
0.9528240723651137
0.9528543981582993
0.9531238078510025
0.9529744640763769
0.9527935429205917
0.9529439498706349
0.9528088546484303
0.953243171535436
0.9527548327147752
0.9529771283922932
0.9530652079184425
0.9527957526977534
0.9529767209086393
0.9527763192123095
0.953049018157158
0.9566269910958749
0.952773733307667
0.9528021939657337
0.952802679803624
0.9538972504648742
0.9527863650660483
0.9531014586543657
0.9527626060888514
0.9529515823319418
0.9546690868189213
0.9531716879498472
0.9527566036644143
0.9529292334977129
0.9528030559361994
0.9529920172288476
0.953886560942349
0.9527897032379697
0.9527526386182893
0.9541763259657465
0.9527638912036652
0.9528154683186955
0.9528654941291541
0.9528507621929794
0.9536991041721841
0.9568259105928468
0.9528883286707447
0.9527965206346058
0.9529164918622622
0.9542751522284736
0.9527799081355595
0.952785612802099
0.952892983349987
0.9528556049229273
0.9527403046701002
0.9532068106076299
0.9530065612914596
0.952859240889911
0.9528037141682386
0.9528368295615759
0.9607647401639435
0.9527168905819284
0.9528942841529693
0.9531482885816813
0.95276666517154
0.9528866987498773
0.9527848291938753
0.9530028939289651
0.9538943821608726
0.9527671353356587
0.9528150138246348
0.953003881295666
0.953202751356572
0.9527952198436438
0.9528274732378506
0.9528648202209876
0.9528934065027469
0.9528321122180933
0.9528263605097839
0.9531801198847981
0.9534086153200046
0.9545386723999492
0.9527863023773838
0.9528681427453856
0.9527854717526144
0.9528818246610888
0.9529969540582113
0.9527798611190897
0.9530554282339426
0.952813634670364
0.955676840764617
0.9528052500431559
0.952958102056834
0.9527682480574902
0.9528859621511063
0.9530007938159705
0.9527702384193678
0.9527611955971625
0.9531491505802664
0.9555693330616981
0.952842973081823
0.9527722131094752
0.9530207292336803
0.952778199870629
0.9529473037646597
0.9544060180729463
0.9539353065046556
0.952719946634666
0.9529102229205547
0.9527302588601781
0.952955531780196
0.9529657972180539
0.9527383770022444
0.9528342436421307
0.9529846825151764
0.9527232220973004
0.9530695178784102
0.9528360772940355
0.9538040388110534
0.9527387844767213
0.952835575782372
0.9529197360410524
0.9544133224050645
0.9527867882145432
0.952876778179241
0.952854586225505
0.9563236643018258
0.9527403203421981
0.9528108136735515
0.9529415519937815
0.9527841709630124
0.9528123338772959
0.9530582649684238
0.9528016924556771
0.95339852185931
0.9546256047241332
0.9528336794416082
0.9528050776490213
0.9528722332131757
0.9527968654225984
0.9529703108793711
0.9527416367984989
0.9533367544756934
0.9527392703116947
0.9532624334736964
0.9527921010804229
0.9626232464760283
0.9527271557882193
0.9528192296496015
0.9529709064320493
0.9530097114628189
0.95280023494221
0.9530449276211818
0.9531610148224255
0.9528029148864819
0.9528054537816821
0.9528312502452594
0.9556162362667565
0.9527267953304248
0.9528639112286456
0.9527901107144267
0.9528031656415363
0.952972050520183
0.9528574072339917
0.9528685972417288
0.953084720296611
0.9527441443347643
0.9531118025964829
0.9533409548345531
0.9528051403377974
0.9542887262149248
0.9528425499310792
0.9527985893627305
0.9527646434660678
0.9529801688477447
0.9530156670132162
0.952807365789581
0.9534889244982719
0.9531572690430904
0.9527565566480484
0.9529474448163009
0.9527774005908024
0.9528142458864389
0.9527912861273712
0.9534438014491344
0.9528344003645032
0.9531252340636013
0.9544214731676889
0.9530195067777433
0.9527257139571147
0.9530666184506033
0.953442343847727
0.9527852680144734
0.9557559907927066
0.9528336951138446
0.9527895935327724
0.9531192784518187
0.9529036562080938
0.9527892017285057
0.952783277649764
0.9529424609927862
0.9529066652977854
0.9556058115735797
0.9528087449430344
0.9528166907510931
0.9529409564427518
0.9630427233090352
0.9527346940605719
0.9530049626973961
0.9528527682426566
0.9527509773741103
0.9529597319886833
0.9528259216874799
0.9529047689442866
0.9528214864487875
0.9529175889274425
0.9527841082743609
0.9528317047400177
0.9531736156964689
0.9528275515989862
0.9540888015994975
0.9529136865103894
0.9527614150069686
0.9529229802208357
0.9540991935137243
0.9527963325684329
0.9528936259152956
0.9538897583937276
0.9528741922500337
0.9527792342328475
0.9528284449159761
0.9528719981287772
0.9535746572470836
0.952816345962454
0.9527927906561313
0.9528191199440977
0.9528644911030616
0.954160165880227
0.9528545235364361
0.9539498988683952
0.9527640165807284
0.9551654751210852
0.9527493474744151
0.9536202197011338
0.9528867614391369
0.9527705205179319
0.9533882873506507
0.9527610702201328
0.9528437410221048
0.9529658755802131
0.9530679976377857
0.9560854358139166
0.9527826977798012
0.9527974766377042
0.9527807701042073
0.9528385064914932
0.9528379579629864
0.9529504695908343
0.9528604789996432
0.9527968967669621
0.9537233040939226
0.952780158890068
0.9528780789802325
0.9528694435453162
0.9529979414243596
0.9531235414157032
0.9536273040766546
0.95464969698109
0.9527708809772193
0.9528618738322999
0.9528163773068752
0.9527953608932583
0.9719056674469458
0.952752340848087
0.9528642716911168
0.952800046875971
0.9527920540638992
0.95293451509033
0.9530449432937306
0.9527488146226463
0.9529514256078351
0.9527784976415605
0.9529227137905745
0.952901054599987
0.9533854818744883
0.9527956273203135
0.9539359961540567
0.9527893897945517
0.952804576138828
0.9528107196403375
0.9528690830826687
0.9529977846995679
0.9528215648098791
0.953041275917982
0.9530007624710034
0.9527699406486693
0.9530694865332404
0.9537496200031106
0.9528106099349221
0.9549894708112335
0.952767370417726
0.9528522980747294
0.952856357191856
0.952794984760957
0.9530845165527182
0.9529477896092093
0.9528486307656142
0.9534262788991126
0.9533716739271099
0.9529336374367753
0.9528008148131352
0.9527364650068327
0.9528745527128548
0.9529680540484722
0.9557615559274962
0.9528466717334881
0.9529735707470722
0.9528236178706831
0.95288089999498
0.952907762361948
0.9544818516981951
0.9527854874247792
0.9528390080032959
0.9527572618935595
0.9529188740610837
0.9529319918365556
0.9527567760577579
0.9528564042086657
0.9550321392165638
0.9527878225776026
0.9529101288864572
0.9527571678608219
0.9534513402294713
0.9527702227472256
0.9527754885883251
0.954059428429622
0.9529819398350844
0.9527594089746272
0.9528501509747941
0.9528225208152421
0.9556056548113501
0.9528842852136695
0.9527213884649826
0.9528543824860324
0.952818508727741
0.9527992946110476
0.9527671666799341
0.953599891330908
0.9527752378339275
0.9527862553608856
0.9529964211939788
0.9530766645795169
0.9527890763511433
0.9531274125645334
0.9538614515776087
0.9528648985824002
0.9557499083386685
0.952775849047782
0.9528252321096107
0.9528870121961787
0.9529558295561159
0.9528324256627779
0.9542727854034653
0.9527567603856356
0.952780174562225
0.9528880622413549
0.9536445134861754
0.9528031029527723
0.9527689533037818
0.9529719094682146
0.9534690508985231
0.9528005954025112
0.9529074018979964
0.9527996864156886
0.9531717819862597
0.9540413562893354
0.9527999058262936
0.9527725578966749
0.9528371273341586
0.9529333396614783
0.9598784151705151
0.9607176598858244
0.9527706458950741
0.9528915571685876
0.9527208556146253
0.9529084206005002
0.9527446301699846
0.9531094987175953
0.9530039283131301
0.9537286487730814
0.9529485418846847
0.9527935272484149
0.9528900056088216
0.9528640522791763
0.9530976972233622
0.9527854717526144
0.9550788990864993
0.9527730750774952
0.9529386212561417
0.9527268736908139
0.9528631746314599
0.9533687744171544
0.9527340358328338
0.9529062264721522
0.9528358265382008
0.9574088923074557
0.9534958990747363
0.9527232847855902
0.9531389163106609
0.9528291188218254
0.9527694704844256
0.9529336217643909
0.9527566820250246
0.9528617484540761
0.9528309524728421
0.9532445664183246
0.9529471627130205
0.952900521740574
0.9533263789694637
0.9528594916463007
0.9542869706868583
0.9527690473366243
0.953088779502673
0.952751917700972
0.9528377698960762
0.9530160588258593
0.9544160967985841
0.9527944205625296
0.9530095390653572
0.9527037260571802
0.952854210091097
0.9563153083486968
0.9527852209979799
0.9533994779165142
0.9528360302773162
0.9528362653609155
0.9529255348172093
0.9528238686262287
0.9530915535555836
0.952882263485711
0.9532988572826981
0.952772150420895
0.9528695532513416
0.9528070680178363
0.9529007881702772
0.9594420898033725
0.9527543155348482
0.9527680913360981
0.9530141311077939
0.9527104807100883
0.9529759686311651
0.9527934332153544
0.9529601864889551
0.9533094678562727
0.9528668106010443
0.9527890293346328
0.9528887674956366
0.9528053284041271
0.9528701644706477
0.9540040365527932
0.9537476137850212
0.9531778786821061
0.9527696272058379
0.9530240361344193
0.9528705562779135
0.9543201846987551
0.952791239110851
0.9528037141682386
0.9527925712456737
0.9532147567135955
0.9574184092740925
0.9530038499506899
0.9530436581448198
0.9528015827503555
0.9528484583707725
0.9528268306765583
0.9527579984833655
0.9538160761881045
0.9527135210889109
0.9528467187502548
0.9533348110266303
0.9527700190093786
0.9542910930433899
0.9527346470443034
0.9529224316879523
0.9527896405492855
0.952821674515408
0.95313231811143
0.9527501467521188
0.9529534160041626
0.9560854671676933
0.9527507579645215
0.9527737646519617
0.9627007631380846
0.9527766169831878
0.9527560708122793
0.9528026954758144
0.9528963215555517
0.9527481877382469
0.9529216480695967
0.9529315059927299
0.9527717116008415
0.9533391367685755
0.9527729340281781
0.9560476232221444
0.9527815693842889
0.9528371586786416
0.9528970581550436
0.9527789834783611
0.9528490852611193
0.9536639172067795
0.9527359791719882
0.9528557303010782
0.952777870755399
0.9528150294968436
0.9531367691527424
0.9537184766440564
0.9527467302321619
0.9528193080106763
0.9534783450931906
0.9528331309133516
0.952837644518138
0.9528025700982918
0.953465148279555
0.9539002284862267
0.952734913469827
0.9533119128348382
0.9561658585355577
0.9527879949714555
0.9527729497003243
0.9529320858708469
0.9527543155348482
0.9533254856106368
0.9531643687849565
0.9537395732428291
0.9527918659978054
0.9529349068999762
0.952786741198043
0.952855934040577
0.9536776471626786
0.9528391177090061
0.9535383265397859
0.9528050619768275
0.9529210368473198
0.9528639112286456
0.9537183982763817
0.955075842367565
0.9527752848503767
0.953490194027583
0.9527595030073849
0.9529041420506426
0.954154507504838
0.9527391135907333
0.9527930884274739
0.9528528622762445
0.9531143258929796
0.9529276192429275
0.954206875019312
0.9601694431727996
0.9527466988879473
0.952883282185797
0.952750475866485
0.9528619678659687
0.954703697058966
0.952737468020776
0.9528933438134481
0.9528641306405828
0.9528759162027681
0.9527910510447718
0.9528693024947136
0.9533032457018056
0.9529456111451127
0.9528520003017196
0.9528762296487502
0.9547162840527627
0.9539471245936468
0.9527919757030263
0.9528202169991862
0.9551294212858659
0.9527553655668478
0.9528469381618359
0.9528729071218139
0.9527520117336629
0.9528733302737715
0.9528866674052479
0.9543859860455065
0.9527497392772035
0.9528126786658043
0.9543532734160347
0.9527499586867715
0.9528041686618132
0.9531612812586628
0.9529706556730229
0.9535117447023861
0.9615946957037396
0.9527581395324832
0.9528185243999548
0.9528762766656483
0.9527954705985154
0.952897434290974
0.9532489861608162
0.9527475608538846
0.9527964109293376
0.9527706302229313
0.9531932066372012
0.9529466925409033
0.9530999854270641
0.9528684875357131
0.9527380635603501
0.9542439603374536
0.9533975658021908
0.952756039468037
0.9528583318980479
0.9530454291427494
0.9527973042436966
0.9529105206952019
0.9528758378412743
0.9530177201116273
0.9531459220041065
0.9527533908798902
0.9606455969732037
0.9527359634998969
0.952774532587216
0.9528277083212597
0.9528623283283737
0.9529521622111569
0.9535367435393713
0.9528573288726345
0.9527917249482375
0.9527524975692451
0.9530292080665503
0.9533834913974334
0.9534655087623721
0.9536302820235095
0.9527608821545908
0.9527708809772193
0.9535876661151983
0.9575323155778
0.9528133682428549
0.9528621089164736
0.9527830268951816
0.9531015526901577
0.952728017752561
0.9530741569645463
0.9529345777798724
0.9529574438151966
0.9528446656849668
0.9539686761816931
0.9528654000954537
0.9527911294056378
0.9527563058941001
0.953374197285062
0.9529167269476484
0.9529626313873036
0.9533338863211517
0.9534450552999663