1.0
0.9526157122283526
0.9526644833332933
0.9526365558927429
0.9527158718978795
0.9527099478602817
0.9527530304211997
0.9527773222300383
0.952845950809757
0.9527828074849267
0.9529482441089693
0.953067715531302
0.9528932341071757
0.9531261587509927
0.9534209970627328
0.953897281812463
0.954230950680628
0.9537716884267163
0.9562022449088212
0.9536473190300446
0.9541373286324859
0.957227052313043
0.9533185581640223
0.9576644576804214
0.9547672121482507
0.9562944263312043
0.9564786816649965
0.955362346794569
0.9572170024355404
0.9580314623735563
0.9552812087208565
0.9586223594501267
0.9607070268558084
0.9569997798236446
0.959216641217547
0.9653843773006415
0.9600127313251334
0.9598161895669477
0.9630183163414711
0.9654576107437676
0.9579288404008007
0.9626709924203152
0.9616286359497722
0.9635630444973059
0.9590104841397948
0.9651939218881335
0.9687319428237335
0.9590279995939316
0.9680948519206497
0.9627747039742227
0.9700581287176664
0.9581073671405098
0.968593525856263
0.9649992960117552
0.9636754061092269
0.9643667411065312
0.9635395150287975
0.9687337003079725
0.9628576016414855
0.9624848563547466
0.980961196925116
0.962261879222742
0.9685978410706179
0.9584693678605852
0.9680307692297689
0.9788664855111401
0.9706140972971269
0.9633806608028129
0.9646698531416559
0.9731826871439979
0.9644489424620164
0.9769468439039304
0.9623286653115284
0.9670816578090667
0.9792860132965339
0.9678677235892329
0.9690897831409712
0.966155684532809
0.9709243315155848
0.965015172213239
0.9662057801946896
0.9748115658071727
0.9670504030447367
0.9908139016852505
0.9656603067812453
0.9729071165646722
1.0117761833240349
0.9654373412960414
0.9678331878200875
0.968701124113692
0.9691788521554876
0.9745458608525142
0.9712692398195517
0.9692027044060226
0.995308381356702
0.9668135781288324
0.9796261814144572
0.9640773459802159
0.9709035998852585
0.9770037836420344
0.9736755914493944
0.9739224015884317
0.9771013366581773
0.9917484548692049
0.9743659897259264
0.9775283049733371
0.9737902532287216
0.9991038771424563
0.9720092533089936
0.9781460474729834
0.9914527566663662
0.9679550597292559
0.9864862584598305
0.988836463223504
0.9799938150957475
0.9743818121654585
0.9797773321283599
0.994461786583227
0.9716089914676109
1.004575519477125
0.9748894241409383
0.9995584584123807
0.9839914980993596
0.9744254181217661
0.9804863726168639
0.9954156276710094
0.9757241126797613
0.9839163114879044
0.9814450426369916
0.9882324916483773
0.9745194114209863
0.9913585990807167
1.0139250723546185
0.9783385106306292
0.9838879830790894
1.0087318104333636
0.9723370437334676
0.9892017995709412
0.9816149834465462
0.9823007868762496
0.9860596690411695
0.9965635840006551
0.9873287099128514
0.9789290036477248
0.9793457849455953
0.9867521333943796
0.9776370853263114
1.0019660366128853
0.9813841198317508
0.9849239964528663
0.9940390104162353
0.9851659271379642
1.0032575033343385
0.9878187453449485
0.9859846819130414
0.9823723735656725
0.998173369915042
1.001970811576943
0.9827908271876785
0.9892239441169095
0.9951745120976417
0.9848618416249906
0.9802468519587747
0.9957961424490952
0.9839053350115773
0.9860335373832829
1.016158927861035
0.9925601833053139
1.0033168601241558
0.9861038133694537
0.9899923505522953
0.9841238288590942
1.0056062449102714
0.9897918060700275
0.9852420274659438
0.9879425311491924
0.9971045338263903
0.9864494161645686
0.9875835973219463
0.9924147430325101
0.9926627612942833
0.9882119180975557
0.9940877794896442
1.029598288882668
1.0099656584497756
0.9776608855146386
0.9935214788858485
0.9865961259823527
0.9901961783245018
0.999026142379244
0.9906654187448762
0.9874923527819433
0.9908961533047785
0.9853733896596231
1.0056863646783556
0.9837491365633757
0.9973720721722208
1.0185458404417618
0.9897567199002837
0.9963237698186961
0.9911766609888306
0.9970491507848296
0.9888674025214665
1.008471750200573
0.9896493098896428
0.9922216189513119
1.0101203428567571
0.9862933943214912
0.998786969444522
0.9887042097453356
0.9907731921268492
0.9947408007851667
1.030691739078516
0.9907787677011375
0.9992144870219879
0.9919521320432241
0.995004313205545
0.9797225993538751
0.9991293855820126
0.9875086071727462
0.9922331944432279
1.0297660820836274
0.9930377667361845
0.9843967834130202
1.0165969620968447
0.9951428471660209
0.9919809685636101
0.9912675357266143
0.9951799152417042
0.991745517826706
1.0378648749211226
0.9876917404299485
0.9922925012023732
0.9988556882592168
0.9983171215786873
0.9943306357534093
0.9963273667142312
0.9997957938683493
1.0200363678111368
0.9839954867007707
0.9935051755195811
0.9960347148166242
0.9972549445803748
0.9929231413888527
0.9876586504299648
0.9922058341929684
0.9966771299040026
1.0311122267322665
0.9997055718351305
0.9985669279533601
0.999295536023037
0.9983094250826431
0.9957941319656705
1.0016363125740972
1.0003010152841407
0.9906872027089326
0.9976430821616037
1.0463461039258932
0.9887951113931673
0.9961581870728365
0.9912867284394743
1.0077828317226847
0.9878725030775274
0.9945809376700783
0.9980692788041566
0.9970391611059661
0.9960364268722783
1.0026765941390856
0.9911364694600449
1.013324572738945
0.9925441000457322
0.9923257199219575
0.9986576210329147
1.0017898498025568
1.0162947120790051
0.987262153630594
1.0033573056608796
1.006827226579093
0.9954003763213459
0.9861949760542882
0.9986789513448087
1.0327470575664288
0.9852951219149394
0.9909938910681233
1.0009758111208105
0.9977397436288327
1.0574934617425804
0.9937204336313303
0.9883730673746999
0.9898351690925109
1.0095132874819326
0.9868454963029635
0.9963653304602197
0.9862852909404607
0.9914330927176371
1.0023036294794831
0.9909417474865231
0.9945886339623229
1.0102406159703523
0.9929121155019495
1.010055745802234
0.9902516978973319
1.000556382559679
0.9839915923182847
1.018292616699635
0.9957897026194953
0.9949426012566802
0.9815810988315533
1.0048136978961013
1.0054374135864512
0.9964684153555007
0.9905063191187504
0.9937006119549644
1.0011613441123506
1.0136981469089053
0.9838640201547969
1.0035272082075992
1.0000300821545083
0.991399466124189
1.003780435972955
0.9919121598734414
1.002340478323833
0.9895451197375829
1.0386490059870215
0.9967322457982419
0.9964966722217571
0.9908179223840312
0.9983994740986574
1.0192791661270721
0.9893933737998141
1.005467916022072
0.993526614918132
0.9884688212079963
1.0024127309412703
1.0112240076511192
0.9979267210148837
0.9972445465062147
1.006105826024551
0.987236586499758
0.9928417980274127
0.9955246803802229
0.9958986457346295
0.985626583267648
0.9988119752382005
1.0225640279192074
0.9890905430198641
0.9974699586635499
0.9920613842027477
1.0025341938168628
1.0319947189441603
0.9964689965138941
1.001581541781074
1.001133526734132
0.9839212579699196
0.9991662660126263
1.0088433385016538
0.986187783537806
0.9963915611059
1.0113359227702958
0.9930583892661115
0.986733413727085
1.0047894151564887
1.0069496425267688
1.0054287120658842
1.0067925310287043
0.9915636570628402
0.9873715208324041
0.9944784356843277
1.0059888903500713
0.9947486384512569
0.9959228500934433
0.9970187105388174
0.9972405097917846
0.9923432009854533
1.0094628248575157
0.9866859864237509
0.9952099937959076
1.0025606759495964
1.012654429092113
0.9913640333592407
1.0024655381644716
1.004426963983921
0.9862093296831527
0.998293262441603
1.005230053303104
0.9978341433150543
1.0000817430676192
0.9926346312561267
0.9958558915188148
1.0007230356652939
1.007785737374808
0.9964568550160651
0.9942633326784591
1.000001824938647
1.009273051664152
0.9897863248359421
0.992996505987705
0.9906502783453709
1.0020519702448867
1.0149295571733663
0.9922373408885998
1.0204342404582114
0.9885284848893789
0.9966809467065193
1.0035029566221472
0.9982710525553713
0.9989127209568589
0.9989187210923631
0.9887488438760619
1.0077501941725184
1.003289671293167
0.997685130051613
0.9973354747003309
0.9941616163914322
1.014823934065758
0.9879479493386396
1.0031307791034487
1.0020643788641055
0.986734607262642
0.9983109015532972
1.0037172468780196
0.9906440117289874
0.9964203834079258
0.9893348711749733
1.0134883848798018
0.9984951934195295
1.0140944724438654
0.9911792995896089
1.0082370856130196
0.9983558553760737
0.9958126661110279
0.9940112882341539
0.9890210941915034
1.0007365438324451
1.0045140585533783
0.9937141667141003
0.9943822007812058
1.0092437759912918
0.995247187550108
1.0074412674865314
1.0033131375635294
0.9951021822458089
0.9922521675742338
0.9934460405062336
1.0095051047814136
1.00063359902659
0.9922106874167623
1.051159902482216
0.9901839593148792
0.996909405284449
0.9994468903443003
1.002471915240471
1.001280137333532
0.995005648282489
1.0082447030777086
1.003881541603235
0.9976460350949611
0.9891096563861939
1.0011844022200953
1.0036661521195698
0.9822319482567683
0.9987054178969496
1.0119715216773677
1.0002869887740848
0.9916949598822052
0.9964054774864052
1.0072470586885216
0.997199058865565
0.9898575338101145
0.9998444232944117
0.9931068435961136
0.9903883218481818
1.000433740932572
1.0091162758542185
0.9917587266660165
0.9965614478494885
1.018119282617652
0.9947099056227333
1.0040437942189762
1.010880753475325
0.9884862381573218
1.015620401863414
0.9942729137431465
0.990791882082357
1.0008104303604437
0.9948945542353315
1.011979075747226
0.9948516747624935
1.0083603784800843
1.005023509322701
0.9978370020083258
0.9944044885682466
0.9957973990012526
1.0093954627543984
0.996449299957788
1.0067854317108074
0.9931300891208756
1.004236282403525
0.9888254852746917
0.9933186922724606
1.0057272334282976
0.9918381368234451
1.0388130252560044
0.9950971874826794
0.997629762547822
0.9917573445281179
0.9995410862754066
0.9901225973148101
1.0140037970905256
0.9973425742951814
1.0048930486975824
0.9900264474353044
0.9945145296894771
1.000104659842269
0.9876520858294772
0.9951735068615682
1.0088616516376658
1.0124854779548826
0.9903863115149888
0.9952153184077126
0.9943289237258928
0.9980185919299491
1.007706844946587
0.9878716864243308
0.9994469688801736
0.9952020618525714
0.9966446321120227
0.9918941763320008
1.0272527644394016
1.0020160794882866
0.9946012464589581
0.9969162849634903
1.0101688259297457
0.9945740895411923
1.0007751991790361
0.9936242938353488
1.0069715843933524
0.9923672001530213
0.9914846085078799
0.9932166159399263
0.9952711247536074
1.0015722745682298
1.01301554047482
0.9845008968280957
1.006081355147617
1.0185117047569243
0.9919959993695596
0.9904342454181893
0.9920522432010759
1.006105810317957
0.9956375028471525
0.9972200749080548
0.9950896325112408
1.0152536795168983
0.9962267007963762
1.0041187005101404
1.0081806064017695
0.9942843639021601
0.9930146783052887
1.001954601830172
0.9989943039576475
0.9931783707277609
1.0008387032642685
0.9943182431880081
1.0499282843279285
0.9860700651747841
1.006343356494989
0.9949361771847998
0.9865579330045844
0.9960657831329275
0.9878526678323507
1.0097702958706125
0.9948447637869537
1.000721103683226
1.0302799971334395
0.987531771654137
0.9962900783782489
0.9860703949615492
0.9917154563410892
1.0258254854160114
0.9937125332319963
1.0011889887100422
0.9921636786982032
1.0079356688448322
0.992335504919186
1.0146124670068428
0.9954267324140739
0.989519394196759
1.0022966712357912
1.0005419005445733
0.9965522435514389
0.996416189644808
1.0051797131566986
0.9976299510329167
1.0048594989599993
0.9969176043540248
1.0090362700733477
0.9950869623551492
0.9934785058585106
0.997571866217562
0.9949223238087194
1.011874873436694
0.9911897911701084
0.9979749104391389
0.9870185755654076
1.003082809840362
0.9920615098522647
1.0036402042053811
1.0004952031125678
1.0036765815461597
1.012401206280259
0.99212141328786
1.0016804967484247
0.9913540286329893
0.9982533663246974
1.0020471638681587
0.9804867337444312
1.0013994174401935
1.0035017628911502
1.0025230732049022
0.99950720589696
0.9948837008578247
1.001086829347124
0.9940803188405153
0.993587257820478
1.0089498561612522
0.9880609933478103
0.9984065737256722
1.0229618887039627
0.9936715391248166
1.0073344959085768
0.9999401428449314
1.0032657338088238
0.9922000857147748
0.9980860697169639
1.002982159159978
0.9952816483290408
0.9979970260581263
0.9949975907007341
0.9999451534351664
1.000191442006896
0.9966342969046491
0.9927327644602074
0.9862377699864487
0.9960384059458158
1.0270249426487343
0.9843967520063093
1.0033352530278405
1.0155277362790567
0.9933892458061523
0.9889672565023372
1.0041310618500574
0.9964351950891583
1.0017062721560246
1.0054637851572863
1.0114021670897566
0.9970612452081408
0.993267473464279
1.002406102550013
1.0035416115112459
0.9983230745829076
1.0154351018348382
0.9922469688101329
0.9999869031181492
1.00067475181919
0.999668345823434
0.9924281247807997
1.0153426398639573
0.9953748055771782
0.9999451220208074
1.0057112597492874
1.0155480093521358
0.9954876435989893
0.9998454442610528
0.98872888258263
1.007264885398612
0.9927126760415783
0.9923728229959097
0.9965903801348576
1.0269563836701727
0.9898802126492826
0.9997001528586911
1.0138423114746538
0.9877727772783035
1.007014352951495
0.9880400586672631
1.013234790629826
1.0275276065099546
0.9974437749647163
0.9903520102168706
0.9907047932270957
1.007727671426149
0.9868945884812393
0.9971828334772026
1.033797818446103
0.9919280230890115
0.9839605471978599
0.9980244978063134
1.0055787267925185
0.9981636157893092
1.0114636055441075
0.999727766077942
0.9853401760983483
0.9958771272626258
1.0062347456450098
1.0102040691831273
1.0019447063447189
0.9982847020538519
0.9986721344408757
0.9944606557009994
0.9967924664930596
0.9831629480556998
1.0027362809838642
1.0090963136846023
1.016552632910836
0.9987224601584894
0.9906728318881038
0.9940053040136193
0.9976804807514533
0.9985826822223705
0.9927358743175646
1.0266903699270316
0.9962748583316854
0.9883731930151485
1.0001145239508589
1.0026863168132703
0.9949142662337322
1.0123947987360924
0.9907243312736553
0.9903312001455107
1.001844604849364
0.9883621994772606
0.99411437081915
1.0263902445043411
0.9976287101727122
0.9987728958326647
1.0039485316968513
0.9948886170764305
1.0036677542303327
0.9924113661833119
1.000240228504054
0.9977461050041115
1.0045151423266723
0.9942027049821425
1.013437832633615
0.9903440631244809
0.996574767380803
1.0022920376422384
0.9913188471917975
1.002771700404931
1.0046909647678077
0.9967719217150394
0.9914070678372165
1.015950311767337
0.9892430104224037
0.9930199556602665
1.0034828045567474
0.9970731511477728
0.9951004230839241
1.0133826318265702
0.9998295485958472
0.9879661984340978
0.9993277043113495
1.01048160105786
0.9900851393605183
1.0304414279484833
0.9918477332715343
1.0018337355179356
1.003038877270983
0.9978062474968625
0.9950727477018414
1.0006623117386082
1.0091376201329685
1.004470314941308
0.9924435326422245
1.0060721196671363
1.0173654968635915
0.9919783613395402
1.0032875979679001
0.9883773548552255
0.9995690450493301
0.9954424235593075
1.0039024632493718
0.9939017189523038
1.0018210127450486
0.9890737069305712
1.0182241876312765
1.0036865554699366
1.0085542697407377
0.9973953186387144
1.0120612124266795
0.993765888429179
1.0081172164351162
1.0103548892888154
1.0019457744288816
0.9905522584978252
0.9912304696218023
0.9956915188220156
0.9872161547935614
1.0009414595508768
1.0249833548435345
0.9986573068898915
1.0073148001622623
0.9858760725638621
1.0021094425657413
1.0042296855063528
0.9888522783848209
0.9985016490557367
1.008797100162746
0.988076776816059
1.0018083842143408
0.9894487511164326
1.006982029159269
0.9904256229664284
0.9941060620094481
0.9920489449018294
1.0270187899302639
0.9920361914797051
0.9966113646841719
1.012534727960733
0.9875787759615469
0.9912118580485949
0.9869175327359515
1.0026424155583031
1.0100957008101534
0.9884873375141413
1.0121335962221192
1.0106461939284117
0.9970721616039461
0.9988749766507748
1.0265084211280828
0.9923560015874777
0.9947920833214583
1.0133444073792204
0.9859683967711538
0.99588590742702
1.0023221481450149
1.0178496461730804
0.987836083501678
1.0024394958175495
0.9938208928527148
1.0103370635483728
0.9851554684599952
0.9822342721855217
0.9991601716312583
1.0334242530020636
0.9997780918778882
0.9950792031960805
1.0016278150126372
0.9921068850503668
1.0416190419508384
0.990852616629188
0.9934731656448046
0.9910670963416226
0.9938544421140045
1.0574693526095502
1.0060473974744972
0.9974377591543804
0.9953099834537551
0.9973839153041218
1.004426524191514
0.9937064705006341
0.998687433207016
0.9933328123977886
0.9920122709671199
0.9962630781110713
0.9985626713164911
0.9903115365989855
0.9954468528920022
1.018056537263774
0.9899327478118221
0.9975122421245245
1.0528773772191307
1.005263728568788
1.004790451806549
0.9844865753247684
0.9939572417855648
0.9956523301433429
0.9925091064044338
1.0005170989151415
1.0030381704544327
0.9948443082908561
0.9950875120931623
0.9941666739309708
0.9969316307326308
0.9957238436018038
0.9961550142694515
0.9950108943497112
1.0041798475070525
0.995072731995043
0.9923021919571124
0.9899589761499613
1.015758041402725
1.0055452558285478
0.9924863793949745
0.9942800602756884
0.9996639792280272
1.000422227572128
1.006865754484275
0.987030353966613
1.0385790721039914
0.9930535202752682
1.0005404240701352
0.9902668067702852
1.0011749779255275
0.9904988431757198
1.0032997394859162
0.9898876099737295
0.9952681875767703
1.0005408167495071
1.0453961420584765
0.9877482149297354
1.0074197812513928
0.9841261843422472
1.0225202899539048
0.9933072422506524
1.0005708488673772
1.00375065558295
0.9881055639928464
0.9917506223124241
1.0175335439143873
0.9951235434996837
0.98987088354105
0.9946914973253593
1.0236756586681857
0.9934306167201005
1.0220277531069168
0.9876012965880361
1.0033870547204995
0.9967019312685815
0.9972215827856377
0.9911612534474553
0.9960110287646425
0.9882021338856657
1.0335773987112296
0.9955705287281865
0.9912616773957375
1.0067099621498719
1.0004284476140737
0.9924958188775754
1.0049267711989307
0.9906609111773558
0.9938205001882219
0.9953171614771222
1.0006117032268957
1.011794165546626
0.9924559091940617
0.9986431076255192
0.9950924440286131
0.9930021760015979
0.9956672830965217
1.0043255603754213
0.9919520692185756
1.0106222274831247
0.9924556893060648
1.0013847469629966
0.9956450107362977
1.025315320174588
0.9908121897471882
0.9959510911359155
0.9887600259735485
0.988921491375775
1.0046252944754146
0.9997313944361348
1.007585749673358
1.0025223820934037
1.0020021786905662
0.9892099820579707
0.9998690992728549
0.9903652187268779
1.020070391581293
0.9834065768552956
0.9847310467673278
1.0054146702602038
1.0488842383715162
0.9927123147956362
0.9938249451503917
0.9996892991986873
1.0354486404079108
0.9948660778653686
0.9867381721651222
0.9977927865092351
1.017211094330573
0.9882278743773252
1.006544290097616
0.9941843596150559
0.9908556007436535
1.0253874168841028
0.9905057222997302
0.9961782134326176
0.9878489928948634
1.0035387685473927
0.99437978195194
1.018867191083274
0.9982356486808548
0.995968384458218
0.9918211584958943
0.9993432544121601
1.0082497447393788
0.9952074178776094
0.9959431277267319
0.9934360825828535
1.0158972663690695
1.000796718001619
1.005257540111342
0.99540018783918
1.0179982511619696
0.9892989686606608
0.9839416720310055
0.993028185821781
0.9863253367363348
1.0158283449053702
1.0334089085343694
0.9891114782029562
1.0226024594843397
0.9927703968849226
0.9951152031860593
1.0068928637930366
0.9950937319863177
0.9907225722209416
0.9874695495317866
0.9972875995633449
1.0106960271335836
1.0054545339042953
0.9880279030511104
1.032154265238732
0.9970286216812648
0.9944369385908832
0.9979370091734333
0.9965431963238914
0.9908080748137171
0.9919510797303692
0.9891676875676712
0.9997416512236181
1.0133273367116158
0.989503641628852
1.0065613159490552
0.9919740107309436
1.005381796091583
0.9964545775036521
1.003728822908833
1.001969853442715
0.9955564553723854
0.9959876254418152
0.9863114541887908
1.0140844218445695
0.9961128725368106
1.0127678951275942
0.9975855942119393
1.036198417278587
0.989754222720855
0.9931920667521704
0.98930305205985
0.9929910558639721
1.064031965627585
0.9833131293126012
1.0013324578590612
0.988282873332427
1.0093083269441268
0.9968565040179915
1.0025625450916884
0.9969484843783977
0.9918993436547255
0.9948365805642811
1.0043207069476743
0.984840296320325
0.9991363438572864
1.0233430702869606
1.0435041259837858
0.988832584033845
0.990612945656624
0.9922524502864932
0.9954088266054476
1.0086541285944164
0.9994778648932642
0.9997130484519274
0.98927563047061
1.0160314186043131
0.9830480671299284
0.9944054309695124
1.0443000110841596
0.9915137746323517
0.9880310754467162
1.0049742999591504
0.9977801579988161
1.0059054253505566
1.0405197632344418
0.9829446495551499
0.9961848260587567
0.9851007724538523
0.9949137793237639
1.000723302687205
0.9920523845567616
0.987727013425916
0.9930890639159846
1.017493471487284
1.0003169266554266
0.9963609010941962
1.0059033363685148
0.9952446273377198
1.003491584763299
0.9897347635723291
1.0018722022683824
1.0299988586292859
0.9865258019360632
1.0044838385517576
1.0007721048665321
0.995431585831128
1.0193998777575997
0.9869398174154208
0.985760239709739
0.9888495142648637
0.9985560743148041
0.9989160822893047
0.9993326834850086
1.009912133669936
0.987820237305611
1.0023272529507556
0.9962721096134494
1.0085467151397758
0.9929499993256843
1.00367345585966
0.9968341529240428
1.0115948529946268
0.9808452574090523
0.9947652090700633
1.0000337105129626
0.9941996893050931
1.0115301794770568
0.99932993472983
0.9927382773892548
1.012324504140716
0.9966682083248355
1.0330121905461616
0.9961034640788128
0.9943556721962971
0.9947765807570502
1.008598984791272
1.0091405100126014
0.9883644767098779
1.0119871323732397
0.9886754535786809
0.9984076889325851
0.9921712176818134
0.9955291097162072
1.0004608043973868
1.0041220303756548
1.0045379486839618
0.9900071138244447
0.9940951930195356
1.0303880729404165
0.9841645944457069
1.009881083617551
0.9918725646769108
0.9947451829671294
0.9988052996963995
0.9941521295789422
0.992856247893574
1.0172804366054269
0.9938104008581219
1.0123949086694568
0.9934185855408258
1.008266675924097
0.9974657177522848
1.061009312262939
0.9919563412948219
0.9893976142613545
0.9934423965972119
0.9907869975639514
1.0161685695495197
1.005767002693119
0.9833163483879596
1.0063690209893286
0.9912464111851192
0.9909713688042622
1.0591667362928565
0.9845681231802522
0.9887272492435176
0.9901990524621522
1.008873007035484
0.9969738512389913
0.9904609137752555
1.0185012316563709
0.9920564995779779
1.005224226098741
0.9889166541585177
0.9865228652268864
0.9932925724036027
1.0041296168141982
0.9954498843148359
1.0213078385772665
0.9900706430611413
1.0116196198794123
0.9883830872016511
1.0083776551673516
0.9920893726387916
1.0018627308721917
0.9884926458374615
0.9991228199860072
0.997850855676219
0.9854577035682457
0.9956138325806231
1.0206568271429288
0.9905219149444967
1.0059307758503184
0.9841882278318612
0.9960922807373154
1.0422830702989738
1.0032652783054763
0.9955419108123248
0.9856950053772254
0.9895562077954679
1.0098650324449079
0.9987863882797372
0.9869427698615958
0.9980863053237929
0.9884253338330804
1.0098949831122523
0.9987511885439024
0.9917859453653601
0.9985856037518958
1.0173719034595439
0.9898823014902561
0.9875840213504131
1.0463495207355016
0.9937539828507417
0.9986668097164613
0.9929382666467623
0.999129652603861
0.9918219123900796
1.0077053371469016
0.997126083897296
0.9984809784546013
0.9912550337665414
0.9976666899225161
0.9929561091150754
1.0166662587063566
0.9931437851362399
0.9953192033656957
0.9965706835621102
1.002557188978587
0.997486780945797
0.9963996344912601
1.0587272112634833
0.9875114811381841
0.9928428032353966
1.0043064450940882
0.9889724235356627
1.001252791177934
0.9885098900401771
1.0063028807118555
1.0055770461766054
0.9982782464221547
0.9942913533689617
1.0195039455512962
0.9980437076125659
1.0017586397351963
0.9961083018167288
0.9966548259570799
0.9949859676794639
1.0038631644788243
0.9903904892387427
1.0007827543277774
0.9865853213859858
1.0333824871440938
0.9892818026825902
1.0053991520205698
0.9897848328095782
1.022790770045943
0.990856386036961
1.014671874527471
0.996919096521904
0.9999393574859606
0.9924363077526281
0.9927440573267361
0.9910789386111468
1.0185938093278202
0.9846189866588038
1.0123439623753854
0.9889197637981237
0.996204773887846
1.0546726057682905
0.9833796150659667
1.001220999895323
0.9902543207470994
1.0150504281678139
1.0022383821924914
0.9832242044556826
0.9920539551755148
1.0175476760265045
0.9982406435484221
1.0202923849387693
0.9938992216036835
0.9944482159974314
1.0037512053264968
0.9875401265754559
0.99733842762913
0.987959272571624
1.0004262014878194
1.0109440301654928
0.9910507307690309
0.98933059930831
0.9993387621607819
1.034541704769665
0.9893420956562453
0.9961841192459707
0.9898514243462215
1.017988924118151
0.9967254917833397
0.9920065853311979
0.9881456430628567
1.0128469520991654
0.9959694525290661
1.0039115575674618
0.9870407974853588
1.0008515831422358
0.9923013281134384
1.0302967727044852
1.003195413500269
0.981267126451247
0.9977894251892286
0.9916011788557737
1.0245746067276413
0.9810218204324698
0.9950645644603424
0.9952995384096751
0.989520493578562
1.0122556385621895
0.9922039494459628
1.0131338581352276
0.9934750661325809
0.9997859768816084
0.9885186534900786
1.0030239555876086
0.9922106245918565
1.0041281246575864
0.9915522387571846
1.0435006299114742
0.991015408162774
0.9908318377735079
0.9945908643165216
1.0062884149729368
0.9922688947183658
1.0062272221981532
0.9866736898843461
1.001960853263642
0.9814714687317241
1.010923032176983
0.995065522574956
1.0236523779651965
0.9940873082907322
1.0046914202659878
0.9914773994357262
0.9959901385500965
0.9894847793883921
1.0076336380903033
0.9915600289627302
1.0100088802960594
0.9930322066643913
0.9998126947928133
1.0455281074905896
0.9936446652216444
0.9981405577285838
0.9872947721625984
0.9877868645142895
1.018330521116748
0.9912829590027262
0.9919065684835766
1.0163926672920593
0.9929232199208169
0.9906687954943124
0.9954829786617706
0.9897095719178295
1.0275854435136904
0.9997383370089735
1.0002870358956193
0.9887026078174823
0.9982475075646876
1.0067176269079494
0.9856989941846308
0.9874208021316669
1.0017605402980279
0.9995130018447942
0.986319274899315
1.0033298184040997
1.0208894756905642
0.9933851307050887
0.9856378743983467
1.0152215500894017
0.9876367265530694
0.9962727693058209
0.9963163561303822
0.989718492651846
1.0312779331356647
0.9949964598121186
1.0157151871250583
1.0012026696437983
1.0113406343183593
0.9905697547367974
0.9922955010955009
0.9941850035876355
0.9962870312274058
1.0144256851973192
1.0192226883408515
0.9964364359405733
0.9863858609361328
0.9877976223287591
1.0040381554336255
0.9859511222796983
1.0597951170207756
0.9866001934111565
0.9953550463699171
1.0217390678057012
0.9831771904322333
1.0049750852986883
0.9918958568898001
1.0205007952991778
0.9915163661303789
0.9902654089637649
1.0029745255384692
1.0001979761933086
1.0092750148927185
0.9895238074295784
0.9976766639274105
1.0141518079175103
0.9910350405556638
0.9867509555626904
1.0227583986410427
0.9841956240646472
1.0031886123608547
0.9943313425537699
0.9902341389424653
0.9942108881480013
0.9923629280492497
1.0084336787178771
0.9875673114912554
0.9950654126273769
1.0257826333680842
0.9991924969846789
1.0444193075079127
0.9851519508272941
1.0174986846745568
0.9935390858970246
0.9916857404045066
0.9907557272330756
0.9884010852038823
1.0148151242732923
0.9902897842020143
0.9916844996231184
1.0078253327617017
0.9968173621183704
0.9920309299085244
1.0077146666568906
0.9875527217796797
1.0380202462397388
0.987919177975537
0.993750040502599
1.0018722493897556
1.0487948426581946
0.985572970076825
0.9913273755481163
1.001370437749653
0.9958352840550214
1.0036282983205937
1.000177886711474
0.9864091189647404
0.9944738336211698
0.9957043827639177
0.9831298938344057
0.9878286236960286
1.005007299921232
1.0456442714943321
0.9815415616002667
0.9977420211582325
1.009738538975636
0.9996458217307203
1.0058035834897194
0.9912057641339644
1.0012105546364134
0.9863751820352905
1.0056434226277835
0.989777137095371
1.0342741830430637
0.9910294649553797
0.9955862827211923
0.9965441387434012
0.9931827528270359
1.0124666479780786
0.9844866381383656
1.026079001207538
0.9841693996377386
0.9985772161349369
0.9904493229328822
1.0133796008837326
1.0091280395526598
1.0407326989941788
0.9860283864337377
0.9842071031469826
0.9900464878066653
1.0148622040287574
0.9879466772419231
0.99121889432197
0.9975151950560115
1.0559319450810853
0.9933998791026846
0.9975989609441808
0.984529429929882
1.0402142232402474
0.9856245731640969
1.001822442093637
0.9925941246499248
1.0135098683857429
0.9835018462246995
0.996661846987901
0.9961625064835096
0.9851510400117438
1.0003626659567606
1.0105886964268123
1.0031742404371045
0.9946522461981933
0.9904169062816698
0.9994164341331437
0.9913899011602427
1.019002004575485
0.9945801680408891
1.0343961937688189
0.9824433323422984
0.9924636680995648
0.9872482864439253
1.023636114424488
0.9862187521997213
0.9935129659523577
1.0059627231235442
0.9824374753708476
0.9984665121760062
1.0204534266093148
0.9864061508562866
0.9944620850104839
0.9932643635837763
0.9842041509338911
0.9873539787148595
1.0318759368610801
0.9929560305830746
0.9945139799547394
0.9886642872077078
0.9961751819912928
0.9979944186768082
0.9808935236077988
0.9874589645564582
1.0760095609706501
0.9912232291693931
0.9912528663415806
0.999962211432036
0.986072373682204
1.0425042532481807
0.9856758151369406
0.9825738033664949
0.9939808959374656
1.0017909178873372
1.0022043920238444
0.9997189386437546
0.9972672589167032
0.9986331335850536
1.0113933408016549
0.9872416276833266
0.9870278098316477
1.0685425980007675
0.9846204470809455
1.0136279489236215
0.9870916331199497
0.9869129784337826
0.9949720671760754
0.9993702550424991
1.037602389540839
0.9915732691732955
0.9950953969072776
0.9879030333547819
1.0052800478746875
0.9822876754930225
0.9943209133223577
0.9917140270858757
1.0061832280825096
1.0013522488695337
0.99497335513224
0.9851277042976061
0.9984636063546504
0.9970846015839009
0.9831593364287781
0.999881130972143
1.0630228630732934
0.9836280507275248
1.0080177022232573
0.9800011945164124
1.0045893572116587
0.9935808024354597
0.9994884672365755
0.9911091254155954
0.9958502370314471
0.9915275174262193
1.0037343988798997
0.9999103306184621
0.997792849337647
0.9825730653532514
1.0108159689852108
0.9970941357610684
0.9982095748453028
1.0005972526270617
0.9997975059508409
0.9963997915610189
1.0101830708663118
0.9916309104565101
0.9968385980113443
1.004982954400519
0.9881502289149907
0.9931931504973304
1.0109969884002599
0.9950489833190487
0.9894880775314802
1.064018778754061
0.995577706768596
0.9864087263577884
1.0046127289999305
1.0161597130149327
0.9859239542328339
1.0118515358528912
0.9920704780871711
0.9936394663554032
0.9895976545388105
0.99852155000804
1.0008244568623395
1.0004932711299646
0.9969244840334138
1.0408983061699713
0.9956520160056921
0.9784075113957827
0.9885431220566631
1.0482912348529594
0.9901506004912057
0.9992545245989958
0.9946311677685493
1.013306496980836
0.9893947872869518
0.9931400312969104
0.9888327882017134
0.9915252243426772
1.0169744248888024
0.9866134478926517
0.9964879077234516
1.0216094031521377
0.9890465053516366
0.9934008686118916
0.9848001423170686
1.022594091833074
0.9921853689847007
1.0004898783800185
0.982277453329008
1.009988541532199
0.9908387483519946
1.0029182472030027
1.0087182561693924
0.9884975772389967
0.9959807458081544
1.017919206721865
0.997777205063646
1.0208058556119375
0.9891060598688315
0.9934531712597371
0.9873680658041617
0.9971210576414518
0.993060179798311
0.9939690060342389
0.9959533843465451
1.0205900529215746
0.9884862224522244
0.9904825720092671
0.9907516908330681
1.0448206107321294
0.9915620550445823
1.0079697669747658
0.9890136027706091
0.9935513055735057
0.9891388996950223
1.0784419407973127
0.9982013286026362
0.989495898843146
0.986787217091139
0.9896854325454423
0.9852780833145965
1.0293950421914677
0.9908451720495998
1.01262548538538
0.9927440259140311
0.9920330031245786
1.0123378060987602
0.9982203342289575
0.9784424279023531
1.0066086867481412
0.9977065074093755
0.994014209664807
1.0044996239486397
0.99302915961958
1.0207284840143966
0.9873476811436731
0.9924730604600721
0.9953735176160226
0.991311858024117
0.9877406766160032
1.0146920381984976
0.9898542042307269
1.083926907738144
0.9807999588619655
0.9993857580226402
0.9948999887779212
0.9922811455872359
0.9934330983473938
0.9885712656367339
0.9955511621575449
0.9860248216001878
1.0105572541687657
0.9884949387820549
1.00585598085957
0.9898929969856474
0.988549686796375
0.9967382772908717
1.002896571478559
0.9960892335910656
0.9924262243210769
1.0345521689545405
0.9853142177204948
0.9955681569906459
1.0094912680047041
0.9888880234968737
0.9999209172573509
0.9907230748074253
0.9957299064623726
1.0009009821837336
0.9901356644148259
1.0169939589835801
0.9855256071160899
1.0073999912919138
0.9919653880454894
1.0293941633494308
0.9998445803662027
0.9870978521270996
1.00508961915068
0.987700739281311
0.9996941527166832
0.9935214945923687
1.0133470771241408
0.9853195256025608
0.990693877681665
1.0322974600950037
0.9905686239204595
1.0043006963728738
0.9912110413383487
1.0118151002992108
0.9864517718089457
1.0323863325017544
0.9983357816556373
0.984767918647131
0.9830757195372396
0.9995544844967562
0.9908963103635555
0.9892631447007822
1.0247060744868637
0.9901300260864008
1.0010793841527885
1.0000365849268025
0.993499945249631
1.0117955004711434
0.9877324944062168
1.0280876837713429
0.9870015361513738
0.9921950126046662
1.0096141968794166
1.0051828702150165
0.9847648721614533
0.988819878512174
1.0038052686664576
0.9946675916749261
1.0025175757270073
0.9970009301706341
0.9900885317778758
0.993393298081464
1.0064116328270503
0.9887087485412346
1.0581071574188763
0.9964422161093347
1.0045432733080222
0.9884616753922173
0.9991512342525096
0.9956909690809405
1.0167018569704032
0.9987265754328162
0.9963880741575046
1.0074261266022497
1.0066712928051074
0.9927152990013003
1.026128319536952
1.0002537366775759
0.990569456326928
0.9895237131968447
1.0054597956527156
0.9980962950535431
0.9889309302330199
0.9847530945132981
1.0146797892408863
0.9974034706097269
0.9980490009118447
0.9903731972339571
0.997353050910195
1.003438071045292
0.9956561312089881
1.0600533704794686
0.9887007546069009
0.9954874394098139
0.9878967671077632
1.003588591087923
0.9956612830667569
0.9822492207047931
0.9933694870404969
1.01220902662911
1.0002665380279792
0.9957787234961782
0.9911700644874225
1.002699981960296
1.0021953447322522
0.996158689695162
1.00528887506304
0.9920887286847364
1.0148394022341267
0.9997806992695537
0.9908894311895514
1.0126832471404188
0.9905700531466685
0.9999815940914889
0.9927831190364792
0.9903850236453278
1.0122865927511342
0.9926168988148341
1.0008506564193183
0.9949875383579347
0.9997539656515408
0.9951646639259046
0.9959744159172456
1.0032630164957315
0.9968790593064251
0.9936400474975339
1.0360056747053827
0.9958749597087229
0.9987701470804053
0.9993559929293236
0.9881799427360949
1.0043780841888306
1.0062034581536643
0.9866919855031854
0.9908297960118498
1.0043152566580198
0.9828107065945503
1.023816315638762
0.991355489291502
1.0607389292913654
0.9828427240880518
1.0064416165942343
0.9943306043400602
0.9943091961451668
0.9959007033405459
0.9973544017181702
1.0035236741361426
0.9858048076744339
1.001518289121309
0.9897940048460508
0.9907535755334234
0.9968832216684965
1.0408307996808086
0.9972170748599852
1.0107176691456443
0.9963771263966722
0.9876624666934171
0.9966992296631226
1.000832153375
0.9920150195482068
0.9907054999891065
1.0087912104259749
0.9945139171279123
1.040703845701514
0.9959820180691452
0.9844981644355224
0.9990456035565194
1.0013904015367194
0.9920394740720981
0.9966058986485833
0.9865562055270756
0.9986205521580195
1.0016705227174607
1.00814583302381
1.0049617973528815
0.9837672264608132
0.999055813213976
0.9994948600569687
0.9918161482410236
0.9973104690498165
0.9988658350839865
1.004372555367499
1.0073469510307025
1.010030051448408
0.985814591276777
1.0010521322273598
0.9953264285101918
0.990952600258041
0.9986464375414514
1.0162688963214528
0.9885925460901623
0.9967864507053306
0.9949090987054817
1.0049687711686301
1.007432283476767
0.9998036788721278
0.9972322164643657
0.9957849120147756
1.038434576432575
0.9889257632044334
1.0036217642197982
0.997107313973871
0.9940023982898926
1.0023561540025006
0.9903253890327393
1.032781293840199
0.9907155203048356
0.9964369856848745
1.002943598372893
0.9949796064319097
0.9979474072822127
1.0179090160337863
0.9843090331834657
1.0091287149050974
0.9927527272338663
0.9872576935156608
0.9928738233326316
1.0164864609195279
0.9886253384253362
1.0052249014890222
0.9884007082822925
1.0003320369604878
0.9959002164261658
1.0295265070313646
0.9866047319712334
0.9895022752548125
0.9938953420748451
0.9974679795716148
1.0079017120522333
1.0035116897065037
0.993224893243081
1.018841911514259
0.9870873771838142
1.0138506346837022
0.9982271511233405
1.0330196903938016
0.9888415360104881
1.0062338032508702
1.0047510590970405
0.9889707587771408
0.9946432305354528
1.0059097603807945
0.9940888946604125
0.9934742965135583
0.9950525173478612
1.0094657618369798
0.9886205169454008
0.9989320564723353
1.0064790452407297
0.9963740007090186
0.9853476982212149
1.0651013258879507
0.9984989631340878
1.0129824039262743
0.9852889974400996
1.017400324860654
0.9794395169855508
0.9786492904397713
1.0028279630807355
0.9959473371816208
0.996732292919277
1.0084253702103552
0.9913822366254096
1.010870466489648
0.9911390766470551
0.9873975906006771
0.9923421643723929
1.0084185851901168
1.0163316298307894
0.9991890257002887
0.9859529282488672
0.9989800732676437
1.0068655817134453
0.994523623873189
1.0040748468010945
0.9919659691736153
0.991690326584037
1.0173140713175037
0.9917452665289584
0.9974114812174167
0.9869068222744725
0.9961684122961526
1.0101607689792318
0.9987963466169754
0.984644175024073
0.9897477677482073
1.0449189748474197
1.0350127424356905
0.9851840021281113
0.9895966336826332
1.0013855480276128
1.0341804425923664
0.991761915006971
1.0007791259715322
0.986837801117614
0.9932594788727448
0.9916510770657521
0.9980885043208751
1.0774675973336383
0.9871899438040894
0.985884992463182
0.9881699229568756
1.0082617599126953
0.9963494035915681
1.03479572973322
0.9923180709765117
0.9952724441271864
1.004718436016635
0.9931100320021102
0.9927668472479921
0.9888154025257951
0.9995966425588585
0.9890403174658501
0.9915303445156407
0.9888361648242875
1.033305984090708
0.9957466343046877
0.9875168521561125
1.0091789736677188
0.9942383747952317
0.9869900718494051
0.9866510755695294
1.0219770120787484
0.9875258352637313
0.9838488038645226
1.0075340288874792
0.990956511025724
0.9913992933579955
0.9848118571678675
1.013297121453873
0.9891271364069038
1.0461664691211374
1.0056070773646146
0.9843655023443523
1.0140396652350516
1.006836917456463
0.9972958771862126
1.0064395433325488
0.982037162886329
1.000076119897403
1.0064674224149692
0.9913931994234945
1.0033546354704426
0.9868725079863131
0.9934394280680082
1.0068478962608784
0.983461882360017
0.9970389255003395
1.0148714378089636
0.9896092137733455
0.9925926953750037
0.9895086045509809
0.9984587057262599
1.0199645362105205
0.9903745950433945
0.9906695964907213
1.0055365857316751
1.0048278654427245
1.0078362014633768
0.9814171406031327
1.0110055320717464
1.0052914980886014
0.9875380221402229
1.0029213100768881
0.9981751448204059
0.9971212932471912
0.9957316813413031
1.0078265578466652
0.9891931930410389
0.9987104441859895
1.0022678644186895
1.0075062601646558
0.9915343966773809
0.9963562832446641
0.9851942566663583
0.9996306171829816
1.0083110927757406
0.9953094494214012
1.034439776624004
0.9920608344861149
0.9921042621148718
0.9934595009820167
1.0342220336181176
0.9934914951445776
1.003838284675467
0.9917441985135441
1.0102459558510273
0.9871963512822163
1.0003208691570733
0.9859522686775078
0.9911309095556183
0.993854991844525
1.0045290586030993
1.0143276926556772
0.9902015339581771
0.9978459707660171
0.9996992418423639
0.9929780509594566
1.0000421609755064
0.9964212315847514
0.9917730663485712
1.036132141243111
0.994071366062431
0.9942530605217514
1.0105741060908882
0.9963059895329957
0.9936826122436305
1.0059090064625082
0.9930518711010249
0.9834785588267996
1.0014523662345276
0.999396061928551
0.9944923832355308
1.012861384612027
1.0136275092042741
0.9850242170395132
0.9932977555398113
1.004352748991162
1.0050302789459828
0.9965226672870956
0.9881371309687786
1.0175789707787086
0.9934746577633025
0.9918330323303931
0.9930518553946036
0.9940186075175955
0.9936342674895058
0.9902217314556269
0.9904278531815017
1.0009836804101722
1.0356253583287724
0.9955354867037834
0.9862002997737396
0.9970824497186169
1.002618870659214
0.9969998620920402
0.9888185435688212
0.9937867310489819
1.0012327645550387
1.0008878038706985
0.9971485449798709
0.9985638022310783
1.000834902129498
1.004496184145928
0.992123329444837
1.011589843077711
0.9942408250339223
1.0003544353957754
0.9973331657613558
0.9939489801112605
0.9992832530148924
1.003190308718981
0.9901337954423816
1.0117677811475487
0.9971238220821482
0.994887627549982
0.9896436245001882
1.0048369439804512
0.9948113240963673
0.998032916821794
0.9973471136380467
1.01754144219569
0.986192918805978
1.039042818095933
0.9911459715578617
1.0048156769548366
0.9957596396147245
0.9933889945022643
0.9870402478264069
1.000323665034729
1.0032755506909805
1.0008382006348788
0.9929593760463793
0.9940879365559487
1.0023311326030375
1.0012047744027979
1.007536039292301
0.9913527407405677
1.0096266044027506
1.0097943726725147
0.9968953632007396
1.0074381262245125
0.9936256445978847
0.9975489181649346
0.9920948226892286
0.9911531648825614
1.0093786104359226
0.9877707827647936
0.996845540515436
1.0617068551296718
0.9972558398828603
0.985032759829883
0.9960689088133007
0.9985295920664465
0.9923615616043524
1.022313137869648
0.9898932953915723
0.9948390622325043
0.9947814655567098
1.0066062208286268
0.9995727362358264
1.0104331654137266
0.9872607559184654
1.0085651854306312
0.9926130350594198
0.9903955778951967
0.9945394091164973
1.0146032174523087
1.0088949011155488
0.9925222996961306
1.0212887473110874
0.9872662368348508
1.0116032237949457
0.9914832263763307
0.9950403445824711
0.9870865448421156
0.9942637881716746
1.0010909289161056
0.9910159107519458
0.999842695504712
0.9962822091898724
1.0594642322672276
0.9878855695308716
1.007631910401221
1.0000341188996285
0.9915671595146719
0.9877808495623219
0.9978261955196612
1.019899816939405
0.9963763253410359
0.9943183060146975
1.0038268343098231
0.9869754509432271
0.9988511960117933
0.9840290129571654
1.044152981598947
0.999142186923721
0.9917821916028684
0.9955129473527733
1.0037121892360217
0.996565248942027
1.096163578274175
0.9813159900852116
0.9916569197295122
1.01994533397939
0.99036971056339
0.9845307333137798
0.997418910663669
1.0000533130729061
0.998887809400346
0.9909042104206096
0.9960318561549415
0.9955177536530254
0.9954909734532856
1.0112625167865885
0.9889986042272431
1.0173710398253688
0.9983346036204418
0.9896853069013751
0.9935136256261369
0.9905477038225601
1.0134144331549777
1.0003332621203511
0.9973571975765682
0.9915191303950668
0.9887423105170349
0.9997550023253237
0.9902417090814821
0.9995817207408786
0.9934302554705643
0.9962467899944115
1.0217277168789771
0.9893638162229416
0.9934374647551061
0.9985202463149958
0.9990932433905947
0.9925102372579058
0.9926516412108075
1.0176215240493156
0.9930216362466058
0.9976976171927393
1.0006079806267452
1.0033041060342018
0.983808195720928
1.0268834923901204
0.994179883220427
1.0102760005216889
0.9893035075159355
0.9950055540417632
1.023747761181373
0.984800000985114
0.9930448660375175
1.018522005133716
0.999161710933763
1.0169064637250753
0.9855337103236053
0.9846044923651921
0.988110872268735
1.0132218187698998
0.9992071046522342
0.9921768876263233
0.9894455472086556
1.0143805835361765
0.9882348002840915
0.989965085627118
1.0012251308773448
1.015738098231963
0.9948739626619565
0.9825231003306354
1.0076516688790942
0.9996944825674213
0.9892730547895163
1.0001429696524096
0.9957375557195483
0.9931520624311767
1.0061901703901075
0.9958464359595326
0.9902960193646838
1.0132566983008189
0.9920032085034777
1.0029623211675598
0.991643852267267
1.0146552913124494
0.9919782356901901
1.0010541741584265
0.9946986281841547
1.0010212676528711
0.9931839465172062
0.9929282773794936
1.029090818898662
0.995092946646252
1.0445464563488003
0.9954700205038624
0.9819798345369503
0.9933580998368853
1.0037883679849868
0.9973172230882559
1.0159070023577035
0.9960217723049086
0.9969324003771804
1.0010670226167815
1.0080169797394443
0.9882657862708077
0.9846655631649964
1.001875013843638
1.028563025421958
0.9909347426597299
1.0450037475567566
0.9851615772069431
0.992264355614976
0.9919789738801251
1.0053688694563931
1.0048695199033666
0.9920638657807503
0.9949120358719616
0.9952213341199019
0.99498612474731
0.9941502604885261
0.9943649077240693
1.0511299019148586
0.9944577656687044
1.0019139675089153
0.9884586286051888
1.010444174946743
0.9852138235274563
1.0065587243759724
0.9897145505667178
0.9956855187909931
0.9945746392762908
1.0513931517813315
0.9986408457958466
0.9904150372990009
0.9920043550542644
1.016010517714475
0.9910361085580354
0.9874606292556559
0.9982070774117838
1.0174367544607288
0.9931805225112432
0.9824892146107125
1.0089994868505614
1.037001437741097
0.9835547650578476
0.9846901862403515
1.0089947750781612
0.991373990969189
0.9905927323017752
0.9884459703067356
1.0041047213567482
1.0045256816287322
0.9915097538841233
1.0374556872027076
0.9866073545996262
1.0006072109752353
0.996885829034981
1.0018567778717615
0.9923882151381264
0.9935344367661191
0.9908491142213649
1.0204817504906056
0.9904842525252602
0.9958910907086237
0.9885124656775994
1.0050480433148608
0.9866154266426627
0.9996539580486894
1.0052708908439076
0.9914899485618976
0.9978337035160925
0.9952654074682886
0.9961018776777826
1.0022592412213418
1.0056498623660324
0.9959110070775653
1.0351921954693561
0.9945955292124494
0.9958439385611086
0.98798740006109
1.0071645845717574
1.0182362938419134
0.9899278476687464
0.9991431293537969
0.9827265568129872
0.9897002428421067
1.0172513869860196
1.011810294572976
0.9872098101306263
1.015353663706495
0.9897125088494464
0.9998973721955174
1.0024824075719736
1.0334446965781998
0.9915636727689016
0.9904682483611166
1.004421607940564
1.0161564624776662
0.9962400517095094
0.9933493513243844
0.9901467054887397
1.021938218351186
0.9954970205945984
0.9896688632369343
0.9918673659441511
1.023405330925829
0.9995607359529625
1.008762719797362
0.9932410708970874
0.986358174321691
1.0101914576296782
0.9972779240122291
1.0028437486691548
0.9895038772105867
1.0013167507071488
0.9846117630663795
1.0025358901813441
1.0114354305581208
0.9972506408456805
0.9953330096748422
0.9948773396168653
0.9938034899642242
1.0101991219365196
0.9852056418770953
1.0092491630932292
0.9933329223431577
0.9905505622738877
0.9951248000441678
1.0348225878416282
0.9871181895438111
1.0000265480391297
0.9945115925353458
1.0191329234224977
0.9937004391828467
1.008978048282915
0.9998226688514463
0.9940665598345879
1.000152362545529
0.9894718066944665
1.0106012607598402
0.9864059781092412
0.9950757162867324
0.9960265786258514
1.011857817841727
1.0043411573117522
0.9876486778913661
1.0012856819587599
1.0057304847077384
0.9896861235878158
1.0059386134568202
1.0027546111241439
0.9927888518586234
0.98933966132004
1.011765927956997
1.00362091604323
0.9933235455744146
1.0018632335001905
1.054616902162794
0.9911949270193539
0.9827704767189078
1.0395945894397167
1.0027811560540831
0.9916983838112502
0.9854170148969364
1.0051020589137831
0.9959209966770898
0.9894989142889506
0.9930443634320903
1.0318651256069127
0.9982355858523324
0.9916803375085224
0.9974551940099096
0.9934708724943271
0.9968208961979934
0.9882761201730643
0.9980678494561569
1.024592454997576
0.9816220492891022
0.9983914791648891
0.9870595801216754
0.9943708762629366
1.046694800980924
0.9930382536351473
1.0006262323623407
0.9936964968373533
1.0034334217750505
0.9876225451404622
0.9905697390310149
1.0257019205722795
0.9867303984795313
0.9957564197008737
1.0037709018509327
0.9949153657078631
1.0044128749191796
0.9899585206876843
0.9905999412596165
1.0128025080923393
1.0237576668197887
0.9915433805408342
1.0058251644247032
0.9903202375603425
0.9936604503010068
0.9790511201613363
1.0044115712486634
1.0247554747484084
0.9903290641688485
1.0062302378596084
0.9902114599434843
0.9917988715032434
0.9925231635427015
0.9948670988051298
0.9991697215897181
0.9907247553310147
1.0048965041942746
1.0208300812861977
0.9971623200648049
0.9961270559063443
0.9965430706679571
0.9885936454496608
1.0131809401071683
0.989654162888353
0.9985847555659021
0.9925729839492361
0.9847143696360074
1.0209586198232805
0.9964357762474145
1.0519503957458782
0.9852248318547703
0.9987480314057647
0.9923416146533525
1.0107512472257518
0.9827609452928407
0.9875517794949376
0.9998937281299197
1.0023334729600482
0.9877907907236226
0.9968908081626624
0.9868615933793949
1.0125506682397891
0.996141757606642
1.0150242345167388
0.9892603805559649
1.0042876910680947
0.9902712671868512
0.9993789254021765
1.0674594679435199
0.9804797938155515
0.9948374758496455
1.0052282156133567
0.9948582873100046
0.9921673539526018
1.018574731695978
0.9854186795039246
0.9972782852746805
1.0044962940939615
0.9976276420905165
0.9890723719797263
1.0384936264700566
0.9880495287427621
1.002001895962469
0.9928180185802622
0.9927864959042602
0.9955542407038314
1.0060811509618353
0.996916928951726
0.9914452491835625
1.0109990143813274
0.9877503036710785
0.9931347853460372
1.0033941385770033
0.9940382722050356
1.008117986036194
1.0270369812526756
0.9909319784233926
0.992363100818147
0.9983763846048388
0.9874165775691983
0.9929458685429239
1.0162201855081912
0.9881807436903355
1.0022431257368747
0.9918327653261526
1.0603927296823994
0.9919540796073607
1.001744880288202
0.9899308788469381
1.0055558421413524
1.0064404071915911
0.9810122896102212
0.9861144450781053
1.0248100236733577
1.0145731289010944
0.9840919356345577
1.0080696267988152
0.9912481074305423
0.9858250972669077
1.0021187725886473
1.0083705403140184
1.000171525303982
0.9947927430051056
0.9864154477893862
0.9876477827187299
1.003135742523434
0.9892641812551312
0.9944502892812399
1.0603546534098287
0.9846367472809153
1.001928323817966
0.9899767391820238
0.9975981598826473
0.9967176696920355
1.0034820977422432
0.9946742042096871
1.01217734995831
0.995702607885402
0.9998972151237245
1.0049591271980751
0.9918613819048726
0.9928824618431666
0.987229236737961
0.9995455942349748
0.9893391744528143
1.0315945436974032
0.9974575657786644
0.9936745547825527
0.986330267868745
1.002806664314427
1.0684897100641477
0.9953104232451071
0.9972398815093909
0.9907012751230024
0.9960606312579077
0.9991739939396045
0.9888755378327974
0.9904468885421948
1.0068886073495145
0.9875662592729127
1.003276037608319
0.9958199855285468
1.0064078475523208
0.9929741714775306
0.9954883504076759
1.0049271795756833
0.9971019264564771
0.9925604188999653
0.9962473083240334
0.9953678474457506
0.9934120673439726
1.0001129375257527
1.009405357403021
1.000608121991308
0.9888245743720498
0.9913577823683815
1.0054039896906946
0.9886917869534044
1.000459956209875
0.9989631252389181
1.001140312226893
0.9882673096574572
1.004068265601998
0.9979645123291904
1.001436800452154
1.0007215591911938
0.9966877007194397
1.0161197329531482
1.001381432754468
1.0282736503376446
0.9909031424207824
1.0395371911584437
0.982764776705908
1.012490801858312
0.9882162055619043
0.9932137730713153
0.9861984780879396
1.0000933349659806
0.9996104805817984
0.9873932404032131
0.9927194454767541
1.005845834368989
0.9862672310861204
1.024072855194703
1.0001437235970088
0.9927060950831961
0.996668522464938
0.991562950290074
1.0073842849707404
0.9906187410954443
0.9930265209417038
1.002404359063178
0.9894448404643224
0.9964667190012854
0.9996463871891105
0.9901307014293267
1.0081228392346042
1.0351785314531903
0.9921393340697162
0.9818138954646315
0.9956129844092525
1.0278508635462276
0.991238558197707
1.0249461206340817
1.0014430990180627
0.9892962516298597
0.9928746714772554
1.0210043389944243
0.9839039374347553
1.0080902960975007
1.0030305054214246
1.037693895342987
0.9890128646222861
0.9980047382524256
0.9893540003473769
0.9973877321226495
1.0172126174756193
1.0048198235539696
0.9902596292697934
1.005683537477425
0.9957660323219957
0.9802085414239977
0.9964797557980926
0.9983222421047375
0.9987766812572352
0.9910981940839102
0.9949627687613338
1.0040477209495697
1.0042694710734534
1.0000910574249766
0.9930614677250084
0.9931654443217496
1.0116964489581106
0.9930189033305223
1.0154132112357686
0.9908612862674545
0.9980160944982304
0.9984766589902416
0.9898285570536491
1.0067852903527008
1.014607394670795
0.9941784067955832
1.0039327933474225
0.9901904614610233
0.9888440174359096
0.9951503864345733
0.9969696888746014
0.9990281057748199
1.0076108325907522
0.991899830545339
1.0031499573804472
0.986653132843438
1.019102431228497
1.0223690903160398
0.9889921493582705
0.9916201517931484
0.9954357481468963
1.012903677026342
1.022224954395411
0.990210203489541
1.001270131876477
0.9895280793136927
1.0092994688617487