1.0
1.0058385400112664
1.0034607684630203
1.0007129980863299
1.000535816639649
1.0002295368677274
1.0003303823756373
1.000560638087051
1.0005661638669903
0.9997476352381695
0.9997760662746212
1.000503642338807
1.0004579209621485
0.9999342640533162
0.9997611377522984
1.0006585869873585
0.9996267810569814
0.9996565044111406
0.9996620747549425
1.0003738756196932
0.999627182121726
0.9997440702179525
0.9995884570930796
0.9996032964882671
0.9996750870781453
0.9999631407188602
0.9996834648753343
0.9995758012727021
1.000243975199729
0.9995353382986245
0.9997347120399142
0.9998082851455182
1.0000558758131677
0.9996654615239845
0.9995614520680727
0.9995680919173978
0.9995855159517124
0.9996015585410739
0.9995336894770248
0.9995729046941138
0.999630167825939
0.999644918096101
0.9998401029520232
0.9998221441620332
1.001675284784079
1.00000480689532
0.9996586879859083
0.9995557925992153
1.0000431308651003
0.9996807019847672
0.9995614966308196
0.999566665909486
0.9997131882306055
0.9995452757910208
0.999670318863808
0.9999750389745913
0.9995607836268676
0.99960351930201
0.9997645245215326
0.9995600260601688
0.9995942056875905
0.9995615857563137
1.0003568972120807
1.0010091619382206
1.0006609933751127
0.9996422443311052
0.9995588228660015
0.9995623878857604
0.9995614075053257
0.9996095352730832
0.9996647039572245
0.9996662636534955
0.9995377892496554
1.0008408485547706
1.0014120086529237
0.999620364021086
0.9996071734473992
0.9998541847824605
0.9996408183231096
0.9995985282741786
0.9995791434787749
0.9995370762457187
0.9999079720276833
0.9996066386944149
0.9995701418037742
1.0022881984981664
0.9998516447054466
0.9995697407390481
0.999819203020259
0.9997550772178927
0.9997039191782302
0.9995535644618777
0.9998474558065161
0.9995906852304838
1.0000055644621648
1.0001187092980495
0.9998755303419969
0.9995569512306326
0.9997861820196554
0.9996997302795774
1.0000314108603967
0.99959371549736
0.9995591348052301
0.9998465199886707
1.0004206665056692
1.003048701033113
0.9995954534445421
0.999761717068088
0.9995797227944948
0.9999218756073265
0.9995961664485152
0.999652226387115
0.9995650170878396
0.9996059256904359
1.0001616677935872
0.9995736176980732
1.0001786016402205
0.9997072168218581
1.0005867072904902
1.0003052044212735
1.000432564759246
0.9996649267709776
0.9995639030191612
0.9996740175721246
0.9996716111835803
0.9996430910233535
0.9997196943923984
0.9995915764854464
0.9996962989477098
1.0010906671283042
1.000556092687398
0.9996108721555478
1.0013230169964926
1.0001909009603436
0.999901911492978
1.000035911698706
1.000157434331914
0.9998507534503546
0.9998072602021775
1.0016259985106937
1.0009229776493986
0.9999496382039427
0.9996669320947551
1.0004789100154252
1.0006001652379386
1.0002915682192774
0.9996062821924254
0.999557396858101
0.9996812813005309
1.0016441355037298
0.9995806586121974
0.999819559522292
0.9997410399507732
0.9997848896998027
0.9995735731353258
0.9999883632385079
0.9995718797509225
0.9997140794856443
1.0007528371684213
0.9996443387803515
0.9999893436191308
1.0000892978796807
0.9996116297222782
0.9996123872890091
0.9998516447054466
0.9996905949155304
1.0006773478990902
0.9996864505796627
1.0014625427133603
0.9999113587970805
0.9999848427808168
0.9998657710986865
1.000231854130895
0.9997586422381294
0.9995575751090886
0.9997431344001465
1.0018847290709745
0.9995557034737218
0.999810112218431
1.0025261622329993
1.0013159315306899
1.0002954451786796
0.9996002662213676
0.9995545894050524
0.999906590582272
1.0020568743267673
1.0005388023434116
0.9996716111835803
0.9996157294951806
0.9996618519411901
0.999541755334063
0.9996607824351786
1.0015238163656617
1.0009260079141886
1.0016163729807845
1.000802702861751
0.9996107384673013
0.9996182250091277
0.9995674234761887
1.0004836336664236
0.9996461212903506
1.0005378665258153
0.9995703646175113
0.9996412193878581
0.9995816389926482
0.9995409532046309
1.00011835279601
0.9996355153558888
1.0003156321050763
0.9996560587836372
0.9997446049709846
1.0000430417395894
0.9997443821572211
0.9998113154127888
1.0011047043794008
0.9997666635336834
0.9998328392230562
0.9997241061048605
1.0000249046980858
0.9995566392914047
0.9997627420114087
1.002659359413848
1.0015679779509066
0.9995930024933883
0.9995620313837841
0.9997931338092197
0.9996068615081584
0.9996773597784422
1.0026107863475395
0.9996603813704245
0.9997357369832209
1.0016358914161194
0.9995487071224972
1.0000606885907548
0.9999970084130919
0.999676646774427
0.9999989691743377
1.0000150563291044
0.9998189802064882
0.9997052560607813
0.9999910370038431
1.000507118232855
1.0000434873671444
1.0011516289013045
0.9995949186915627
0.9997698274891603
0.9995659529055305
0.9998040516838964
0.999644962658851
0.9999416169079601
0.9996303906396863
0.9995999542821284
1.0004925907781628
0.999876421597095
0.9995563273521768
0.9995453203537672
1.003231896714232
0.9997199172061589
0.9996334209066559
0.9995515591382775
0.9995478158675671
0.9998712523175292
0.9996442496548515
0.9999265101338812
0.9995706765567427
0.9996095798358319
0.9997585531126231
1.0002035122196846
0.9996305243279349
1.0008074265107818
0.9996462995413508
1.0024842735056512
0.9996540088971241
1.0000881838107996
0.9996098917750736
0.999641263950608
0.9996492852456049
0.9995812379279183
0.9995434487184208
0.9996073516983941
0.9995487071224972
0.9996400607563624
1.0001058306618467
0.9996877428994482
1.0000245036332855
0.9996962098222067
0.9996439822783517
1.0002396971754426
1.0006295320827683
0.999541176018362
0.9996140806734684
0.9998425539035187
0.9999060112664545
0.9996574847916482
1.0000568561937875
0.9996924219883355
1.0002740104949794
0.9996834203125833
0.9995770044668872
1.0007962412663203
1.0018489453029495
0.9996918426725678
0.9998984355980765
0.9997061473158159
0.9996696058597965
0.9995727710058713
1.000426058598129
0.9996498199986061
0.9997901926674786
0.9995715678116904
0.9996391695013664
0.9995689831723434
0.9995959436347736
1.0000444677477656
0.9995368979947343
0.9996572619778964
1.0001525324289169
0.9995379675006397
0.9996121199125159
0.9995982163349397
0.9995802575474677
1.000130072800549
0.9997309242059597
0.9996568609131434
0.9996199183935943
0.9999064568940063
0.9995992858409015
1.0024317343342555
0.9995884570930796
1.000828103615547
0.9999667503020586
0.9998942466990962
0.9995671115369581
0.9997121632873116
0.9995755338962168
1.003703097617549
0.9998283829476251
0.9995661757192664
1.0000526672947747
0.9997345783516568
0.9999942455222453
0.9996308362671814
1.0008773008619367
0.9996821725555524
1.0006091669112764
0.9997356478577161
0.999601647666571
0.9995624324485075
1.0045471463579476
0.9996304797651852
0.9995664876584968
0.9995792326042701
0.9995939828738493
0.9998841755164567
0.9996470571081012
0.999818579141701
0.9995736176980732
0.9995618976955429
1.0003019959031667
0.9996366739873807
0.999677582592197
0.999630435202436
0.999649730873106
1.0020359299193515
0.9997995508457586
0.9998946477638918
0.9995536535873712
1.0015689583291176
0.9995995977801407
1.0004429478793084
0.9996340002224009
1.0000073469723885
0.9995412205811082
0.999943622231955
0.9995515145755312
0.9996226812840447
1.0011946319012597
0.999850931701373
0.9999188007772104
0.9998410387698667
0.9998899686746094
0.9996270929962271
0.9996137241714768
1.0001080142368455
1.00037900033586
0.9996462549786006
1.0004474932794778
0.9995618976955429
1.0017317456315484
0.9995639475819084
1.0004496322913157
0.9996092678965904
0.9995912199834613
0.9997019584171573
1.0015490388257837
1.0001283794158649
0.9997200508944152
0.9996258452392446
1.0003354625292116
0.9995762914629255
0.9998171085708154
0.9998499067580174
0.9996840887538503
0.9995528960206772
1.0001165702858108
0.9996611834999329
1.0002196884992391
0.9999616255851724
0.9996251322352553
0.9995769153413918
0.9995794999807565
1.0016702046441566
0.9999718750189466
1.0023624842100194
0.9997171988782834
1.0014624090253794
0.9995449638517961
0.9996960315712009
1.0008980225269577
0.9996248202960102
0.9996414422016076
0.9995932698698775
0.9997089102064262
1.0022874409352864
0.9998573487380413
0.9995466572361592
1.0004269944158262
0.99957865328855
0.9998915729337915
0.9995610510033496
0.9995935818091153
0.999593938311101
1.0000598418984017
1.0001897868914942
0.999541577083078
0.9995825748103523
1.000383278359775
1.000258725470897
0.9996413530761078
0.9999827483313048
0.9999872937323739
0.9998673753578589
1.0001597515951464
0.999980743007304
0.9996712992443247
0.999933105421676
0.9995325754083779
0.9997144805504118
1.0025402885358687
0.9996357827323868
1.000709433067686
1.001339282373461
0.9996088222691027
1.0021949736819702
0.9996647039572245
0.9996247311705114
0.99957865328855
0.9995537872756112
1.0020772394190562
0.9996477255493518
0.9996405063838607
1.000116035532751
0.9996684917910286
0.999749907938561
1.000180384150387
0.999590105914758
1.0000510184728222
0.9996042768687363
0.9998133207367197
0.9998746836496542
0.999669472171544
0.9996670212202565
1.0013506012929063
0.9995393043830229
0.9997476352381695
0.9996340002224009
0.9995402847634381
1.0000939769689783
0.9997334642828462
1.001382240790298
0.9995680919173978
1.0005043553427153
0.999605658313944
0.9996499982496068
0.9997340435986276
1.0019426604410662
0.9998289177006766
0.9996128329164983
0.9999083730924803
0.999611362345785
1.0000180865964836
1.000280249280283
0.9996540534598742
0.9999240146195821
0.9999129184935142
0.9995427802772267
0.9999105566674862
0.9995620759465311
1.0010471293658436
0.9995950523798076
0.9996124318517583
0.9997228583477996
0.9996001325331222
0.9997474124244057
1.0007199498726331
1.0007927653735784
0.9998476340575343
1.0048581429489007
0.9996593118644141
0.9999905913762871
0.9998909044924656
1.0002901422112191
0.9995785641630548
0.9996450517843509
0.9995691168605856
0.999576246900178
0.9996415313271072
1.000857381325174
0.9997480808656971
0.9998872949093072
0.9995917101736911
0.9996087331436051
0.9996372087403772
1.0000180865964836
0.9996247757332608
1.0007664288010332
1.0000297620384413
1.0000155910821713
1.0003301595618839
0.9996743740741315
0.9997972781453159
0.9996117634105249
0.999681994304548
0.999554678530546
0.9997998182222814
1.001790969349975
1.000057524635119
1.0043505393722818
0.9996321731496676
1.0000869360536526
1.000377752578882
0.9997319937120166
1.0002669250173593
0.9995769153413918
0.9995323971573946
0.9997792302301117
1.0005192392991833
1.0005068954191345
1.000014477013282
1.00200482524292
0.9997954510724125
0.9995422009615251
1.0019754139407189
0.9995524503932104
0.9996183586973749
1.000881311506839
0.9996562370346387
0.9995970131407336
0.9999980333564703
0.9995471919891165
0.9995684038566288
1.0000264643945302
0.9995713449979534
0.9995492418754554
0.9997866722099447
0.9998409942071124
1.0015366949718691
0.9996642583297188
0.9996069951964044
1.0005485615840009
1.0009947681826157
0.9995784304748117
0.999855744478873
0.9995965675132501
0.9996601585566723
0.9998682666129554
1.000426058598129
0.9995565056031643
0.9998877850996124
0.9995811042396751
0.999787875404291
0.999627315809974
0.9995950523798076
0.9996143480499621
0.9997023149191705
0.9995274506926172
0.9996557914071353
0.9995927796796474
0.9995527623324373
0.9996580195446528
0.9995929579306401
1.0017278241207903
0.9995964783877533
0.9996053018119546
0.9995479495558066
1.0008644222353387
0.9995355611123544
0.9995635019544375
1.001153366846464
1.0003523963743322
1.0014044329994969
0.9996203194583366
1.0002717377946138
0.9995913536717057
0.9996561033463877
0.9998196040850461
0.9995702309292691
1.000539025157125
0.99990494176033
0.9996088222691027
1.0029807434485065
0.9999025353715504
0.9999505294590522
0.9998999952945063
1.0003403198690164
0.999538591379085
1.0023975994625054
0.9998996387924651
0.9999357791869997
1.0003413002495254
0.9997065483805817
0.9997906828577685
0.9995553469717475
1.0007116612043405
0.9995405075771691
0.999686094077653
0.9999423299120472
1.0000895206934568
0.9995754893334691
1.0006133558087367
1.001407329572885
0.9995765142766634
0.9998683111757098
0.9998059678823137
0.9996295885101955
0.9996840441910994
0.9996518698851136
0.9999721869582355
0.9995430476537044
0.9995561045384429
0.9999405919645851
0.9997902372302322
0.999986536165529
1.0002064087986764
0.9999163943884247
0.9997262005542152
1.0006761001425053
0.9996672885967604
0.9995918438619354
1.0009483783978452
0.9997143914249078
0.9997605584365088
0.9997242843558695
1.0049851882874488
1.0002217829486497
0.9995918884246835
0.9998767335363796
0.9998012442304035
0.999585114886981
0.9995822183083698
0.9995470137381309
0.9995725927548813
0.9996496417476058
0.9996873418346871
0.9997148816151795
0.9997059690648089
1.0000578811371625
0.9999078383394177
1.0000036482636745
0.999606193066928
0.9997422877078465
0.9995803466729632
0.9998411278953757
0.999599820593883
0.9996107384673013
1.0002351072118756
1.000005341648387
1.0009163378044315
1.000845661328952
0.9995676908526723
0.9997721001895761
1.0027531633272846
0.999711985036304
0.9995476821793277
0.9996184923856222
1.0002996786400857
1.0005524831053043
1.0001605537247265
0.9995914427972019
0.9997652375255826
0.9996678233497683
0.999564526897621
1.0003095270081572
1.0008817571340485
0.9995914873599501
0.9997749076430343
0.9997689807968492
0.9997841766957465
0.9995714341234484
0.9996994629030679
0.999629811323943
1.000235641964913
0.9996008009743492
0.9995795891062518
0.9999874719833963
1.0002187081186633
0.9995440280341231
0.9996450517843509
0.999682974685072
0.9996269147452297
1.0059190175664143
0.9995799010454857
0.9996374761168757
0.9998313240894091
0.999637565242375
0.9996854256363852
0.999838676943881
0.9995583326757858
0.9996801672317546
1.0011245347810007
0.9995483506205249
0.9995913536717057
0.9996881439642095
1.001832412576641
0.9996500873751071
1.0011485540752358
0.9998154151861601
0.9995165773827377
1.0012362534534867
0.9995491973127089
0.999536095865306
0.9995296788299014
1.0007967760190482
0.9995277180690911
0.9999965627855357
0.9995278963200736
0.9995356948005921
0.9995220140376633
0.9996718785600849
1.0008872383486977
0.9995242421749362
0.9995344470437054
0.9997408616997628
1.0101035866856098
0.9998268678139803
0.999515195937638
1.0000241471312412
0.9999843080277501
0.9995224596651174
0.9995070409553143
0.9996895699722503
0.999554010089345
0.999665194147481
0.9995456768557383
0.999505347571015
0.9995626552622429
0.9995816835553962
0.9995401510751997
0.9997187140118529
0.9995144383709714
0.9998029376150496
1.0005486507094852
0.9997709861207447
0.9996022715450502
0.9996422443311052
0.9995352937358785
0.9999083730924803
0.9995156861278344
0.999508377837658
0.9996071288846506
0.9997771803434553
0.9995499548794002
0.9995761132119351
0.9996303906396863
0.999548528871511
0.9995291440769528
0.9998919739985871
0.9995357393633382
0.9996338219714023
0.9995360067398141
0.9995313722142406
1.0002423709406227
1.0006188370255937
0.9995428694027192
0.9995848475104935
0.9995487071224972
1.0019943530372282
0.9995776283453539
0.9995152405003831
0.9997024486074254
0.9995529851461706
1.0018566100705992
0.9996711209933218
0.9995413542693469
0.9995982163349397
0.9995517819520108
1.0025285240439594
1.0013314839051395
0.9995059714494405
0.9995419335850478
1.0007164294167574
0.9995718351881749
0.9995940274365974
1.0015878083277705
0.9995338677280085
1.0004865748076004
1.0009614798360413
0.99968368768909
0.9995813270534138
0.9995742861392858
1.000004896020831
0.9996379663071228
0.9999465633738153
0.9995856496399561
0.99970650381783
0.9995720134391647
0.9995366306182584
0.9997065929433334
0.9995301690201046
0.9995447856008108
0.9995926459914027
0.9995098038454933
0.9995576196718354
1.0014883890553332
1.0002875130088587
0.999785246201831
0.999566665909486
1.000189920579756
0.9998394790734609
1.0023446592065226
0.9995502668186261
0.9995620759465311
0.9995298125181387
0.9995124330474446
0.9999115370481015
0.9995387696300693
1.0009726650772333
0.999668714604782
0.9995263811867222
0.9995489299362297
0.9998899241118542
0.9995529851461706
1.0006322504097773
0.9996760228959144
1.002231381274952
1.00024054386775
0.9997660842178924
0.9996796770414932
0.9995397945732304
0.9997040974292369
0.9995850703242329
0.999555658910975
1.0006994064526535
0.9998508425758638
0.9998837744516615
0.9997020475426606
0.9995233509200262
0.9995813716161618
0.9995657300917945
0.9995147503101869
0.9996315938339234
0.9995597586836872
1.0021343686183712
0.999606193066928
0.9995770490296347
1.002061152333167
0.9995846246967541
1.0008483350923694
0.9996044551197306
1.0011383046548508
1.0028019146057847
0.9995760686491877
0.9996060148159333
0.9995649279623454
0.9999930423278445
0.9995816389926482
0.999580524923954
0.9998069482628998
0.9995268713769241
0.9995969240152369
1.0001818992840272
0.9995952751935488
0.9998138554897681
1.0013667775433228
0.999704988684271
0.9995731275078508
1.0059223150947314
1.0023220660124506
0.9996227258467939
0.9999704935735243
0.999563279140702
0.999565373589817
0.9997272700602694
1.0001708477209847
1.0002687966529595
0.9995946067523248
0.9995622096347723
0.9995636802054257
0.999641575889857
0.9996364066108825
0.9996529393911184
0.9997090884574334
1.0027319516151723
0.9999029364363466
0.9997078852631347
0.9995909526069726
0.9996281625022129
0.9996372978658766
0.9995440725968693
0.9996803454827586
1.0003186178094008
0.9996012911645829
0.9995373881849409
0.999845049417771
0.9996028954235299
0.9996471016708514
1.0000708488989853
1.000114921463876
0.9997211204004658
0.9995471474263704
0.9995488408107367
1.0018043381334494
0.9996098917750736
0.9996332426556575
0.9996037866785017
0.9996127883537496
1.0000308315445745
0.9996241072920212
1.000619104402025
0.9995820400573785
0.9996113177830362
0.9996340447851504
1.000232879074218
0.9995491081872159
0.9995757567099546
1.001588699580634
1.001540616485077
0.9996005781606069
1.000477261193845
0.9995484397460179
0.9995492418754554
1.000158281024249
0.9997454071005332
1.0001102423745987
0.9996852473853803
0.9997362271734984
0.999533644914279
1.0024035708373424
0.9997376531815787
0.9996897036605041
1.0005852812828009
0.9997219670927564
0.9997543196510934
0.9996446952823512
0.9996258452392446
1.0006585869873585
0.9995840899437793
0.9996174674423932
0.9997048549960158
0.9998334631016172