0.0001299297885936159
0.0002381836695156663
0.00022175395978779852
0.0003256726591755358
0.00034687735146293687
0.00041382135037323556
0.0005342325882067292
0.00050310095849293
0.0009818872031629735
0.0010163487549248683
0.001254595253158423
0.0029228547848953604
0.0015279001759738145
0.004051541287405038
0.007560650838918885
0.004795684622077565
0.00917239593891503
0.006604586238808124
0.01152847285973737
0.006555925396803407
0.015847570242270993
0.006035577955250057
0.011711587158023682
0.01745780745303781
0.011377652522445795
0.021408100261565376
0.019738961127778
0.017635769796457257
0.035217601138607155
0.026886418903502535
0.032339480400848476
0.022372835224744765
0.039149987762536476
0.025618849520100115
0.03264228340671256
0.03312732110881252
0.04268168423813127
0.036577685809100535
0.024057273151338016
0.039157150236375775
0.031175075772219132
0.02946101410514141
0.03551063427883957
0.03983152227983301
0.04195293393934145
0.05783769878260249
0.021707322030509815
0.04287428567281876
0.019214466990844004
0.03533983440925942
0.065227675409377
0.025243070958408425
0.041780783252326696
0.02577639253020577
0.07220835435346626
0.037178988053653335
0.034089228779686925
0.052413130108819025
0.016924014665856302
0.05204696434096429
0.028278640463195927
0.06216672310256251
0.027188373721675124
0.041893780701449335
0.05902415629121073
0.0363040667426957
0.023085344299960384
0.040532470870957134
0.06571871325403532
0.05615467450216173
0.04094500423261365
0.027013961200816384
0.045055007642014026
0.04387932525852368
0.05243383217136332
0.05297283974212958
0.035140541716116795
0.04505717523278119
0.04140635550806961
0.07509329200711586
0.043589904769569865
0.041694362350870935
0.06338833327882942
0.06277477943428834
0.031866411569506294
0.06014423525936967
0.04040543120338639
0.04535382102429219
0.07592731182272802
0.05989329736012262
0.034226729428786115
0.04610251944101164
0.07828913757123716
0.06139333299971284
0.08178499026327651
0.061998813354005235
0.11199674471846875
0.05160722614446201
0.075062757250222
0.061177642011201294
0.06385628156966368
0.06644023825026796
0.05529583734298357
0.13926359150878673
0.04851096409819412
0.05398884293910606
0.08443372335202394
0.06714831790087243
0.07549935401082986
0.05132144972114573
0.07812213883908928
0.057901438516900466
0.11757741134184643
0.05891379764823941
0.040214086343056676
0.14487642643572338
0.05628724309690667
0.06283233053987429
0.06537456895180054
0.057697276598121475
0.0611211275794605
0.08873978377559567
0.0658559940026219
0.060282112880776194
0.06447530151266107
0.077408875819259
0.08028863010368278
0.06845562644833939
0.10330015066012406
0.07005128739655606
0.08231768354789498
0.12548990300094146
0.07019403424359894
0.0708652334368028
0.07729113480193577
0.07050428245253282
0.08173233979768588
0.06803011895643887
0.10140410561168202
0.07987625381382098
0.13105432840074493
0.05152922429120332
0.06564284757718485
0.07650147206115294
0.05124483009968059
0.07473014201771977
0.07004333956374315
0.13590794110071577
0.07032776516962481
0.07766948934106088
0.04941799088399283
0.07222512962114251
0.08090290647847957
0.07086328574654827
0.1124807143323646
0.06625234896942211
0.07056374983401438
0.0839358685914747
0.09325644606152998
0.10346677241996462
0.0556997945846483
0.08589235486652558
0.08727851345494271
0.07196787743574766
0.07263307648639317
0.08401751451037093
0.07722142633943836
0.07457913319427453
0.09731235394482828
0.07122128378107748
0.09485964645589329
0.09379209229588921
0.09345306853416234
0.062484762072514584
0.08922595239461763
0.12296384298387152
0.07842710943572052
0.08662390104326144
0.0738025074124536
0.07470180626595202
0.10594253804836473
0.0671490090167692
0.07497385461440964
0.0738766138852032
0.08357670822566454
0.09916457596254302
0.07809707018065172
0.0706730403887816
0.0887484541386643
0.08942464821494031
0.08386339566539021
0.11664295982068935
0.07509718738762494
0.1790954279322092
0.07995884216348553
0.0673567207581089
0.07144919495521836
0.07254379687827348
0.09796473593702451
0.07758200035140102
0.0666634372705672
0.08770084809658986
0.08325499377571599
0.1079163964639118
0.08360469841948391
0.08270753574239371
0.11509555132781113
0.0640547889038327
0.10320424262226711
0.09379391432870798
0.07629866095980857
0.07453213731329386
0.07829168213431165
0.17263462521428913
0.08715697130018722
0.08463295321644868
0.07343125251844988
0.09336944351065263
0.08108504693163862
0.06813187006505945
0.08365624938251151
0.0895627771512184
0.08216306207317114
0.13034156801065777
0.07066160556212586
0.07805481786787165
0.11775144689039785
0.0936888961267572
0.11548267047308171
0.07809732149552329
0.06829594726182552
0.09600011334300707
0.10191641097734563
0.08520494586410644
0.08901899459789259
0.08186167271345955
0.08949168645692744
0.09347201139260576
0.0672600587756373
0.10199435000188643
0.07259720128847878
0.10183514203075673
0.09221220135586258
0.08378608492802829
0.17169122060083292
0.07683537528237189
0.11150272250971073
0.0878482442687565
0.09348897514643568
0.11990684888628401
0.07747421768586313
0.10035838443114423
0.0771047219959603
0.11374687006961454
0.10692762951614002
0.07704117074781598
0.08963540714909761
0.07536801057608374
0.1084333825690581
0.07971918201909949
0.11233759051301438
0.06579973088575267
0.10149360512031433
0.10991654869789524
0.09872637706962901
0.07522300189519686
0.0839085695135521
0.07353639637783646
0.1066751523133047
0.07617507687172169
0.10220404084783961
0.09978695724194746
0.09150157714218361
0.07208458177922573
0.09140117685099765
0.09169000046713152
0.0721585940088985
0.09910438605080575
0.13644943040583865
0.08109180101881164
0.10713914239491198
0.0883534499892987
0.08081331272677043
0.10664568564461495
0.08515402318825774
0.08582069871377362
0.13386362027805665
0.08033188767594908
0.10778549283019091
0.08694894541525809
0.08314504351941095
0.05773648171808396
0.12460203897409877
0.061270848414189026
0.08924941892074902
0.1378326046301561
0.0817079622551451
0.09756790975484014
0.08754497004750825
0.08608636994736556
0.07969634378014699
0.09353782447459406
0.12333638586659196
0.07981779169182564
0.09704903878815718
0.08680475350770375
0.08830145922524589
0.08988511988834583
0.11751926336344054
0.11677175869236098
0.06519456467504971
0.07899401295722931
0.10096512135979441
0.08961404538501548
0.07889665985886093
0.11071466190123407
0.10559189097382848
0.08240850245960295
0.08658563835406728
0.09525364534577267
0.08404076113598971
0.09358849583557122
0.13875606112568267
0.07991216042609431
0.08972883345259795
0.09761069611172228
0.09855117918979667
0.07767894506310312
0.11348192136627833
0.10240220262406025
0.07683572084032028
0.07747805023765433
0.09419341073140261
0.09011934534863451
0.0795935245833223
0.08669332677652833
0.08667915890064445
0.09242861487462985
0.09841641158992563
0.08885105343497637
0.07204625626131368
0.0789814472136516
0.1032630188878519
0.08268780752497669
0.08772993779297228
0.08973291731926071
0.07529679422435702
0.14487740028085067
0.10187755141533153
0.07431361903247732
0.09090184561557803
0.07722588717840846
0.06607008285882729
0.08653939641770128
0.10020266345385735
0.07180455418359626
0.13373425594792404
0.07130296111433265
0.1013700524465864
0.08449768298683452
0.06939419325051817
0.14384719779363134
0.06706585520864365
0.09458197493718463
0.11184956844681472
0.08367607184300536
0.15618377362285182
0.09181587780342132
0.08188067840062085
0.08102532823528551
0.1355751373820599
0.07672834656144867
0.08673162088008143
0.08946008361182949
0.08509028345395976
0.10348546396353647
0.08212190926295411
0.10505178390049917
0.1363295532121072
0.08708949325717487
0.07835491923886652
0.07659050035440108
0.06082730908025448
0.11613822531553132
0.07461714456859714
0.10049330910280999
0.1278089738069274
0.07475872908435909
0.09248789376995774
0.09221628522252534
0.0986498516912407
0.08676994639799347
0.15576118766633315
0.08638351836861967
0.08176862338226654
0.10209214290128003
0.09323693774462558
0.08420320478609068
0.09628793169965473
0.09401686203413566
0.06787229321710272
0.07749287781507605
0.09829452387722175
0.08331543500232481
0.08882953459909954
0.08186657335345486
0.1120615211266119
0.0809510018620233
0.10114072762629303
0.10424631973716737
0.0859957709361702
0.09134849497104805
0.08618567073598848
0.09415511662784952
0.09985041424701493
0.0756700910516921
0.07469954443210802
0.0894561254026025
0.12112343276511983
0.06990800650541111
0.0924627622828023
0.1483110525421803
0.08080426539139449
0.07907999405765986
0.10900716583517571
0.09095534426886016
0.1002297112169084
0.09442169887785083
0.0731868173915043
0.12060028944562044
0.08573767056308385
0.103789146571451
0.1024573348240075
0.07151393994900256
0.09653726746659562
0.09319484250364021
0.08931218480991973
0.09992844751463258
0.07453050376662876
0.09169047168251568
0.12872809512091968
0.07476812197768343
0.09764430947579268
0.10397150692512265
0.06839342601762967
0.08478025514553848
0.09970144735690108
0.09909533871542979
0.10564058323019214
0.08101665787221687
0.08308095822716458
0.09320257043594052
0.08699339673316427
0.07669438763942989
0.0926630288210722
0.10999354529166772
0.09432607356922439
0.13014262087546352
0.07592212845350221
0.08549832456228725
0.09846896781243944
0.12028435523771763
0.0868888183322387
0.11784069508415859
0.08258677894661183
0.0764298787371189
0.09401450595721483
0.13236660041692508
0.08586263688296426
0.09047787742726579
0.09162132867847929
0.07481395552738315
0.13663819928873494
0.1368354500485462
0.07379320876220609
0.07709407252827818
0.0893511700293696
0.10301296059065529
0.0883691885831298
0.10060533270680536
0.10848106956593555
0.0737347152258518
0.08402188110626418
0.08303361678823552
0.11427871516654149
0.0970445151204692
0.06911658456052741
0.08841646719334097
0.12446997300909694
0.08402354606728824
0.0814096200882511
0.09522989609041077
0.09387603146298837
0.07869802686725615
0.0966742654859517
0.08636583208453404
0.08176322011252812
0.08154363374350748
0.07856043197508011
0.09078941362491638
0.1582335919583262
0.0832783974731295
0.1750714998663162
0.10327062116271642
0.07374058971097439
0.08183060391246363
0.08730590677594215
0.08751280174394929
0.077992586022803
0.12484732228873584
0.07115383715242407
0.0891109130121636
0.07874527406310837
0.09171874460556555
0.11333835774590288
0.08645266137265607
0.08315880300862855
0.08788192046154479
0.08290186496682314
0.07254401677878608
0.09653148722454986
0.08933675083861417
0.09324878095794757
0.08053070915370754
0.10415933337725061
0.09984903201522138
0.08916456873724046
0.10541493388989524
0.13575206305163418
0.10011592840881214
0.07286849569232173
0.08467539401538242
0.09046304984984407
0.08280149608999611
0.08526205716866718
0.10151688316029205
0.11707811152078576
0.06869839661426091
0.10332525073292055
0.1026200926176979
0.11250022264926902
0.08630784117792285
0.08294515395344838
0.08593401030648572
0.09872015702655805
0.08474428570454726
0.09426110867492757
0.07804272333967809
0.0980742149779454
0.11330873400541841
0.11871483103614262
0.07749991463147957
0.08315019547427781
0.09820665791525456
0.08059108755159848
0.08757035284953524
0.08621758772467589
0.09141487351149735
0.09674400536280804
0.08413663775948771
0.09865911892712928
0.08342403444119526
0.09947799702173028
0.07144457704445355
0.1475985748813236
0.08444462413457761
0.10141180212962338
0.09493353302813028
0.08823143661915904
0.08691596033836657
0.1109029595687462
0.16226330026626495
0.06499511491011237
0.09751240058258558
0.07831040509224245
0.09207096239804902
0.13123612329595558
0.07826925228202543
0.0888495141313881
0.09849293696831393
0.07783570271423516
0.08022272277861764
0.11376860880600399
0.07749652188071358
0.10195118667269697
0.08878954412016345
0.0958489474477671
0.09092113403196983
0.09906609194725265
0.08549832456228725
0.08206464088659865
0.0891506207618692
0.0897263203038824
0.10467148167111949
0.08435330259312653
0.08492341037924765
0.1086950641790641
0.08168182550850345
0.12853263497956827
0.09451057009930425
0.12607565513781682
0.08043926195482068
0.09012456013221927
0.102730011459644
0.08009851040335189
0.11275433339876945
0.09058848738510866
0.09583685291957356
0.09875744587062493
0.08432308197982212
0.06632972253550191
0.12059209029793598
0.11868916550488513
0.07926238582569045
0.09724685500642942
0.0945284762839025
0.11480770155680453
0.07935383302457731
0.1180053691537446
0.0985399956780125
0.07035449878908641
0.09415367156733807
0.08898443880305386
0.07423737638331951
0.11638567622093555
0.09795050523242274
0.12381300452049483
0.09017959808908968
0.08720805104783065
0.09046103933087164
0.09416856197347767
0.08496434328895207
0.1011667387154989
0.08258759571994438
0.0915000064242364
0.09311627519192053
0.07655424818417937
0.09619909189256025
0.11825558452273593
0.08054619643266707
0.09743031486266412
0.07760782295445323
0.08359037347180531
0.06645541138563806
0.13888624222914783
0.08026965583088042
0.08694932238756542
0.10779061337069883
0.08161686061420663
0.08819782325508865
0.09366034047447683
0.09810537802201813
0.1174613666999062
0.08466584405026335
0.09162236535232444
0.08968309414597504
0.09649196796099795
0.07756396850936699
0.1707941207524606
0.08042390033329692
0.08885887561035351
0.08013300336947272
0.08787105109335006
0.08750265490601028
0.10607033166055013
0.10419395200080722
0.05176279004995417
0.09590184922822931
0.07942231632707587
0.0892862051350728
0.14635312120661798
0.09911164276772189
0.08134010011190737
0.11266552500603391
0.08617244529087294
0.10230133111749011
0.08042465427791158
0.10558271798101675
0.11206770975532393
0.08748179577167127
0.10223350751652938
0.07133302465584235
0.10090926662959145
0.12540715757948218
0.07730448590448709
0.08903379076095536
0.08868314368641911
0.07757009430936113
0.08841354565795914
0.07993653796863509
0.11753770359214084
0.07893105858190494
0.09755587805536448
0.07952215115980085
0.08746740799527478
0.08954374004969815
0.09368091687958534
0.09546566085428773
0.1508290076546426
0.07780114691939644
0.06987235120800933
0.10478617549562512
0.13022291597692515
0.08166140617518965
0.11971581816954374
0.08184024812065954
0.1015574076833302
0.08134952441959066
0.06907244738621067
0.09160797757592795
0.07645067504274002
0.08697995138753611
0.10031754576451665
0.12979552362348798
0.07620457495477038
0.09105935721132474
0.10980637854107758
0.10945821320089794
0.08654875789666668
0.08342698739093603
0.08236958006887096
0.08686629423687564
0.0918401925172442
0.07492396861240609
0.09331151543275934
0.1402117082760846
0.0794558040337105
0.10410712271268519
0.09238359809826267
0.08614250740679902
0.11809816717006606
0.07516375441422792
0.1488335675745008
0.08298724919443375
0.0889817057538257
0.10672211677992642
0.07711512014877087
0.08438713585770954
0.11561618149859498
0.0726037354751392
0.08145721284205171
0.092574031942183
0.09369527324162288
0.08671704461753128
0.11493913923462747
0.09101031939701269
0.10206160814438617
0.07642799387558223
0.10264308792844512
0.08797346190350847
0.13252115906293102
0.08719897229809576
0.07867493731343209
0.10868909545086469
0.07742678200385725
0.10189765660505588
0.12427143426056898
0.09009597306557995
0.07368460932333565
0.09025913924593663
0.09138016064486391
0.0877452051714192
0.15691817850625164
0.09885404502437864
0.07923480401853736
0.11522397322717542
0.09214717363284788
0.09081190630592051
0.08511173946111872
0.10783079233578859
0.07643056985301568
0.09182055854290402
0.11151224106047085
0.06711724909987651
0.10388122205751674
0.07112905122321703
0.09027412389515307
0.10191044224914621
0.1684471539957321
0.08367374718044349
0.06000419004719599
0.1057749424433969
0.07349398699326165
0.09568574985305148
0.10367168828335827
0.07742470865616692
0.0910143718493165
0.10064570015804879
0.08376604256702183
0.09750118565644246
0.0966700873762121
0.11409092012877248
0.09419196567089118
0.14181798727762443
0.08186597648063491
0.08762413423204787
0.08583175656812202
0.08332382263616295
0.08802309659064046
0.10678921785063145
0.10487620904835948
0.06431882659075952
0.07841667986855101
0.10660176837081083
0.07438470972676828
0.09619029587205585
0.09462425866432365
0.09185894688953396
0.13513976578145087
0.09716838193778657
0.11689195002968186
0.055960565178244916
0.1189979058245897
0.09457374437514122
0.07310856422337406
0.13120555712470278
0.08107954941882337
0.15448664429524508
0.07853115379254404
0.09118297271377054
0.08847901318199906
0.10665633511229707
0.07470146070800363
0.09035828296276484
0.07819213003081717
0.11876308349148107
0.0844994421909354
0.07255463483210926
0.09942977598075078
0.09508206011721891
0.08626587159437327
0.0989272090663599
0.07780281188042049
0.08550108902587435
0.24504337176346105
0.07388899114262726
0.0678423553330288
0.08849088780968001
0.08131562832628976
0.09002167810667669
0.07751518200992649
0.10710141374981988
0.09140287322638063
0.08508795879139788
0.06642358864002748
0.0989063499320209
0.13169323363295407
0.07349555771120887
0.08070983382840792
0.10564293930711297
0.07766606517593597
0.08924285331972966
0.09521506851298907
0.09930480966087037
0.07748672060072297
0.08546034460232359
0.1106426287761748
0.13478164208948587
0.09062096983225706
0.10089692078652633
0.08590375827882235
0.10838726629012788
0.07642620325712242
0.1244548312880858
0.07721806500303133
0.12803028796569
0.07273636689860202
0.0839683510386231
0.09723463482080008
0.11701726190751066
0.09142926128789385
0.10581493292233299
0.07550450596569672
0.09212546631081737
0.11763863792742887
0.08393071663660784
0.10198071617010461
0.07585820023305057
0.09278570189274968
0.0778187075460463
0.07470557598902533
0.1133792906556073
0.09244777763358587
0.07964878244070532
0.10042941229671729
0.10527265825823652
0.11005009113776745
0.0653640451415542
0.11065007397924459
0.08868757311103025
0.08505676433296619
0.09568851431663858
0.12031712041409653
0.08859549762496452
0.09795132200575529
0.08582396580710383
0.09821133865473725
0.08102963200246087
0.1535309880818006
0.08449878248939757
0.07992821316351485
0.08600921628179836
0.09218188649948134
0.06660117401113959
0.09730930675201069
0.08251857837334375
0.09153427948984463
0.10954786978132496
0.06757150073021106
0.08892563112311014
0.10837001980706745
0.07189446207889484
0.0982124381573003
0.08241569634780119
0.09926544746911317
0.07971368450628424
0.11431371076240544
0.09272689421280596
0.08702320895980241
0.18475613834217694
0.07019821235333853
0.07995067443016002
0.09234630925419579
0.08008713840541405
0.11163447433112311
0.11844705504050143
0.07763323717083917
0.07188707970454293
0.08416802070407306
0.09675886435458869
0.10881088892049173
0.08427514366807312
0.08199009461282383
0.09781256478229834
0.07735870708802495
0.10462027626604029
0.09257469164372083
0.09306554100222549
0.09429688962976512
0.13002704744890745
0.07098542477412369
0.0898789312596338
0.09668683122952942
0.09370771332776483
0.07921601823188867
0.11808173746033819
0.07633660950541328
0.1108280049083051
0.0729791684788825
0.13701105631504482
0.11641517430398425
0.08551632498996233
0.06313573041855833
0.1133985790719991
0.08215834991932949
0.12686032299552752
0.07871511627852185
0.07106154176584573
0.10333561747137217
0.08703640299055901
0.07971830241704905
0.09748211714056326
0.09285296003524943
0.09793307026320866
0.09084310076435219
0.07819580551081365
0.08546392583924324
0.0985358175682729
0.10449826289590064
0.07617784133530879
0.13591117677968706
0.0724241081706957
0.08540945334083383
0.06148525141398386
0.11260024596814766
0.09835465096024114
0.08998803332824735
0.1945040453369515
0.06329465566045753
0.11655688447718197
0.08880145016220332
0.08476646424196194
0.08719862674014736
0.15655751025121215
0.07603603691903424
0.07451652437689854
0.07548678826725214
0.09258210543243169
0.1044725031215663
0.11098909774097146
0.07563025764455074
0.0950843219510629
0.07089781012702805
0.10166352538784403
0.08985471078888775
0.10158021450792376
0.08904246112402399
0.13740235357005498
0.08082644392880915
0.11015639732843495
0.07712975924003891
0.06867317088402865
0.11239831446885372
0.10552284221286891
0.08162914362855385
0.10261748522590552
0.07871844620056993
0.06753700776409023
0.08315820613580861
0.1031825981289545
0.13368895644232637
0.09189909444026477
0.0740168161691716
0.10099477651463781
0.08676281533851313
0.13227857738316318
0.0949609891778476
0.0792117144647133
0.0910469171251828
0.08195547598926722
0.11976020665873202
0.09056904189692214
0.08133626756011617
0.08948766541898258
0.10646891704683538
0.07462490391525638
0.07775088394508556
0.0792927635107896
0.12409381747509791
0.08905169694555361
0.08404867755444367
0.08697850632702467
0.10260636454283924
0.08180990184991935
0.09819713936449442
0.09202484611911879
0.16123649052981165
0.0944772708788233
0.081811786711456
0.09950259446478367
0.06595234184150407
0.09256099498322112
0.09524833631911107
0.07654014313701338
0.10052374961662702
0.135097953269696
0.09445813953422622
0.07742043630335049
0.07222943338831789
0.09655485950760442
0.12895628902429107
0.07996449674809551
0.07557757576460115
0.09885800323360562
0.11200217940256611
0.0945125177895588
0.13827727488101263
0.10470911607313477
0.08670381917241574
0.10502765767282994
0.1287354146665537
0.09532027520109353
0.07207390089718467
0.08807461613930911
0.0881916974550945
0.1383499362932508
0.0776729763349037
0.0745754262999191
0.08015841758585866
0.11168037070954073
0.08359920090666866
0.12903300288883304
0.06489807595533344
0.09171484922505646
0.09028656398129502
0.10389843712621821
0.07464233888447046
0.08868584532128831
0.11793283339894223
0.07480333747405998
0.0877523676452585
0.09028012403771143
0.08394014094429113
0.11327675418801311
0.068275370856717
0.0936582671267865
0.0682684911121082
0.08755250949365488
0.10343705443640332
0.11825567876581278
0.09465403947660285
0.08069224178739912
0.08792335600099231
0.09703578192868269
0.08878486338068074
0.09158388276261768
0.1016700281601455
0.077168053343592
0.0817131456243709
0.1485911743808866
0.08398141941194394
0.12291690993160874
0.07415472520493707
0.11921585864694524
0.0844581637232826
0.09593430026101876
0.09359817145812606
0.0739300811241264
0.08880669636014703
0.1100316194947082
0.0715712711540759
0.11250732229439044
0.071346752730701
0.10410228490140776
0.13258125473159146
0.08790124029229553
0.13578240932237437
0.06899252925705637
0.10478513882177996
0.07748216551867604
0.10072162866361715
0.08171766929205888
0.1623280138456902
0.08571549202566918
0.07721247324713924
0.09027358985105102
0.07822602612411807
0.11144284674156289
0.08377405322855262
0.09087426380842493
0.08072535252172641
0.11431766897163242
0.10653674064779613
0.09491861120763173
0.09186334489978615
0.09705218022405161
0.07217222784068032
0.14181494008480683
0.06942686418382024
0.14800752700606049
0.076573630843648
0.08869062030384785
0.07072044465642854
0.07438006040164452
0.117861899776446
0.09425416610160088
0.11863909101672793
0.07891808445166094
0.0850037997237861
0.0747054189172306
0.10425709486228527
0.18440856987481724
0.08483111499266931
0.08582025891274842
0.07833735861221666
0.06785174822635315
0.086906693102478
0.08034963678875261
0.1162107610703337
0.08092791230819923
0.08449941077657647
0.07657271982723862
0.06357597124480371
0.1362520225742327
0.08366363175686342
0.11574199600616689
0.08408976753594281
0.05956168738710661
0.111351430957035
0.09519625131198144
0.09620810781357726
0.1299072959126118
0.09272014012563293
0.09695228256260874
0.06777402910232495
0.07885842858402572
0.08368772657017369
0.12417489793553314
0.06430374769846627
0.11837345119749494
0.08326592597262861
0.13332407866318835
0.07339327255848624
0.10987178323639962
0.09186086316542956
0.07455070319942994
0.07703774658269105
0.18106975756314042
0.07388239412724895
0.10882998885072986
0.06366597338317913
0.08313473960967722
0.07894186512138178
0.09759417215891758
0.06652059618044746
0.11400578721603344
0.09962316277441188
0.09000166716002918
0.11368777966044032
0.0652748283621524
0.08878699955708895
0.10395561125949683
0.07403864914863789
0.123826449866123
0.08217305183931543
0.07624290047268244
0.09963930975490926
0.12032883796998277
0.07546482963035006
0.07770549019641106
0.07932625121742422
0.07665672182305568
0.10905419313051531
0.12546973498249922
0.08229933756227151
0.0925172976099296
0.08432267359315584
0.08823602311556492
0.07975402054316871
0.13050322630178512
0.09772278254443553
0.07723873565121668
0.11162916530446153
0.07092878468494712
0.09471375817295596
0.11427560514500601
0.06792755107448574
0.08557503842682922
0.12270951233385849
0.06974788751787202
0.09209621954264023
0.09633866588934976
0.08204620065789836
0.08961212910911988
0.15024212460084524
0.09424138045751056
0.07684278907108275
0.07271327734477796
0.11240968646679154
0.10394986243181002
0.10968672124785876
0.06408409850072773
0.14887082500420873
0.06893890494633846
0.08007102283927563
0.08682554981332488
0.13258571557056156
0.077276904097334
0.1075927343237087
0.07914238297452324
0.08310360797996343
0.06015642403064006
0.13811878944013864
0.09492310346096076
0.10506667430663877
0.08202009532561565
0.1274451641159935
0.0913799407443513
0.09740873319806939
0.07031108414502539
0.12084905975410033
0.09021484499982518
0.10836549613937949
0.08468312194768271
0.0796152947340707
0.09888618191357866
0.08478273687989508
0.07865608869806551
0.09271077864666753
0.067429979043167
0.08347963785652666
0.10650149373706062
0.09717020397060533
0.2299173893461406
0.06891766883969212
0.09409373297047235
0.07105500757918531
0.10034217462192897
0.08179322082531992
0.10806429526582155
0.06509652046078455
0.12064681411121694
0.07981380206823971
0.07112490452783637
0.17282264015257073
0.08294801266011231
0.07456436844557071
0.11476736551992005
0.06754030627177939
0.08784997205849844
0.07116979564676777
0.08336042036433305
0.11056481540906977
0.09108863539386082
0.16302277380810232
0.07714512086156267
0.08760867836744729
0.07574143306085461
0.08166005535775504
0.08596617861004467
0.0859652047649174
0.10046644982591262
0.09853522069545297
0.1128674879196868
0.08994499565649366
0.10299558845015909
0.08655343863614938
0.08498655324072568
0.08931513775966049
0.1011025591801757
0.12311453766372732
0.08801332672500879
0.10541524803348469
0.06434603142560529
0.09343023029520985
0.07800232447407572
0.0903827233340235
0.08235029165247916
0.11411680556054259
0.0665633825373296
0.09983445575267123
0.21998570835154188
0.08075425373195516
0.07298315810246843
0.07349797661684758
0.10314223067771107
0.08753940970597511
0.09519700525659609
0.0692887666619011
0.10186979206867229
0.08072007490942376
0.1873333409356082
0.071491133124409
0.12886905134950274
0.06549513726142876
0.09564151843565791
0.07605903222978146
0.06668605560900709
0.07906497799408449
0.10760470319446648
0.06333056227273086
0.0867287621734175
0.10270239823813196
0.07337464384363226
0.10085906648399845
0.07964429018737629
0.12892176464381128
0.0804604038183902
0.07547337433598292
0.08494197626538373
0.16106776400792183
0.07333883147443576
0.09917290076766326
0.07569899226192087
0.07111139635349033
0.15178271617783254
0.07495334103801901
0.08991285876729364
0.06809404717689052
0.12050262220366262
0.07735968093315222
0.09748217996928116
0.06539916639485392
0.07582188523411096
0.07642601477096875
0.0954591894963452
0.08059771598133572
0.07990201358815531
0.1492450956766711
0.07007145541499829
0.07733586884907244
0.07095137160902808
0.0913171748551806
0.08761942207820624
0.09962878594466291
0.12134393015054985
0.08254034852409216
0.0890409846491536
0.09207369544727717
0.06622134299714409
0.16824955767797248
0.09773029057622322
0.08213541743730016
0.10265417719715246
0.1079061867972549
0.07906780528638947
0.08423961402810712
0.08933084493913264
0.08625911750720025
0.10958968229307982
0.06282557645270127
0.15915023153796187
0.08328244992543331
0.08309434074407485
0.08692557313220353
0.08186160988474166
0.10077041516305764
0.07691001579922355
0.08180032047044133
0.07637801363050185
0.08684131982151493
0.09606887937473614
0.13459636020043242
0.07340389061180941
0.11740956442200705
0.09965165559797437
0.09080276472746772
0.09997176791561677
0.08352719919596834
0.08119125887922929
0.09948531656736431
0.08802777733012317
0.13185646264202863
0.07338727241592786
0.09805065420873717
0.07025658023225703
0.13855026566023856
0.08952372910305062
0.08936653165089337
0.10421455982027468
0.09263076627443641
0.07155490427306592
0.08613908324167409
0.08393954407147118
0.09349799106745268
0.090516674160562
0.16651982024578155
0.06983126122651019
0.06968031523178284
0.07552891492259643
0.12292919294595596
0.08586775742347219
0.09996325462434286
0.07550604526928499
0.0746015944609197
0.10688189020951712
0.08736653648870464
0.0891362958141906
0.0812349562525208
0.09476920451649265
0.07479862532021835
0.0713151184712441
0.1226516470846831
0.12048254842829721
0.06903223700676198
0.08932575581298366
0.1589592008212216
0.07683628629878128
0.08317359917169131
0.09657776057527483
0.06867552696094947
0.12407107347922225
0.08917722872389502
0.08021094239401352
0.09531531173238032
0.09093150077042145
0.1275855863004745
0.09132694472081226
0.09558534956186551
0.08525913563328535
0.13673457854197604
0.0837785768962406
0.08976621653974166
0.08763739109152237
0.12074313053574016
0.07807197010785523
0.07625147659267423
0.1193132745740315
0.10100416940796217
0.07479482418278609
0.08093432083742387
0.059906428562161336
0.09150889668781764
0.14420101771842098
0.07414058874341213
0.09014488522245623
0.08334289115204213
0.08033019130056608
0.11879625705452625
0.07843841860494047
0.07133113979430569
0.09835220064024348
0.08702380583262234
0.08531530450707776
0.15992714004901332
0.08283960170739554
0.15870763463479567
0.09115045885226321
0.07693875993765757
0.07409748824294056
0.10645594291659138
0.06702884909380727
0.12851736760112134
0.07938945690762014
0.10559908486202672
0.08160168747883655
0.12785053500381072
0.06584656969493861
0.09452602596390484
0.06789280679349334
0.07970042764680975
0.07480764124123536
0.12064071972558175
0.08080404549088187
0.1587927675475347
0.09036764444173025
0.06264161396672346
0.09387637702093676
0.10797523555821446
0.07408809534961622
0.07831574553326298
0.05631554743431548
0.07193225355270483
0.15500152563834213
0.07861839146733235
0.11020439846890184
0.09176932172346587
0.08310838296252296
0.11260979593326673
0.07990389844969197
0.08316370364862385
0.1370315384770765
0.0911625847948157
0.0717864280984854
0.11341783607403196
0.07409852491678572
0.10354157000861099
0.09208673240623906
0.08269217412086995
0.09970286100305358
0.09415728421861667
0.10474053043207907
0.0625064065658272
0.08003260307828675
0.1307445514071952
0.09692124517597177
0.0944590505506356
0.15371077245803882
0.07454592821687041
0.12172046265685621
0.0754549969360005
0.08661142954276055
0.0767857405952399
0.08535856207934406
0.11176251925818007
0.08574552415281993
0.1442218140240421
0.07915061353656665
0.06329292787071558
0.083789069292128
0.12626112551302396
0.06366908340471461
0.08297235878829415
0.22155523255311688
0.0810014219081289
0.07316102620281104
0.08018182128327217
0.0809856833142978
0.08787664284924214
0.07934139293843537
0.10795026114285375
0.08346031802577591
0.07895898594700643
0.1698005159934114
0.06836879716021735
0.09301304760842957
0.06287574518393531
0.12073122449370027
0.061216470158856444
0.077671122887726
0.11557129037966357
0.07229047148774666
0.09662092390446428
0.09367884353189501
0.07627371795880679
0.1306117943262966
0.0824866927990153
0.0865328936453998
0.07762488095135998
0.1226505161677611
0.07672105843017359
0.07975958088470186
0.09074804091418674
0.06629573219912419
0.07829193344918321
0.11136936855599218
0.09041511153809507
0.09305102756839322
0.07411357239472004
0.10819965973851253
0.07766125877901749
0.06346360208285996
0.08864576059927538
0.2079052223764353
0.07943161497732339
0.08963650665166066
0.10373894642585801
0.08904497427273952
0.0828067422879398
0.08912825373830086
0.07961711676688947
0.10463497818602623
0.09209069061546604
0.11623702347441113
0.07949623431367181
0.08013812390998065
0.07588801245968871
0.08107266967421456
0.1675309856314806
0.07537624113812715
0.06633393205960045
0.08065269110948825
0.11792215251690116
0.09774565219774699
0.11124273727508772
0.09342784280393007
0.07251894812034854
0.07133713993686405
0.08842837323538084
0.06595809066919087
0.11089215302926936
0.08100754770812303
0.11443905405459319
0.09723724221259246
0.16556614313695056
0.07420392009104383
0.09162726599231975
0.083740565521918
0.11027329015806668
0.09398390837160309
0.06044700685087481
0.08402907499446244
0.12227257001530224
0.0949623399952822
0.0964842086143387
0.08388321812588406
0.07416521760082447
0.0822323935633612
0.16950858235574204
0.07230266025901705
0.07286827579180913
0.057577179503877425
0.14205811863739465
0.08429050528959688
0.07357723504446403
0.07525397645311593
0.13914720130889813
0.09044737408473087
0.07814805568521832
0.0734102677266751
0.10131906694201981
0.08985423957350358
0.1274158859334574
0.0868356966512639
0.06890048518534958
0.11031708177443504
0.07986905992562274
0.15577274815042463
0.08231350543815538
0.06677429854328162
0.10058959411297426
0.07140998983525587
0.09216300646975581
0.08874182570892705
0.1005384829509719
0.10344826936254642
0.08171097803360375
0.07703177785449164
0.11414404180974728
0.0831552217717089
0.10217931774735046
0.06914551718511511
0.13872766254519703
0.06695888931643831
0.0753177790161318
0.11309455090613618
0.12981974409423402
0.08480881079781885
0.07043102416747472
0.07549049516160755
0.0681734626763017
0.08645957253162381
0.08780998157956235
0.11585511911272531
0.07239947931328337
0.10812156364217701
0.11731708054927505
0.06620714370690127
0.10697487671199224
0.07475225772641655
0.08773175982579104
0.0902981872941044
0.12898368234529048
0.09130241010647677
0.09874921530858152
0.07576295189673145
0.08895129665436763
0.10258296084542574
0.10519032122344352
0.06607815634907598
0.07832661490145772
0.10833973636504515
0.08658733472945028
0.08189604002214461
0.10576372751725378
0.06748099596209255
0.0773014387116695
0.11701314662648896
0.09308520639092462
0.1308397055004375
0.08132297928628272
0.08747098923219443
0.08549229300536994
0.08683657625331433
0.07411118490344028
0.09548168217734933
0.12425682658365987
0.10374079987303572
0.11645218041882063
0.07597515589140018
0.07517163941832293
0.09592578696974487
0.08512461934828587
0.09153399676061413
0.11470818086766899
0.06087392798892782
0.08819562424996255
0.10936786550457414
0.08105749653884446
0.16672508166712358
0.08679922458052956
0.08585041669733494
0.07254235181776204
0.10321596017815335
0.07936266045944065
0.11495321286743451
0.0938481040978869
0.11204025360560661
0.07111975257296951
0.09346123626748787
0.0824059264821695
0.1259308977718015
0.0880639038429091
0.09530899744623252
0.07051194755611523
0.07405225156606077
0.07502493436205307
0.12550080378349512
0.11086431990724471
0.11943905766724447
0.06984844488085272
0.07402429278660035
0.09348504835156764
0.13240608826611808
0.09474957054215247
0.07974795757189247
0.08412759042411175
0.0978637387730186
0.06794080793396023
0.11808085785828776
0.08123549029662286
0.07676419034500412
0.0896434806393463
0.07105595000995364
0.13555694846823116
0.1804713454396105
0.07348493965788569
0.08731972909387764
0.06120626049219955
0.10038181954291668
0.08702949183159127
0.1291629012630677
0.06356877735660547
0.15068827132657214
0.06886853678230323
0.09033048125509914
0.10320964589200554
0.08874314511200271
0.09838210710995846
0.0690577140518658
0.09188684284027648
0.07811095532730511
0.09403916622898612
0.07902043243310147
0.08247660878979418
0.12387228341582272
0.1056165198312408
0.07647772280579106
0.11188164250729685
0.10280292418675371
0.08496085629510926
0.07715203202053042
0.12810464575331115
0.07595058986270574
0.10653177717908292
0.08783005535492776
0.08244965526981997
0.08634054352558387
0.07429612123454535
0.13719109200615456
0.10953304220390325
0.0748517155868342
0.10617563259173142
0.0925112032242944
0.09837566716637487
0.09134664152387034
0.08925994273099536
0.09680498063351893
0.08660646607404734
0.11948090159335828
0.0701003252108681
0.07901163641259706
0.13775262367228389
0.08016536015918535
0.10992832908249935
0.07891707919217474
0.07356843902395964
0.06389240808244963
0.10653664640471928
0.13498128034057688
0.08362024852716134
0.09005698784613009
0.12227816177119433
0.07558313610613429
0.09835509076126636
0.10757787533192804
0.07223307745395542
0.06953964173243027
0.09447915574035995
0.09601695143940121
0.07488074245449873
0.06881566641619999
0.08969584837570643
0.09283009038193797
0.065834506581104
0.09072300367010815
0.11199222105078077
0.07859473645504729
0.11735129078616538
0.07412287104496755
0.10851804426641298
0.07918099122166578
0.10453863034714406
0.07815572078880073
0.09780417714846021
0.10358891144754005
0.1254982278060617
0.0892726655463678
0.15747609752110237
0.08324732867213358
0.10138648215631427
0.08246837822775077
0.0972276922474734
0.07617699314761729
0.09652294251891702
0.09477375959853958
0.10419373210029462
0.09429937136412173
0.0908034558433645
0.08010466761770497
0.07645469608068489
0.10335239273904843
0.08997942579389662
0.1013097054630544
0.07973077391754993
0.1075343036160723
0.08738513378919967
0.06487014859023195
0.1281382277030226
0.09916862841484685
0.08530917870708363
0.09673181659153765
0.09926799203218765
0.09474093159344278
0.097394282592955
0.07688805716232149
0.10172104507907104
0.0673647314196397
0.1332477417709537
0.07735189017213404
0.07445322444362579
0.13465193220140487
0.0889965961599653
0.12321861343490978
0.08347125022268853
0.08826467301092211
0.10306576812804065
0.0739807210707446
0.09381200899945989
0.09691709848059113
0.06982811979061576
0.14622821771545547
0.08367597759992852
0.08968218312956566
0.0994969398801737
0.10929335064515826
0.09470857480373016
0.0647401245585615
0.09701372904870378
0.08552003188431775
0.09402923929155971
0.06364071623858791
0.08719520257502243
0.10065518729444996
0.07830025825430345
0.0853867407593171
0.08986869017861795
0.09878072391060265
0.15428421016620802
0.07241355294609042
0.09948280341864876
0.07343071847434783
0.09823188364548682
0.07308041695775996
0.07332808776367682
0.12197802898584051
0.10424346103050344
0.12614765684851717
0.07219085655553428
0.11376326836498346
0.06428235452002519
0.09195479209867301
0.09146240343658008
0.09020944173008676
0.08883833061960393
0.06289462521366083
0.13172923448830423
0.07881438565278583
0.11427315482500836
0.07889515196963161
0.08440177494897759
0.11119731211205426
0.08847291879636386
0.08949077544051806
0.10289013044718308
0.1240740892576809
0.08513366668366183
0.07909120898380298
0.0837596340377972
0.10203873849107473
0.08101084621581219
0.09223918629019573
0.07508342789840734
0.13640742940793013
0.08725916220983303
0.10185402206048226
0.07065406611597924
0.08089853988258632
0.11000887549883254
0.09912298335130078
0.09601088846812497
0.0959770866179009
0.07872903283953417
0.07574250114905871
0.08096485559431774
0.09987469754647887
0.0993132601234264
0.05523963705483222
0.09972406569534097
0.12424768500520708
0.1325168867101146
0.08770819905658282
0.072444244774779
0.08869856813666076
0.1494489748662196
0.06918525634917964
0.09594878228049208
0.07817909307185529
0.08070631542020616
0.08211908197064913
0.09431243973744256
0.08499409268687232
0.10048193710487216
0.08419550826814932
0.09869540251170994
0.08796143020403281
0.07714584339181839
0.0847904019834775
0.169686827428392
0.07304495014651186
0.10123515918927958
0.08620254024674157
0.0769009056351297
0.15420259566167074
0.06948809076940268
0.09933656957776306
0.10763498663648878
0.07713440856516267
0.1005709025694024
0.08062771669412754
0.10236240063127783
0.0879394401527718
0.06217793802870562
0.09208318258367836
0.13627332150959692
0.10280433783290621
0.05826113292681268
0.0740589428245159
0.0936248736632287
0.08872545882791708
0.11373647191680397
0.08724769596881836
0.10153777370899
0.08968136635623311
0.09008434975277056
0.09454807884388373
0.10502652675590794
0.07165162908425542
0.10935178135279465
0.08157859792501249
0.08849541147736797
0.10970101478117841
0.0750225468707733
0.09169983316148109
0.0934824723741342
0.07840819799163605
0.17201789851949467
0.08302362702209123
0.08415664870613523
0.08856923522088708
0.13439728740780238
0.0782788022471445
0.12164198958821336
0.08135392242984286
0.08263116743580012
0.08466929962974723
0.10270522553043694
0.09161557985079248
0.13162201728122735
0.058966353870753226
0.09488801362201998
0.0714134140003808
0.119942943984711
0.07512555455375165
0.14256181646870753
0.08844021644870285
0.09713979487114725
0.08011585112948914
0.0777966546660674
0.08632794636764721
0.082988788498022
0.09883551055260151
0.07567772474091557
0.13874016546005685
0.06713543801370526
0.12100289586985057
0.0901064968758263
0.16818503258470088
0.08358729486462878
0.0895924951347797
0.06484024212051698
0.12886842306232385
0.08241827232523462
0.11729345695134893
0.06700996906408174
0.0926420440292974
0.08228513827202869
0.13362838955828177
0.07323918512786445
0.10191578269016674
0.06488227453278445
0.13546433893806337
0.061165955869674014
0.11002734714189177
0.0895183886620301
0.10978407434622714
0.08564619194983805
0.08674261590571193
0.08550705775407376
0.0896712195182941
0.07394421758565133
0.07524320132799804
0.15241766320081468
0.08375134064703589
0.08838904245798258
0.0932662473415206
0.1557199406130393
0.07036464562702542
0.07136173737991744
0.10700007102786557
0.08626825908565304
0.09026576767567389
0.08777017958677992
0.07412830572906491
0.09200395557042083
0.07941424283682719
0.16474321259004573
0.08026937310164993
0.07433648868578878
0.07958130439769297
0.09814153594916303
0.07661280454925154
0.08594378017211739
0.12546571394455436
0.10236218073076521
0.0658061394149773
0.10967346438838427
0.07023264249074149
0.09037958189812907
0.09052016115440481
0.08489212167773913
0.11552665057560373
0.06812919984454918
0.09992706528283903
0.06373696983439324
0.10523156827673738
0.0943038950318097
0.0898046048863716
0.10423353409307703
0.07634637937104495
0.09757444394150055
0.09115539090661745
0.07702467820937023
0.09504197539520598
0.0901844359003671
0.07832249962043601
0.13158790128741382
0.11853790536656834
0.07101533124383866
0.10183140372204236
0.11952667231434012
0.0856155943642263
0.08810775828799534
0.08791528251074363
0.07307234346751129
0.07095567537620344
0.07718109030255389
0.10451742565485665
0.07649251896885383
0.12835589779614764
0.09493353302813028
0.1590003222170797
0.08471711228406044
0.07588986590686642
0.12900180843040135
0.07969185152681794
0.0919831592647997
0.09791657772476291
0.08661048711199222
0.08899760141945152
0.08532947238296164
0.09006531265125033
0.1591040210159548
0.07511223486555926
0.09985066556188649
0.07254320000545353
0.1429624752026831
0.0891283479813777
0.07776756496968498
0.0880473798901044
0.08577012159587331
0.09730980938175379
0.08497599801612041
0.09228831834758461
0.0979474266252462
0.06931751080033514
0.07935892215072628
0.07466162730086226
0.09338910889935176
0.10119881277598103
0.07550821286005215
0.10210188135255277
0.08472116473636426
0.12370525326931589
0.10083767330555739
0.07702590336936906
0.07749777845507136
0.11326431410187117
0.09666813968595757
0.1315701521746103
0.0917253730353028
0.07887674315529025
0.10274336256219532
0.10083434338350929
0.07295130394249891
0.07640540695150129
0.10790662659828013
0.08152186359275908
0.08307410989691473
0.15555240783678934
0.07477870861664766
0.07295922036095287
0.08551189556535119
0.10034352543936358
0.0760072927806002
0.08326884750801043
0.07910452867199536
0.09211286915288071
0.086086118632494
0.12883594061517545
0.07490848133344655
0.12563550855464828
0.08349682151086919
0.09629173283708699
0.0894849951984723
0.10179970663386756
0.1051463411209215
0.09633857164627294
0.07569971479217658
0.08316062504144732
0.11793836232611642
0.0890156646758445
0.08749766002293814
0.07077708474560511
0.12148403819144143
0.06945859268635399
0.1628256172913679
0.06979676826038934
0.09323580682770358
0.09012440306042455
0.2698535214412581
0.0707204132420696
0.09950400811093617
0.06652376903070084
0.09229145978347904
0.09547285474248597
0.07190844146862505
0.07335406743852375
0.11415164408461181
0.13196377409218235
0.0788264173522615
0.08649478802800037
0.13423754539257063
0.08893257369643683
0.07632639983875637
0.07239058904970214
0.10355457555321393
0.07000052179250206
0.15706416103226578
0.07937761369429815
0.08359150438872731
0.07750676296172943
0.07137618798503181
0.06740346532421802
0.13080159988303805
0.10639245449716496
0.12723556751311715
0.08503992623657206
0.08075519616272349
0.0962333021294506
0.06653928772401933
0.06876175937625156
0.0873058753615832
0.07719519534971989
0.13823524246874513
0.06929259921369231
0.12597597737688657
0.10948745996907508
0.06790700608373616
0.079646143634554
0.07395172561743901
0.09705271426815366
0.09453343975261569
0.14940857600061722
0.0659669809327721
0.06941191094896276
0.07650244590628022
0.08371483716194263
0.10091225099369115
0.11022937288426256
0.06274399336252293
0.10015909173800161
0.06857028885848607
0.07888591614810199
0.1601318674262533
0.08812434506951794
0.08729990663338379
0.07058866142065721
0.08358990225642116
0.11530370287017605
0.09042742596680124
0.09134488231976946
0.08413085751744195
0.08362992414971619
0.09085214809972815
0.07650316843653594
0.1218599424105689
0.08468692308511498
0.08324167408752361
0.08243888014470208
0.10721786677842639
0.09834346744845697
0.10084357920503892
0.07642815094737695
0.09563460727669017
0.07455459857993904
0.19654742372884232
0.09565056577103387
0.07783472886910789
0.0903700947617279
0.06833370732127657
0.10107956386942848
0.1376093741954979
0.07613687701124543
0.11472011832406782
0.0744589104425947
0.08957006528249346
0.0658532923677527
0.1261944956577031
0.08084092594828247
0.07889135083219935
0.0779776327879455
0.09280973387734207
0.07588386576430806
0.10071738772515967
0.07096239804901752
0.09989461425004956
0.14056477425625954
0.06527432573240928
0.08584432231169974
0.09218160377025084
0.07580174863002766
0.08215671637266439
0.13129090993795445
0.09896525185504146
0.08365992486250799
0.08238491027603577
0.09721079132236136
0.07497102732210464
0.1158730567116825
0.05745837039835009
0.0808978173523306
0.19414431951268035
0.06985482199571841
0.12213802231594383
0.07656995536365152
0.09886880977308246
0.09780188390025728
0.06831140312642611
0.12639762090263695
0.07885230278403159
0.06419012196216474
0.1011973677154696
0.07487876334988525
0.09611414746597487
0.13042503596237276
0.07683568942596133
0.07708958027494915
0.0928514521460201
0.09184085221878203
0.07741716921002029
0.1406704835741071
0.07829130516200432
0.09001099722463562
0.08025149833141061
0.10972030319757022
0.06858012155283563
0.07783347229475013
0.11476978442555875
0.11899347639997855
0.06688613366112332
0.07662687818205859
0.10765509182621313
0.08601546773922827
0.08246774994057189
0.10153497783104397
0.12300213708742462
0.1006020970278341
0.08181166105402023
0.10207096962335158
0.0847925381598857
0.09225461074043738
0.15500205968244418
0.0639977718423488
0.08788880020615358
0.09178864155421661
0.07922148433034498
0.08562819152216297
0.11449691930376858
0.07570395573063406
0.09613362436852034
0.08177484342533752
0.10401507864097839
0.09036864970121646
0.07621082641220031
0.11944703691441633
0.11663067680634213
0.07353184129578953
0.10142920568447851
0.07670569680864983
0.07662034399539817
0.12575884132786358
0.148270622262219
0.07680364677983816
0.07937164496609872
0.08123596151200703
0.11200965601999487
0.08450280352734245
0.1491211346162769
0.08757801795311765
0.07597273698576147
0.07602334551802074
0.07822191084309636
0.09179775171831046
0.0818173156386302
0.09948830093146402
0.07421111397924209
0.1540565503069387
0.0919864891868478
0.09286320111626527
0.10088369534141078
0.09370165035648857
0.06823362117368004
0.11886976665445591
0.1090107784864543
0.06694726600362892
0.14508495495039564
0.08058068939878792
0.09440979283581094
0.07725708163684014
0.078347316964002
0.1079362503387646
0.1108238267985655
0.08430979370598868
0.08115309043311196
0.10540761434426123
0.08044655008609576
0.0743624683606357
0.13598028836936452
0.0854162388423658
0.06917404142303653
0.07299261382451065
0.07220031227757652
0.08242973856624929
0.16349147604355124
0.08633479469789707
0.08806242736803872
0.07406205284605138
0.07866469623241625
0.08332844054692776
0.12401647532337705
0.08817046134844816
0.0839882049134759
0.08787145948001633
0.1151858047810581
0.0830674186384596
0.08295470391856745
0.09508353659208929
0.1285123727180492
0.10143501734088321
0.09020030015163397
0.0884437976856225
0.08702628756697894
0.09309013844527887
0.11675526615391521
0.09798144837598288
0.1078612956783235
0.09102844548212355
0.0648335194477029
0.11112119512033224
0.08602102808076141
0.08930049866839244
0.11920128238439508
0.07490477443909112
0.09835609602075257
0.09841556340223413
0.10238750070407432
0.07879902403126206
0.09158281467441358
0.07759195870318636
0.09113289822561334
0.11442988106178145
0.08131886400526103
0.089003538733292
0.07604137736005476
0.08201846177895054
0.12211251385648104
0.09577383571553129
0.08829099824371743
0.12154554750625436
0.059662276164446255
0.15524589793656982
0.07176475219081384
0.07806474480529804
0.07969580973604494
0.1489931211035789
0.08465582286976012
0.07417216017415115
0.08256312393432677
0.06037839789094047
0.0950234095090699
0.12349707031259204
0.06756041146150372
0.08787871619693247
0.07222839671447272
0.07598370059703304
0.09409451832944596
0.14485138919164478
0.10261538046385625
0.10933101646153247
0.08155161299067933
0.10620849201118715
0.07500693393437798
0.0681111994168741
0.11537432234908283
0.09305143595505949
0.08883396402371067
0.1031589117023105
0.08266173360705292
0.18726850169874718
0.07391613314875513
0.10070994252208987
0.08018336058686043
0.11507717392782872
0.07793553754696014
0.06721378542491235
0.09258245099038008
0.10362868202596352
0.07363155047107874
0.08527053904558214
0.07113951220474547
0.11308606902922123
0.11178155635970032
0.07924636450262887
0.09147251886016014
0.09399892443517846
0.12119389517223189
0.0767658867203871
0.08507011543551753
0.09469692007656182
0.12335432346554914
0.08991870183805728
0.09669019256593646
0.09127624194547616
0.09225432801120688
0.08283878493406299
0.09717661249982996
0.12855591301954597
0.11877665449454501
0.06102069587391558
0.1221535410092623
0.08070084932174985
0.07588452546584588
0.08803968337216306
0.09933914555519649
0.07777284258198763
0.15441615047377408
0.08325260628443622
0.1653909452571182
0.06903528419957956
0.08003423662495185
0.12192889692845163
0.08889556758160044
0.07268654372531637
0.06655031416400878
0.10894713299523315
0.0812909052258006
0.0861762464283052
0.09812956707840524
0.1047248860813248
0.06362007700476151
0.09737621933656204
0.06242617429308347
0.09798298767957116
0.11095667812254094
0.12323865579591624
0.08611024486016322
0.12734834506172718
0.08355836224004108
0.06651723484404043
0.09374252043747511
0.09152102263037014
0.1977631280056277
0.06320886304618065
0.07961774505406835
0.08068112110433283
0.14661483423098293
0.09806865463641225
0.07596783634576616
0.07623781134653346
0.08731429440978027
0.1098537513943656
0.07588920620532859
0.12246881551562727
0.08734819050308117
0.11173968101922757
0.0694210211130566
0.07762962451956057
0.08161130027267349
0.127396377616553
0.07184055503894642
0.1026983772001871
0.0912598122357483
0.08372909928090333
0.08430325951932827
0.10112596287758921
0.07487037571604711
0.100280131263014
0.08673272038264448
0.05673621711493857
0.09707184561275074
0.12489877900868661
0.08409086703850586
0.098814934147493
0.08565241199290903
0.06911058441796905
0.07886339205273893
0.11653502008335674
0.14266397596399438
0.08251094468412029
0.07190341517119396
0.10267758089456597
0.06843894542373996
0.0693670512443903
0.08826307087861596
0.12707749045890943
0.06591511582615507
0.10264563249151962
0.09693022968262985
0.08116870336950728
0.08293478721499677
0.08780206516110839
0.0985590013651738
0.10686140804748544
0.07714530934771634
0.07986598131844619
0.05779117411700598
0.15604806359221246
0.09711494611322231
0.07883791500763511
0.08666634184219518
0.07235336303435314
0.09050621317903354
0.1165589578248723
0.08102950634502509
0.0879651056840293
0.0970287765266381
0.07583746675614733
0.0933852449332016
0.08667570332116058
0.10974430376780366
0.0874876388424349
0.06537554279692781
0.09623191989765705
0.18767010286349106
0.0797827960959617
0.07822979584719139
0.12302965606585983
0.10056641031607337
0.0721389600345583
0.07645177454530307
0.07987678785792303
0.1259055149697745
0.12853093860418527
0.09600228093377423
0.08308353420459802
0.07160890555609117
0.10372685189766447
0.06612113119211178
0.10150108173774307
0.10686822496337635
0.09804264354720638
0.16446774007646317
0.07895097528547564
0.09941771286691618
0.08092140953589777
0.06340941231368104
0.07435781903551196
0.0964164792564548
0.12142519909713875
0.08883713687396405
0.08588110852602351
0.08924486383870209
0.17317501501684893
0.09980008844398618
0.0811529019469583
0.07036700170394625
0.07577598885569334
0.07695452994584762
0.08301457968671527
0.09165610437383062
0.08452111809860698
0.08191209275956515
0.08980105506381089
0.14400854194116927
0.08387536453614798
0.09867573712301081
0.10293731481431742
0.09822132842088153
0.09540377456716746
0.12257989668885431
0.0734747299912288
0.08536324281882676
0.07840430261112696
0.09038643022837893
0.09072727602292456
0.08170441243258439
0.06636239346880399
0.15385405334918376
0.07704877302268051
0.08069177057201495
0.1427274643834208
0.08497584094432568
0.06914055371640192
0.09639326404519497
0.08528665461172057
0.07834282471067297
0.10549833901289236
0.0943036123025792
0.08589502508703584
0.09085384447511115
0.09642012332209234
0.11606213973816823
0.06808939785176676
0.13533497460793073
0.07281754160211408
0.08897922401946912
0.07797439710897425
0.10507779498970504
0.09026287755465101
0.09148935695655429
0.08505054428989522
0.22253042849782473
0.06279727211529246
0.09630071734374505
0.0718054337856467
0.1302294815779445
0.07032798507013742
0.10546079885395392
0.08129046542477537
0.07570756838191266
0.07326610723347972
0.09632342992526179
0.11127248667300797
0.05562226394677377
0.08464413672823284
0.1288139819782734
0.09867853300095684
0.07726264197837329
0.10517395434243354
0.06014696830859782
0.06791847232475083
0.1230917622534927
0.07946061043062898
0.08425368766091416
0.12018722203986187
0.0855029110586931
0.07315232442538347
0.12434114272306637
0.10598607834986153
0.09973333293122953
0.0705138324176519
0.10125557852259338
0.08033829620517371
0.07639566850022855
0.08464394824207917
0.13981186631544157
0.07881469979637527
0.1114324171743934
0.06628787860938812
0.09073264787830404
0.08668889735191719
0.0876934971365969
0.11886920119599491
0.06484376052871874
0.08032887189749043
0.11271443716291019
0.09109837384513356
0.0627719835563423
0.0945011772059799
0.12068193536451667
0.07258064592131513
0.09495165911324113
0.091266189350614
0.08090686468770655
0.09544021522354285
0.08960835938604657
0.11891688819287236
0.08982753736840093
0.1327697722996162
0.08807018671469796
0.1113890967734092
0.08170488364796856
0.11001820556343898
0.0796339548632836
0.0698220568193395
0.06771845710135249
0.16558109637180804
0.07503746869127184
0.11718118203248201
0.08124610834994603
0.10110877922324668
0.09204011349756572
0.08649067274697866
0.0836139028266546
0.07743278214641561
0.07360101571418487
0.06811355549379493
0.08945973805388109
0.10839207268704636
0.09473593671037063
0.08392996269199317
0.12914361284667591
0.08436068496747844
0.08907808500706682
0.17484267767576592
0.07015693388568572
0.09913960154718231
0.10281222283700123
0.07729254844808826
0.08566758512827913
0.09055311481693738
0.10745520226025056
0.0867937898964322
0.08159509046345824
0.07279316405957331
0.09422457377547536
0.12319172274365346
0.09343120414033712
0.08160498598652569
0.07347363048866574
0.11772732066272863
0.08812321415259594
0.09549795481528248
0.08720528658424356
0.08387809758537614
0.08679111967592193
0.10113755477603965
0.09434756099074228
0.12943026887204262