0.0001299297885936159
0.00017039148291387153
0.0002681215535895821
0.00021069610543940568
0.00036999831964594005
0.0003566158027356692
0.00044602106829114087
0.000501090439520495
0.0006587591070619259
0.0005407039461492546
0.0008943039704262712
0.001168928296317323
0.0007642485243968781
0.0013209423792487802
0.001943826288396318
0.002956028347940539
0.003675574239559681
0.0028561306864976718
0.0077815880253741315
0.002609559383143878
0.003721753347207799
0.010094344545212283
0.001920736734572259
0.011215460187216385
0.005433427523005756
0.008553972868737584
0.00906100062209855
0.006337250044192149
0.01049962118995267
0.012264479875443324
0.0066157697505922946
0.013450403339949511
0.017888561142882023
0.010137476460042805
0.014812687015568989
0.027433814108106924
0.016472496084749908
0.016510130486765178
0.02323223784238392
0.02836826562926401
0.01171793285853043
0.022140211896762237
0.02084543767851406
0.02441473714176518
0.014980219791818928
0.028426916237413013
0.03556083442443256
0.014134576663397375
0.034286385296421334
0.022079739255794466
0.03842139453554137
0.012040809639759923
0.034114925725303356
0.02879892507603139
0.023928411450948504
0.026300509694832434
0.024423313261756972
0.03621968777457132
0.025031243936047026
0.021298244248337168
0.059676915255714294
0.020942727948164548
0.03465415319658223
0.012849446653345094
0.03280161703527804
0.05609027506632592
0.040904668195729174
0.02298817968774567
0.026118369241673395
0.044000050639946615
0.028689854421776784
0.052913121045776466
0.020826494820070648
0.030903278738633067
0.05750769094189264
0.03207550554263954
0.0372791684443267
0.02851475078502127
0.03965462802461767
0.026285870603564392
0.029454260017968387
0.04823376379486964
0.03504526196543874
0.07870823653391304
0.027757916049335245
0.04382906228421281
0.11546300508438258
0.02688132977735356
0.03171555981785578
0.034495133711606195
0.03461428837508192
0.04660335856566058
0.03941113532844042
0.03511217454999009
0.08677930787695888
0.030085500146595105
0.05613667407448665
0.02423586378193635
0.038476683807283335
0.05144443693641266
0.04421608718640655
0.04662783035127819
0.050745247549389416
0.08071643084378623
0.0454746720631509
0.05260438072607191
0.04442480418723247
0.09346095353825737
0.04109818064682605
0.05267565990651652
0.0803546002574658
0.032201257221493564
0.06955952702164202
0.07585973953663884
0.05633144309994129
0.04630514205620236
0.055962575697217354
0.08552656607097817
0.03959013434570503
0.10280282994367688
0.04616302349633836
0.09424697221340264
0.06403210773667492
0.045797391772585676
0.057376598822018086
0.08682545557024805
0.04786938864547473
0.06448569966547163
0.060602727828161694
0.07249199460037432
0.045727243509063056
0.0792982296092459
0.11876245520430219
0.052924870016021634
0.06450872639057781
0.11004132653162199
0.04100060764794506
0.07444936047747563
0.05970990033260581
0.06114211237123529
0.06870785233630315
0.08883588029960628
0.07084892938451072
0.054065965190314313
0.05530736641271613
0.06942227768741438
0.05244407325237916
0.09854244599801015
0.059239061920748674
0.06599318050813166
0.08461919372723106
0.06623654754687312
0.10060542694988218
0.07153335402283013
0.06862309639587144
0.06081464909359993
0.09179131177472688
0.0984149037006963
0.06185367901568258
0.07418943807157052
0.08642586492447658
0.06566904715254439
0.05675971505542891
0.08716275154223298
0.06406820283510191
0.06804695705283302
0.122847955413726
0.08061700439772752
0.10073108438565938
0.06807972222921192
0.07603264416826824
0.06425606070158882
0.10515900110757605
0.07519504311573644
0.067085960398368
0.07169567201549532
0.08966509371829996
0.06889222320894724
0.07133779963840188
0.08097208089687492
0.0808876076856737
0.07352753752861416
0.0836278822163848
0.14613884386425893
0.11234990494172055
0.05132550217344955
0.08260710403684879
0.06964095304002563
0.0759960150257392
0.09319854939799564
0.077062595340616
0.07085213364912303
0.0777829580055677
0.06675526144176137
0.10533416757304946
0.06374306422002843
0.08995526815186844
0.12731017661560984
0.075158068415259
0.08807694080187099
0.07794442781054138
0.08956098653275857
0.0734031052528358
0.11018539278174054
0.07490452312421957
0.08023821005757718
0.1128476968735519
0.06842163611196166
0.09271693586102062
0.07318559223150548
0.07755862806834646
0.08481936602242414
0.14834328367445715
0.07715617871591106
0.09352010677614948
0.07949623431367181
0.08554274446583449
0.05560445200525235
0.09333809198042621
0.07155342779819554
0.08004523165058236
0.1471290244581832
0.08157328889835089
0.06468426982835854
0.12537960718668803
0.08559941596937
0.0798436457092368
0.07806270287196666
0.08590325564907925
0.07907986840022409
0.16096616997109597
0.07105915427456595
0.08034479897747518
0.09279716813376435
0.09187157546182956
0.08407217549493401
0.08811237619876015
0.09460525297716235
0.13065857030676467
0.06382970502199681
0.0826274605414447
0.08750545078395633
0.08989369600833762
0.08131964936423464
0.07162863377350819
0.07993283107427966
0.08883540908422212
0.15008973354560645
0.09443570968193998
0.09225090384608195
0.09367058155549267
0.09172719506812156
0.08710215324382943
0.09813481327634895
0.09555519177727897
0.07706689910779137
0.09052220308773619
0.17576041675796464
0.07320318427251428
0.08767936067507195
0.07815223379495792
0.10947404603780586
0.07151868351720314
0.08468657752716659
0.09136011828385744
0.0895304517758647
0.08733606456052867
0.09991503358336336
0.07793016569158068
0.11903327839276097
0.0806306068151504
0.08014704558792082
0.09250988382121875
0.09844210853554207
0.12394130076242335
0.07032723112552276
0.10132902529380515
0.10761513276163598
0.08610606675042363
0.06858370278975529
0.0924525526161454
0.1526550300969978
0.06647982034253777
0.07780560775836654
0.09682527430939694
0.0906361743819861
0.19577629545983663
0.08281158009921723
0.07276611629652227
0.07539807411759343
0.11275684654748498
0.06957664784726665
0.08799526346861582
0.06903685491752679
0.07844580097929238
0.09925416971425216
0.0775240408591488
0.08480931342756196
0.11368815663274764
0.08150282649123883
0.11326506804648584
0.07635193971257809
0.09607139252345168
0.06416291712731897
0.12779606250540132
0.08692551030348564
0.08521327066922668
0.05933525268783611
0.1040354351455743
0.1047711908464087
0.08817397975664992
0.0770521029447286
0.08285285856687004
0.0971442242957584
0.11949865070616181
0.0637262261236343
0.10166120072528215
0.09505639458596142
0.07829510629943658
0.10186617941739369
0.07935810537739373
0.09938501051925516
0.07480085573970338
0.1629429185076659
0.08873076785457866
0.08820900676687282
0.0775061032601916
0.09192271803819088
0.12983045639063404
0.07442504576365275
0.10528578946027524
0.08243963408931675
0.07298139889836755
0.09954324464525759
0.11529387017582649
0.09099781648215285
0.08981173594585196
0.10636955342949457
0.070324278175782
0.08114181267825096
0.08661768100019046
0.08709247762127459
0.06772288652596364
0.09272566905280713
0.13506707295485376
0.07382798445755742
0.09021629006033662
0.07960731548689885
0.09969148900511574
0.1512301061896434
0.08824450499247988
0.09805313594309377
0.0971277003429537
0.06373398547029353
0.09341769596599106
0.11139858390981038
0.06832736162076981
0.08802736894345689
0.11546027203515442
0.08156772855681775
0.06972655716814884
0.10395545418770212
0.10768242231849466
0.1054367354550026
0.10704892035602395
0.07865191058832592
0.07086174644295999
0.08440054978897876
0.10607256208003518
0.0848919646059444
0.08734489199539201
0.08922695765410385
0.08989024042885375
0.08023783308526984
0.11203912268868461
0.06919028264661073
0.08595810511979599
0.09993048944796395
0.11744214111223229
0.07828684432303423
0.09963280698260779
0.10344820653382854
0.06830901563514635
0.09175901781373214
0.10445324611953345
0.09079657609875569
0.09515321364022775
0.08082031812881502
0.08716630136479368
0.09634639382165007
0.1091278598022397
0.0882625368345139
0.08388321812588406
0.09500346139114028
0.11233796748532172
0.0753772778119723
0.08147483629741946
0.07728504041630058
0.09887144857923379
0.12126486020908706
0.07999163875422338
0.130812909052258
0.07274663939397681
0.08870262058896457
0.10173040655803645
0.09181521810188349
0.09290463665571279
0.09297095236744421
0.07325677716887326
0.10930132989233012
0.1009756137556818
0.09051884175132915
0.090016431908733
0.08370726630143704
0.12135464244694986
0.07163300036940144
0.10089098347268585
0.09895585896171712
0.06945425750481966
0.09174993906399724
0.1017703027938957
0.07690533505974084
0.0882589241832353
0.07431603793811603
0.11914649574239622
0.09209276396315635
0.11980465797663821
0.07794876299207569
0.1103864132646251
0.09184305122390814
0.08696518663883229
0.08340304964942047
0.07421422400077757
0.0964161965272243
0.10322277709404426
0.08292300683039265
0.0843549047254327
0.11171520923360996
0.08587595657115665
0.10846903786645988
0.10092864928906008
0.08552166543098286
0.0803306311015913
0.08234447999607446
0.11228189285460614
0.09621702949151745
0.08009213328848619
0.18462897301717043
0.0760279320144266
0.08902879587788322
0.09396273509367463
0.09963148757953212
0.09737072182374679
0.08532925248244903
0.11002360883317741
0.10246053908861981
0.0906036919348377
0.07388858275596098
0.09722715820337134
0.10189338425223946
0.06060257075636698
0.09253517238016891
0.11661330466584593
0.09555135922548777
0.07933193721639313
0.08806409232906277
0.1082453048020586
0.08959177260452397
0.07574749603213085
0.09470081545707092
0.08222629917772602
0.07642805670430013
0.09580883131139524
0.11153624163070429
0.07922142150162709
0.08836812049492569
0.12687445945705245
0.08476552181119361
0.10257614392953483
0.11503419908479291
0.07278502774060673
0.12424554882879887
0.0842878978978045
0.07718325789332105
0.09652460747994107
0.085192223048734
0.11671119180831636
0.08504184251246766
0.10989082033791986
0.10466749204753358
0.09093850617246603
0.08425038915322501
0.08693851584808858
0.11208954273479022
0.08812268010849389
0.10723090373738828
0.08172926119050933
0.10295867657839955
0.07338887454823403
0.08214993087113243
0.10548960582110585
0.07924586187288575
0.1627463902781104
0.08545915085668371
0.09050913471441537
0.0790825700350933
0.09413432032222839
0.07589756242480777
0.12053127209901981
0.08985920304221678
0.10387716960521293
0.0756566771204229
0.08457310886265978
0.09519559161044361
0.07108466273402873
0.08594246076904173
0.11198776021181069
0.11740422398098652
0.07645840297504032
0.08578111662150381
0.08437950216848608
0.09117646994146908
0.1089884428772449
0.07148541571108114
0.09395651505060366
0.08576921057946392
0.08878913573349717
0.07936055569739138
0.14276117199056804
0.09890100949100036
0.08478487305630329
0.08907224193630318
0.11354789152006135
0.08453893004012838
0.09645248011180496
0.08265158676911391
0.10766369936056387
0.08019608340223287
0.07880668913484447
0.08200350854409305
0.08617536682625475
0.09790206429093064
0.11844473037793955
0.06500764923933114
0.10654742152983719
0.12736285849555945
0.07951900972390642
0.0767782953921701
0.07968757917400153
0.10627223174548514
0.08660253927917931
0.089824113203276
0.08547950736127961
0.12227156475581603
0.087739676244245
0.10269671223916305
0.11002131558497448
0.0841016735779827
0.08148378938971859
0.09865249049739203
0.09307110134375862
0.08189321272983963
0.09655793811478097
0.08404993412880145
0.18150647998118405
0.067859162015064
0.10701518133451778
0.08522900926305778
0.0690086448231948
0.0875353572536713
0.07156624485664481
0.1129969779072552
0.08521942788357977
0.09639002836622369
0.14870731326590367
0.07078101154047314
0.087934256783546
0.06803307190617963
0.07908052810176192
0.14187538131141567
0.08282995749919964
0.09722517909875786
0.07978612601800979
0.10983270377387291
0.08023572832322058
0.1214250106109851
0.08620078104264069
0.07469043426801418
0.09927612835115422
0.09604506729065636
0.08868063053770356
0.08810555928286924
0.10438504554626539
0.09043908069396958
0.10366663057156823
0.08902939275070315
0.11109841971009761
0.0855285765899506
0.08263556544605233
0.0903483246109795
0.08561110211089727
0.11661924197968641
0.07829472932712925
0.0910887610512966
0.07002408256171029
0.10074377578667287
0.07991960562916411
0.10169607066371032
0.095881712624146
0.10208193323462314
0.1166424257765873
0.07977277491545846
0.09815680332760995
0.07830798618660374
0.09174183415938961
0.09892695775148835
0.057263727030331224
0.09763884337733637
0.10138984349272132
0.09961015722980894
0.09411748222583424
0.08513429497084073
0.09698932009180407
0.0835229268431519
0.08291003270014866
0.11113058801365658
0.07196633813215939
0.09197320091301436
0.13457474712147874
0.08273119075467877
0.10869189132881073
0.09488550047330443
0.10110032876069067
0.07998636114192074
0.09130460911160287
0.10046506759411906
0.08593319353315317
0.0911727944614726
0.08567474760211842
0.0948961813553455
0.09534195110876509
0.08849195589788411
0.08130852868116835
0.06836166610073699
0.08754032072238449
0.14229259541255487
0.06485852527742256
0.10141968713371839
0.12202317141964347
0.08226277124846035
0.07368793924538375
0.10267123519405921
0.08815575942846224
0.0980945714825413
0.10545636942934278
0.11474600375583793
0.08933671942425522
0.08224379697565799
0.09958310946675791
0.10142411655832954
0.09176621170193039
0.12164742427231072
0.07996402553271134
0.09497506281065463
0.09628683219709168
0.09439072431993174
0.08036895661950334
0.12216387633335497
0.08602696539460189
0.09489715520047277
0.10559192238818742
0.12187197411004456
0.08629075176665715
0.09471099370936886
0.07308151646032301
0.10853717561101006
0.08093394386511654
0.08056853204187647
0.0884393996753703
0.14170646630337216
0.07535607311968491
0.09443250541732766
0.12037328928788894
0.0714018535162893
0.10824769229333836
0.07247484236039074
0.11929986064276228
0.14214790087525744
0.09007106147893713
0.07639987802432709
0.07709102533546058
0.10928153884619521
0.0696945459363846
0.08956899719428936
0.15352542774026745
0.07936793807174329
0.0639869967172309
0.09127482829932368
0.10528604077514679
0.09145665460889327
0.11551716343920256
0.09447620279061918
0.06662451487983521
0.08720732851757494
0.10659325507953692
0.11291624300476835
0.09874189576294749
0.09178499748857907
0.09246175702331608
0.08441597423922041
0.08886663495701275
0.06252943329093337
0.10013989756468664
0.11120482014384195
0.12456236263875212
0.0927412505748435
0.07695566086276961
0.0836618411384036
0.0905458266856623
0.09240646775157411
0.08097764123840806
0.140993140454824
0.08781378271699461
0.07290892597228305
0.09521930945144655
0.09991211204798153
0.08520953236051232
0.11695974221628365
0.07705357941959899
0.07671600071838355
0.09852708437648638
0.07308943287877698
0.08371731889629923
0.14075998308273943
0.0904414367708904
0.09272497793691035
0.10258883533054833
0.08547620885359046
0.1017637057785174
0.08042760722765235
0.09544963953122614
0.09082610559616333
0.10301641617013917
0.08377414747162945
0.11829042304680516
0.07634791867463323
0.08854573728039675
0.09924917483118002
0.07851318477922789
0.10033023716553015
0.10335660226314697
0.088836602829862
0.0785246824346015
0.12295611505157122
0.07418654795054765
0.0818432638991182
0.101527626871051
0.08969101056442902
0.08559178228014654
0.1181425870736133
0.09467342213607148
0.0720084019587858
0.09370579705186922
0.1133385148176976
0.07585465041048986
0.1466334629458369
0.0792354008913573
0.09841245338069865
0.10086390429527588
0.0909160763201798
0.08555741497146147
0.0962367891232934
0.11144058490771891
0.10299477167682654
0.08055618619881136
0.10640982663766116
0.12452915766134799
0.07949727098751697
0.1011447486642379
0.0724784235973104
0.09419319083089
0.08620577592571284
0.10210291802639793
0.08327679534082333
0.09836379253869393
0.07391544203285835
0.12689340231549584
0.10209572413819969
0.10983081891233626
0.09000700760104971
0.1164490389829262
0.08303967975951178
0.11016773791201384
0.11258824568303094
0.09874010514448768
0.0768769364792552
0.07815361602675146
0.08689177128197946
0.07044943298181608
0.09675836172484559
0.13864934654834887
0.09240857251362339
0.10837733935270148
0.06763150215579468
0.09897005825195994
0.10280861018572263
0.0736350688792805
0.09212596894056048
0.11061068037312845
0.0719447878819236
0.09837042096843118
0.07458962559016193
0.10756659757706705
0.07645899984786025
0.08391739694841545
0.07973397818216225
0.1414638846236043
0.07963948379045781
0.088658389171571
0.11812622019260333
0.07127449970512911
0.07812370955703649
0.06986898987160228
0.09988390195364956
0.11284179097407036
0.07289079988717219
0.11727247215957413
0.1130638590774476
0.08936948460063412
0.09290438534084124
0.13993482211634956
0.08033515476927929
0.08493726411154208
0.11891340119902953
0.06780830216793318
0.08722080527756204
0.09931737540444809
0.12608008456242797
0.07146901741571221
0.09954877357243179
0.0830323916282367
0.11361351611589598
0.06624942743404029
0.06066948334091833
0.09343145545520867
0.1520840741231852
0.0945771999546251
0.08552719435815706
0.09796256834625736
0.07971786261602383
0.16500847543697136
0.07734783771983023
0.08245772876006865
0.07808331069143412
0.08315343115324908
0.19153934662594235
0.10658524441800613
0.09008755401738289
0.08603249432177608
0.08997590738569484
0.10307833387161837
0.08282025046228585
0.0925431830416997
0.08218470656648376
0.07997926149679933
0.08783731207184388
0.09238827883774536
0.07628204276392703
0.08647653628545374
0.1269749225769563
0.0757117150772933
0.09024600804389792
0.184326923955921
0.10512105256197134
0.1038772952626487
0.06491431717890764
0.08352327240110029
0.08683685898254483
0.08093058252870951
0.09598255271635721
0.1004860838002528
0.08509386469087941
0.0858459244440059
0.08382745763875793
0.08939329668471391
0.08677327632004157
0.08792681158047619
0.08546788404847022
0.10240487284457052
0.08553734119609606
0.08075384534528889
0.07559567043535306
0.12245059518743959
0.10531880595152569
0.08085870647544495
0.08401456156063017
0.09439449404300507
0.09580892555447207
0.10689769163206611
0.0699827412653396
0.15997865959768195
0.08161425322241425
0.096002972049671
0.07616348497327124
0.0971861310505901
0.07668235593995422
0.10101510160487479
0.07550670497082282
0.08620461359443189
0.0960248050291373
0.1708725624067445
0.07125043630617779
0.10881421884253983
0.06420337882163923
0.13511080174250423
0.08208628537991128
0.09606586359627749
0.10194399278449873
0.072241213772922
0.0790726430976669
0.12601844959017927
0.08564009756420286
0.07562950369993607
0.08488363980082417
0.13588372062996973
0.08229971453457884
0.13229202272879131
0.07101250395153368
0.10132007220150602
0.08869099727615518
0.08985873182683261
0.07791251082185398
0.0875598290392889
0.07225748641085514
0.15279592349686297
0.08648696585262325
0.07860818180067546
0.10774063312561845
0.09577276762732718
0.08062878478233164
0.10402208404302297
0.07706297231292333
0.08342962619708734
0.08608812915146644
0.09610660801982825
0.11543325568646233
0.08038972151076552
0.09248852205713662
0.08563444297959288
0.08189230171343023
0.08679668001745508
0.10272906902887567
0.07955626715361436
0.11344745981451643
0.08055703438650286
0.09751840072514394
0.08659638206482623
0.13736302279265672
0.07731950196806246
0.08740049541072342
0.0733857331123396
0.0741619819218532
0.10359962374394005
0.09452319867159985
0.10839065904089386
0.09968885019896441
0.09847990000935206
0.0741366619485441
0.09475805241906743
0.07643069551045145
0.12925972031733404
0.06280314660041504
0.06594872919022547
0.1050667057209977
0.17559910402478568
0.08094006966511068
0.08337034730175945
0.09442110200503089
0.15393227510295507
0.08508670221704011
0.06986556570647737
0.09077292108647063
0.12597462655945196
0.07230734099849974
0.10717677679692725
0.08394877989300081
0.0774107292664367
0.1387798417954035
0.07660429125797763
0.08782669401852071
0.07159257008944013
0.10149272551826388
0.08429160479215993
0.12801382684160317
0.09159845902516783
0.0874991993265264
0.07935574930047291
0.09377437459744463
0.10964823865815199
0.08581928506762114
0.08753705362905428
0.08234765284632783
0.12252467024583023
0.09650453370457567
0.10407847281732799
0.08617329347856442
0.12521414775812842
0.0742826130601993
0.06441473462861647
0.08190800889290238
0.06895118796068568
0.1236834831185675
0.15029311010541183
0.07393303407386716
0.1349406615744619
0.08108401025779345
0.0856809676451894
0.10760404349292864
0.08558901781655943
0.0775873722067805
0.07079759832199574
0.08999946815490308
0.1143610522013345
0.104597877828113
0.07195926990139692
0.1493446477801656
0.08930715851248863
0.08463402130465278
0.09102122017956636
0.08857441859011289
0.0774234834961681
0.07966741115555928
0.07445476374721406
0.09452118815262742
0.11812917314234408
0.07475844635512859
0.107028029807326
0.07966081414018099
0.10478919127408377
0.08828839085192505
0.10179185304413149
0.09843023390786113
0.08644505909779154
0.08756033166903202
0.06865114941840869
0.11990819970371862
0.08759708646899685
0.11650275753672096
0.09033956000483404
0.15470487984683112
0.07530134930640393
0.08195814620977748
0.07467526113264408
0.08152896323788049
0.2005288481670837
0.06259955014009705
0.0975130602841234
0.07241908187326461
0.11203591842407229
0.08896621847486617
0.09960365445750748
0.08915074641930498
0.07954382706747241
0.08536399676344143
0.10294406890149045
0.06633374357344679
0.09335995637425144
0.13546248549088563
0.16749941420074158
0.07346649942918539
0.07689858097256783
0.08054091882036443
0.0861739845944612
0.11069898613612086
0.09401538555926528
0.09446021288191654
0.07447942401898533
0.12365913699038567
0.06252509810939906
0.08427734267319922
0.17011406271003443
0.07866020397908721
0.07198719726649841
0.10423375399358965
0.09095587831296222
0.10621901582143349
0.16223279692373005
0.06196033076429847
0.08778899678778755
0.06634919943804739
0.08529563911837863
0.0963167700811656
0.07971242793192647
0.07156552232638909
0.08216142852650604
0.1261005353101007
0.09555770492599452
0.08799344143579704
0.10572298309370304
0.08592505721418658
0.10141277597475065
0.07530957986844734
0.09847798373345645
0.145699482640064
0.06904514830828808
0.10343325329897105
0.09639992388929115
0.08624083435029467
0.1287376765003977
0.0697871554665524
0.06762729263169615
0.07368241031820955
0.09234517833727379
0.09303095379302781
0.09372467708159475
0.1123195900853393
0.07153391948129113
0.09931093546086452
0.08797245664402226
0.11011866868334286
0.08146431248717312
0.10140548784347557
0.08892327504618931
0.11483057121011597
0.057905113996896955
0.08513536305904483
0.09506211199928928
0.08393486333198849
0.11468298655179567
0.09371704339237127
0.08141505477234846
0.11657425661767817
0.08865625299516279
0.14918270675980772
0.0874818900147481
0.08442737765151719
0.08507253434115623
0.11064869174745105
0.1111613112567041
0.07258136845157086
0.11634414643841119
0.07304545277625496
0.09202305550065897
0.08005047784852605
0.08662207901044267
0.09583396279855068
0.10277333186062819
0.10288127159796079
0.07570373583012145
0.08392179495866765
0.14613230967759852
0.06439742531683816
0.11320534935013273
0.07939787595581721
0.08520774174205249
0.09273810913894907
0.08437105170593007
0.08124117629559177
0.12496443501888019
0.08318211246296522
0.11625737997900704
0.08238949677244164
0.10914868752221978
0.09012421457427088
0.19499483186673827
0.07948187795163426
0.07459735352246223
0.08266236189423182
0.07728346969835335
0.12408492721151668
0.10588775140636587
0.0628086441132303
0.1068445699510913
0.07836588285013808
0.07759814733189839
0.1928862372656791
0.06507723204439277
0.07357971677882064
0.0763114466038989
0.11130185909862089
0.08928893818430095
0.07660686723541107
0.12772434352393147
0.07969310810117572
0.1046169463439922
0.07364000093363475
0.06927214846601958
0.08233891965454132
0.10246346062400163
0.08627055233385597
0.13172351707497637
0.07588794963097081
0.11613156547143513
0.07257332637568112
0.11021699562683851
0.07973171634831827
0.09842335416325232
0.07284986697746777
0.09337682588500454
0.09092364718068537
0.06744329873135939
0.08661105257045322
0.13062470562782272
0.07683578366903816
0.10580594841567492
0.0645007785577649
0.08766063771714115
0.1650751681210101
0.1012629608969453
0.08670658363600282
0.06742112019394471
0.07523864624595113
0.11298852744469919
0.09270440153180184
0.07052017811815864
0.09133404436593368
0.07344865607330503
0.11262713665940398
0.09266287174927748
0.07943755229116387
0.09230773242141219
0.12440384578351919
0.07552417135439585
0.0711851258539326
0.17133111780425442
0.08298024379238916
0.09252822980684222
0.081406290166203
0.09337855367474647
0.07932565434460427
0.10884004144559205
0.08948078567437377
0.09221546844919279
0.07823284304000898
0.09064817466710283
0.08169646459977148
0.12414128457146276
0.08191052204161793
0.08616889546831223
0.08845608069996971
0.09949800796837781
0.09019049887164335
0.08835932447442128
0.1910838070068911
0.07090688887676294
0.08123668404226274
0.10290712561537195
0.07370264116536968
0.0973315795325022
0.07294546087173527
0.10647708478016091
0.10498012774774722
0.09174491276656616
0.08405687670212814
0.12836108116537345
0.09124683810550431
0.09824275301368154
0.08759331674592352
0.08876321888736811
0.08540885646801388
0.10189907025120838
0.07647235095041159
0.09644453227899205
0.0692056442681345
0.1515927849636553
0.07432395435657001
0.10486329774683338
0.07523867766031006
0.13335144056982884
0.07743928491871707
0.12140525097920912
0.08912178238035834
0.09488776230714843
0.08038434965538606
0.08144417588308983
0.07793786220952202
0.12766553584398774
0.06533256795389202
0.11751298049165168
0.07391318019901436
0.0877240004791318
0.18401981718288155
0.06277289457275168
0.09729184036843766
0.07622713046449239
0.1220199985693901
0.09927414924654074
0.06280242407015932
0.07980613696465731
0.12632429978886095
0.09163920344871859
0.12938399552131769
0.08322361083113064
0.08458400964521345
0.10191509157426996
0.07107237971968151
0.09000857831899692
0.0726604698073926
0.09580713493601226
0.11414843981999949
0.0777746646148064
0.07482284579096439
0.09377858412154316
0.15299675549359387
0.07444178961697007
0.08789143901230491
0.07542132074321221
0.12692820942520613
0.08875348043609539
0.07989953185379871
0.07216346323453486
0.11781791967392398
0.0872857387574999
0.10210433167255042
0.07002568469401645
0.09656874465425781
0.0802160943488804
0.1452812946937975
0.10104742698022846
0.05876263175299945
0.09083842002486948
0.07908024537253142
0.1379740949028412
0.05838663329079515
0.08554610580224152
0.08634654366814223
0.07487574757142659
0.11668470950372632
0.08001768125778821
0.11744079029479769
0.08243778064213902
0.09460409064588142
0.07291963826868306
0.10054561401045224
0.08005892831108208
0.10226492187547367
0.07871470789185557
0.1658972818945824
0.07770860021794654
0.07769053696155356
0.08468283921845221
0.10630942634647518
0.08009115944335893
0.10624521539679305
0.06927098613473863
0.09863618644509993
0.05914855715263015
0.11451912925554221
0.08551918369662626
0.13479483612024248
0.08366790410967984
0.10366238963311077
0.07876669865590838
0.08734919576256739
0.07553387839130964
0.10886350797172344
0.07916163997655609
0.11257910410457815
0.08186302353089416
0.09464455234020168
0.1684865790162072
0.08275559971157849
0.09152303314934257
0.07052438764225717
0.07170877180317509
0.12803189009799615
0.07928588376618079
0.07939781312709933
0.12363557622117745
0.08148036522459366
0.07716396947692925
0.08660008895918166
0.07517368135165431
0.14165959607982728
0.09450130286341568
0.095528112599869
0.07328655798115245
0.09174915370502364
0.10726103010761585
0.06808195264869696
0.07071246540925669
0.09823882621881351
0.09411204754173688
0.06880712171056713
0.10116733558831885
0.12985813244086397
0.0822916096299712
0.06744260761546261
0.12223411883995443
0.07120124142007102
0.08810053298543816
0.08793265465123982
0.07588578204020366
0.14687315450458188
0.08546841809257227
0.12096284256219658
0.09728452082280363
0.11357500211183028
0.07677628487319767
0.08053165158447587
0.08393090512276151
0.08820319511046812
0.12079788576338008
0.12624255962688788
0.08815158131872264
0.0689482978396628
0.07156407726587766
0.10235090297590421
0.06786032434634494
0.19166984187299696
0.06906732684570276
0.08623775574311812
0.13395154906874174
0.062470185809964426
0.10428565051456563
0.0794833230121457
0.13103485149819946
0.07862363766527605
0.07671870235325277
0.10052337264431968
0.09535822374669824
0.11156969792297997
0.07499119534054689
0.09056985867025469
0.11931346306018517
0.07771397207332602
0.06984178503675653
0.13546879977703344
0.06452641267466344
0.1009894360736173
0.08471249437329563
0.07622266962552231
0.08416839767638039
0.08059517141826124
0.11009890905156688
0.07123372386721942
0.08559027439091721
0.13830736983688124
0.09345705815774827
0.1666205660949159
0.06625291442788311
0.12679532668687177
0.08255316558254143
0.07942872485630051
0.07722230594148881
0.07312285775669372
0.12166730956152245
0.07656163055853128
0.07897730051827095
0.10884560178712518
0.088978721389726
0.0798108805328579
0.10874956809183246
0.071074924282756
0.1583988943150911
0.07170553612420383
0.08326749669057582
0.09857722169336149
0.17358462684312365
0.0670967355234859
0.07851799117614637
0.09753982531794395
0.08703712552081473
0.10152665302592373
0.09533896674466538
0.0689646018919549
0.084633330188756
0.08708657172179306
0.06241653008488757
0.07218052123144161
0.1042659851258665
0.17167136672598013
0.059251659078685334
0.090739433379836
0.1126623207414216
0.0943218326307669
0.10519572449318194
0.0780867034422001
0.09724663510591681
0.06875239789728617
0.10522346337212975
0.0752974853402538
0.15195122279920975
0.07769669417590665
0.08670875122676998
0.08858349733984779
0.08206307016865144
0.11711015416690895
0.06498763829268363
0.1396638104417371
0.06430114030667389
0.09233408906856645
0.07674015836041173
0.11874979521764763
0.11211721878502014
0.16028956750815368
0.06794181319344644
0.06463215340686995
0.07625235619472467
0.12207393702369745
0.07179984202975462
0.078336039209141
0.09037854522428392
0.1852679096637385
0.0822823109797237
0.09050702995236609
0.06509102294796931
0.16337228996571657
0.0671168092988513
0.09840227512840069
0.0807303788191575
0.11933155773093708
0.06307123673964568
0.08871892464125666
0.08787626587693481
0.06654842930247212
0.09567930990946791
0.11366337070354059
0.10100680821411348
0.08517723839951757
0.07659665756875417
0.09392843061370747
0.07841215620086303
0.12749483021748442
0.08462839813440175
0.15183872797983022
0.06095397177551789
0.08074834783247363
0.07045621848334804
0.136875597599277
0.0682745226690255
0.08279335977102953
0.10592975240427441
0.06113532686970332
0.09212263901851239
0.13002550814531919
0.0686745531158222
0.08460530858057769
0.08219469633262805
0.0647208361421697
0.07077315795073708
0.1496373981911675
0.08141445789952853
0.0847738152019549
0.0732631856980979
0.08789077931076708
0.09130674528801108
0.05831538552470948
0.07081361964505732
0.21798269741089452
0.07808488140938134
0.07824745071691808
0.09492995179121062
0.06807648655024065
0.1639524817610588
0.06726850923819332
0.061398610612015486
0.08374364412909455
0.09829194789978832
0.09896022555761037
0.09446244330140158
0.08998809615696524
0.09243404955872721
0.11496571578229435
0.0705919913427053
0.06993929520691963
0.20499207462845373
0.06519811449761043
0.12029139205412116
0.07011986494213145
0.06984348141213952
0.0856453751765055
0.09379658454921824
0.15876663080089307
0.0787927411594732
0.08565486231290668
0.07189788624401977
0.1047725416638433
0.06121703561731744
0.08418815730815636
0.07960140958741732
0.10607749413438944
0.09738049168937846
0.08534294914294875
0.0671000026168161
0.0921768287876913
0.0895415096302131
0.06267148902207949
0.0947791000395601
0.19700051302789592
0.06321489460309795
0.10996241366195392
0.05619717812981337
0.10355077441578167
0.08268906409933446
0.09407821427715388
0.07791285637980236
0.08726827237392687
0.07897799163416773
0.10179326669028398
0.0948432795748833
0.09077037652339615
0.06167471141277692
0.11449732769043486
0.08978817517664373
0.09160386229490625
0.09603124497272086
0.09461395475458993
0.08844935802715564
0.11245856720930889
0.07911891644839185
0.08897856431793127
0.10348716033891947
0.07210836244894656
0.08228052036126388
0.11471992983791415
0.08618077009599318
0.0747639124535849
0.19727950394968022
0.08648850515621151
0.06892473707045459
0.10355510959731598
0.12348971935259907
0.06774226918543227
0.11674408264213104
0.07976061755854702
0.0830507690282191
0.07508069484917919
0.09229400434655353
0.0965556134522191
0.09587244538825744
0.0891253007885601
0.16168150633861658
0.08665512691605207
0.05317624771629391
0.07295202647275463
0.17296102040372038
0.07597540720627174
0.09360539676068325
0.0847272905363584
0.11873666401560891
0.0744941573533302
0.08215655930086967
0.07353036482091915
0.0791081727376329
0.1252650704339771
0.06922640915939668
0.08833925069905588
0.13199264388805218
0.07384592205651462
0.08265152394039603
0.06559443805005168
0.13480014514690405
0.08001950329060697
0.09590238327233136
0.060657671541955276
0.11276278386132546
0.07733018285010353
0.10034544171525918
0.11018734047199509
0.07295592185326372
0.08736873549383074
0.12498048775630072
0.09073095150292104
0.12906912940161896
0.0740110045127669
0.08268796459677141
0.07075540883793355
0.08971721013978856
0.08169423418028644
0.08406758899852815
0.08732915340156092
0.13046543482797512
0.07287556392308421
0.07705568418164825
0.07729829727577507
0.16707104800217715
0.0787104041246802
0.10964729622738366
0.07385867628624601
0.08290962431348238
0.07412258831573705
0.2199734567515536
0.09153704395343173
0.07492541367291752
0.06955980975087252
0.07552574207234306
0.06667600301414492
0.14707373518644123
0.07730875825730352
0.11804268941217043
0.08112032525673306
0.07979058685697987
0.11722136099757176
0.09160819747644057
0.053422222146827764
0.10733278050344464
0.09086534213048475
0.08358258271078713
0.1029877976891409
0.0816168291998477
0.1301249345913779
0.07053359204942786
0.08085386866416752
0.08624388154311227
0.0786177945945124
0.07140191634500719
0.12079948789568623
0.07544447312575416
0.22932629676824468
0.05769042826787162
0.0938383970609731
0.08525574288251937
0.08074181364581322
0.0823591190873425
0.07358157022599836
0.08674563168417058
0.06821417568549351
0.11393959716173781
0.07290383684613407
0.10536328868379083
0.07556805721384102
0.07358053355215319
0.08876777396941504
0.10018488292669488
0.08759758909873995
0.08094632112254059
0.15373449029904176
0.06680750352068575
0.08647754154493996
0.11206915481583536
0.07365347769362185
0.09485226408154138
0.07742756736283085
0.08684389579894836
0.09660295489114815
0.0760411888739011
0.1243253413005174
0.06704361384251109
0.1084618125639027
0.07953924057106655
0.14360068931899544
0.094704145379119
0.07021329124563179
0.10436085648987828
0.07137222977580483
0.0944358667537347
0.08253560495589157
0.11838651957081577
0.06671420287462118
0.07720939463996271
0.1489801469733349
0.07680182474701938
0.10287172163284172
0.07807888126682298
0.11595416858647668
0.0688541175915478
0.14820066248485003
0.0918043801480477
0.06632526169653183
0.062273186365024734
0.09416834207296507
0.07780733554810847
0.0744250771780117
0.13783200775733614
0.07593111296016028
0.09700342513897006
0.09506723253979721
0.08267615279780836
0.11577218520511236
0.0715150394515656
0.14329725802595247
0.07032616303731866
0.0800179639870187
0.11215032951934743
0.10412936407881775
0.06566744502023823
0.07351120206196313
0.10188088133737963
0.08477884149938598
0.09957666952317433
0.08934991345501182
0.07609811169230817
0.08247651454671734
0.10620736109426517
0.07328806587038178
0.18814530787124145
0.08815010484385226
0.10340246722720564
0.07280155169341143
0.0934163765629154
0.08675782045544098
0.12407289551204101
0.09256294267347566
0.08827350044578545
0.108514086057186
0.10668599026714048
0.08097446838815468
0.13765797220878473
0.09548494927067953
0.07698757785145702
0.07488422944834155
0.10495110088008269
0.09135845332283339
0.07443311925390143
0.06555542141624286
0.12130726959366187
0.09028489902027097
0.09131205431467267
0.07682742744955899
0.08995954050468487
0.10099722683463547
0.08667033146578111
0.19109813195456968
0.07319225207560168
0.08650502910901621
0.07165307414476685
0.10156045487614779
0.0866866355180732
0.06086978129354717
0.08251072478360769
0.11671131746575214
0.09550734770860682
0.08730618950517265
0.07805412675197487
0.09996253209408713
0.09891263280380976
0.08773565520630014
0.10418170040081895
0.07979184343133765
0.12025542261312994
0.09458147230744153
0.07765189730005208
0.11756280366493733
0.07698101225043766
0.09496510445886928
0.08186010199551233
0.07650693815960925
0.11668037432219201
0.08092298025384498
0.09656990698553874
0.08590765365933145
0.09452935588595293
0.08618900065803657
0.08737935354715391
0.10078982923688522
0.08914952125930616
0.08290239901092519
0.15368231104883529
0.08703423539979185
0.09271206663538425
0.0938199568322728
0.07223373715549325
0.10299659370964531
0.10667452402612582
0.06981542838960227
0.077406613985415
0.10282485140929684
0.061744325632197485
0.13567779950708986
0.07830478192199142
0.1918156044984985
0.06172459741478046
0.10708790557547383
0.08423402227221503
0.08412093058001556
0.0874669996086085
0.08992171761651593
0.10132151726201746
0.06762462241118587
0.09782302576382679
0.07548129075443688
0.07769911308154537
0.08909486027474307
0.16380555680427633
0.0896483812793416
0.11441272882179787
0.08807565281315427
0.07137888961990102
0.08868700765256925
0.09650585310765132
0.07968902423451296
0.07729383643680497
0.11084374350213619
0.08452887744526622
0.1614033321901648
0.08724493150523126
0.0656119672623426
0.0932246861446373
0.09754513434460553
0.07980786475439924
0.0886931334525634
0.06916599934714679
0.09245663648280816
0.0980590418425753
0.10920727530165088
0.10445296339030295
0.0639537289111089
0.09324746155487192
0.09408584796637734
0.07938728931685299
0.09005328095177466
0.09286197595626644
0.10258955786080404
0.10862004668990513
0.11184592438117719
0.06757332276302984
0.0969590680641407
0.08606679880174326
0.07818792050671863
0.09241925339566445
0.12298419948846742
0.07299537828809775
0.08899380028201927
0.08531439349066838
0.10383783882781467
0.10908067543510537
0.09465975688993071
0.0897574519335962
0.08699518735162409
0.15728377881564537
0.07359357051111508
0.1017144166493338
0.08947908929899077
0.08360567226461119
0.09932004562495836
0.0764667591945195
0.1497952553448626
0.0771532257661703
0.08832775304368226
0.10057530057965461
0.08590438656600125
0.09107515863387372
0.12603553900144496
0.06465788176684532
0.11184337981810269
0.08109541367009024
0.07109327026837947
0.08130017246168916
0.12402856985157061
0.07310203003671364
0.10458116538915464
0.07267199887712515
0.09560916164594528
0.08712492865406404
0.14378713353932984
0.06911639607437374
0.07508421325738095
0.08358713779283405
0.09035536142738303
0.10927277424004975
0.10112649692169126
0.08193395715339037
0.12678411176072865
0.07008081689396368
0.1196865085726487
0.09161397771848631
0.14772473494684393
0.07337791093696247
0.1066104073195205
0.10374881053456653
0.0738331364124243
0.08474730148300591
0.1056777150024643
0.08362420673638832
0.0827938309864137
0.08558647325348494
0.11186568401295315
0.07303106499985848
0.09302149807098559
0.10676015956860797
0.08823272460787576
0.06671011900795842
0.19899947151623948
0.09211381158364904
0.11719192574324096
0.06648387279484158
0.12711295727015756
0.055014019128894275
0.0536993910357933
0.10029341953684742
0.08757189215312351
0.08875024475712412
0.11004911729264018
0.07846097411466248
0.1142368712404277
0.0779413806177238
0.07124814305797485
0.08027392818369684
0.11013374757563611
0.12319071748416724
0.09346497457620223
0.06795412762215261
0.09306060894787123
0.10715651453540817
0.08449523266683687
0.10251252985267263
0.07967328564068187
0.0790676796289537
0.12443475751272039
0.07906199362998478
0.09017824727165508
0.06978954295783216
0.0878322857744128
0.11310664543432974
0.09273138646613499
0.06549457180296776
0.07521612215058807
0.1694231667137725
0.1514955575227227
0.06633487449036878
0.075025531234873
0.09758129227175041
0.15062877253073165
0.07904524977666746
0.09646146461846303
0.06963759170361859
0.08213271580243095
0.0795021087987944
0.09135471501411903
0.21946394726383603
0.0701887566312963
0.06785492107660653
0.07228161263852437
0.1101878431017382
0.08797280220197064
0.15627478102071346
0.08023048212527688
0.0859346385936646
0.10367344748745916
0.08173073766537972
0.08147420801024058
0.07347972487430093
0.09424939111904135
0.07397685710459445
0.07926204026774207
0.07343065564562995
0.15308914512324906
0.08690992878144926
0.07092894175674185
0.1115916251455231
0.08391318742431692
0.07054571799198035
0.06929536367727941
0.1337672724391745
0.0709294758008439
0.0643429214040698
0.10900933342594286
0.07852603325203611
0.07865634001293706
0.06574890245298079
0.11834081167855182
0.07402086862147542
0.17221106541264317
0.10561215323534755
0.06480213650311754
0.12085813850383524
0.10706186307190901
0.08979810211407012
0.10676656809783261
0.060169115431653555
0.09514278407305823
0.10676289261783613
0.0784139782336818
0.10110224503658626
0.06962785325234586
0.08266939871063533
0.1075006902520019
0.06325347143588154
0.0893335151596429
0.12080592783926981
0.07503530110050469
0.08087318849491827
0.07535368562840514
0.09208553866059917
0.12876774004190739
0.07642381576584265
0.07743601782538687
0.10514671809322883
0.10357386396960573
0.10976403198522068
0.0592975868714619
0.11484090653420866
0.1041255001126676
0.0709757177372099
0.10039639580546683
0.09151266641089095
0.08984889913248305
0.08683670191075012
0.10871928464981016
0.07421742826538989
0.09260528922933257
0.0991355490948785
0.10777097939635864
0.07863950191654291
0.08820156156380302
0.06647382019997941
0.09431429318462027
0.10969912991964176
0.08602372971563063
0.15135032894132322
0.07968647967143848
0.08012584089563343
0.08252671469231034
0.1515683760067556
0.0824530794349449
0.10204813138439907
0.07907729242279066
0.11382587718235944
0.07031105273066644
0.09559995723877461
0.06790408454835435
0.07829538902866708
0.08359734745949095
0.10319745712073515
0.12021464677522024
0.07650222600576762
0.09086474525766482
0.09444868381218398
0.08163680873213626
0.09507737937773621
0.08850659498915216
0.07916628930167985
0.15492374368559605
0.08360240517128098
0.084179329873293
0.11417963427843118
0.08795756623788266
0.08323583101675996
0.10628112200906638
0.08217663307623507
0.0631380550811202
0.09770927437008949
0.09391479678192563
0.08444509534996177
0.11719230271554829
0.1183436389708568
0.06615018947413526
0.08218181644546088
0.10289798403691916
0.10453237888971414
0.08881310488937166
0.07213211170430846
0.12524408564220232
0.08248936301952556
0.0797653611267476
0.08162003346446
0.08388758472177732
0.08295369865908123
0.07635545812077986
0.07711043940928816
0.09679913756275528
0.15351590918950733
0.08639372803527656
0.06886973052794312
0.08957348944761839
0.09976845418452926
0.08933775609810038
0.07358631379419894
0.08320303442602212
0.09719433019827456
0.09669389946029189
0.0899778550759494
0.09229984741731717
0.09652837720301438
0.10277273498780824
0.07985014848153826
0.11458368576317274
0.08393652829301253
0.0956509427433412
0.0899389955139353
0.08378636765725879
0.09363052824783868
0.10059323817861181
0.07601552334264361
0.1155585361499322
0.08958583529068351
0.08523705133894752
0.07575393597571443
0.10417576308697847
0.08568241270570083
0.09132364621312311
0.09002541641539107
0.12444301948912273
0.0683211101633399
0.15841441300840958
0.0778657976701038
0.10397361168717192
0.0869868311321449
0.08232773614275715
0.07034274981884124
0.09561406228594059
0.10085919214143423
0.09658410627578157
0.08169395145105594
0.0837080830747696
0.09914842898204566
0.09730707633252564
0.10800975993869424
0.07842805186648885
0.11253138569334176
0.11162881974651313
0.08903975948915477
0.10762644193085592
0.08274004960390106
0.09041592831142763
0.07989419141277818
0.07818154339185295
0.11188255352370623
0.07163293754068356
0.08897416630767908
0.19505621552411545
0.08973197488849238
0.06617764562385257
0.08749520970294049
0.09230261188090427
0.0802957297488042
0.13445735166210387
0.07551619210722399
0.08529928318401617
0.08502641806222601
0.1068682563777353
0.09418225863397739
0.11334523749051169
0.07043155821157678
0.11080827669088808
0.08088534585182972
0.07663168457897707
0.08478641235989157
0.12097697902372152
0.11041346102767614
0.08056718122444187
0.13088415681834367
0.07039898152135154
0.11643546797986226
0.07870525216981333
0.08549150764639633
0.07085075141732948
0.08404107527957916
0.09698152933078588
0.07780007883119233
0.09471806194013133
0.08787478940206443
0.1916098090330544
0.07156740718792576
0.10926482640723684
0.09506333715928811
0.0787988355451084
0.07201474765929256
0.09082792762898209
0.13014909223340604
0.08810653312799652
0.08414716156973405
0.10197653806036501
0.06984282171060169
0.09287177723625706
0.06408510376021395
0.16986331329694104
0.09336831259373063
0.0792505740267274
0.08645121631214463
0.10174812425648103
0.08838316797286
0.2511824914457915
0.05870021142177713
0.07907393108638361
0.13175025069443796
0.07638288285613823
0.06566948695356961
0.09015870754039172
0.09509770446797317
0.0928944269890559
0.07813303962164295
0.08738975169996448
0.0867464170431442
0.08644471353984316
0.11494130682539462
0.07386332561136977
0.12537498927592322
0.09182304027726063
0.07571824926395372
0.08259331313327224
0.07730583672192169
0.1191395217547106
0.09558613492083912
0.08996472387391068
0.07911395297967865
0.07335328207955014
0.09455527273208197
0.07618754837222258
0.09423186190675044
0.08251597098155139
0.0880653174890616
0.13223374909294966
0.0745113095933138
0.08272924306442422
0.09216856681128895
0.0933656737875793
0.08076000255964197
0.08099683541172303
0.12523651478169676
0.0816032267824248
0.09078212549364131
0.09615856736952211
0.1008334323670999
0.06368435078316154
0.14032278944931162
0.08382585550645177
0.11236715142478097
0.07430812151966207
0.08564044312215124
0.1351942382798603
0.06562396754745932
0.08182290739452229
0.1269970382856531
0.09339689966036994
0.12318094761853557
0.0669407946456864
0.06573341517402126
0.07225528740572905
0.11901625181021316
0.09349129980899755
0.08057538037212633
0.07466005658291504
0.12029478480488714
0.07232923680668392
0.07612129548920905
0.09731841691610453
0.12193819557869914
0.0851905895020689
0.06124691067267347
0.10899111309775517
0.09442254706554232
0.07518244595779977
0.09527305941960024
0.08721348573192801
0.08197052346720154
0.1058719499838169
0.08715684564275145
0.07653037327138171
0.11866657858080419
0.08115488105157179
0.10056496525556194
0.07918435255807282
0.11992268172319194
0.07979200050313237
0.09700113189076712
0.08545594659207138
0.09692042840263922
0.0821613971121471
0.0815503878306805
0.14311624848971544
0.08560664127192719
0.16740715022852218
0.08626474067745128
0.06026841622027648
0.08245782300314548
0.10195555326859022
0.08988555968937105
0.12300414760639705
0.08733458808565829
0.08927213150226575
0.09697009450413016
0.10936651468713952
0.07237170901997661
0.06602110787323313
0.09849799468010396
0.14360593551693915
0.07755068023553355
0.16863143062529937
0.06625209765455056
0.08037844375590453
0.07955965990438034
0.10483119227199231
0.10387088673342407
0.07988900804355237
0.08527996335326543
0.0862109278805797
0.08537863585470946
0.08418919398200152
0.08426904928243792
0.18094259223813391
0.08435942839312068
0.09856336796106706
0.07269427165761666
0.11390991059253544
0.06636440398777642
0.10719983493639236
0.07526374631874762
0.08692686112092024
0.08472571981841118
0.17987745698376856
0.09239720051568555
0.07695666612225582
0.0795679218807827
0.12385739300968313
0.07776963831737531
0.07097087992593248
0.09165569598716435
0.1256419799125908
0.08184059367860792
0.06182845328545031
0.11151924646251543
0.1570252386415338
0.06317930213441406
0.06539759567690671
0.11155282841222688
0.07841265883060615
0.07723600260198853
0.07292893691893057
0.10249713681678992
0.10307858518648993
0.07863277924372884
0.15804199578312494
0.06909173580260247
0.09614003289774498
0.08921580555667862
0.09841798230787284
0.08113600102184627
0.08253708143076195
0.07786796526087096
0.13070855055184505
0.0766890786127683
0.08733741537796327
0.07284540613849767
0.10410281894550981
0.06916932926919489
0.09435764499996341
0.10447718386104901
0.07883065829071897
0.0908661589038173
0.08647345767827719
0.08761763145974641
0.09910382059234475
0.10468498984546554
0.08716934855761128
0.15240421785518654
0.08460961234775306
0.08720384152373212
0.07191007501529015
0.10802867138277872
0.12708377333069829
0.07589530059096378
0.093360207689123
0.06199168229452488
0.07535736110840162
0.12583923067240205
0.11534469860859836
0.07034048798499726
0.12133164713620263
0.07517738824600974
0.09480947772465924
0.09973722831173863
0.14931838537608816
0.07877967278615237
0.0767631222568
0.10317992790844423
0.12339902609832688
0.08777655670164561
0.08260082116505993
0.07599742867189169
0.13364535331211166
0.08638681687630882
0.07526318086028662
0.0793734669989175
0.13497480898263436
0.0941604256545111
0.11083413070829924
0.08205411707635232
0.06875591630548793
0.11355222670159566
0.0897753267038355
0.10002488959659157
0.07480735851200486
0.09745387563187234
0.06548690669938535
0.09975544863992633
0.1147671142050485
0.08976684482692054
0.08616179582319082
0.08530917870708363
0.08322449043318107
0.11298827612982763
0.06647708729330962
0.11117792945258563
0.08218819356032658
0.07740262436182908
0.08571784810258999
0.15217498727797
0.07013494383442472
0.09504935776955789
0.08445495945867028
0.12675357700383477
0.08291483909706714
0.1113839134041834
0.09466927544069084
0.08361239493742527
0.09527645217036623
0.07468471685468632
0.11385936488899406
0.06876251332086623
0.08578353552714252
0.08742650649992931
0.11536175660550511
0.10317738334536974
0.07137835557579897
0.09738674314680838
0.1050330923569273
0.0751057320932578
0.10570086738500625
0.10011627396676052
0.08126436009249267
0.07458365686196251
0.11584406125837692
0.10136659686710253
0.08266449807064002
0.09856154592824828
0.1825089121750966
0.07807530002990333
0.06165369520664318
0.15918528996254372
0.10030582820863042
0.07950449629007415
0.06675466456894143
0.10449446175846838
0.0872339678939597
0.0749922006000331
0.08167098755466766
0.14960815142299036
0.09162384182719482
0.07912042433762118
0.09023454180288325
0.08261728228914675
0.08898029210767322
0.07309244865723563
0.09129785502442984
0.13749056508997057
0.05941702426416812
0.09197316949865542
0.07033480198602834
0.08423471338811181
0.17167620453725754
0.08158990709423243
0.09617050482592095
0.08298077783649122
0.10134796815224856
0.07132878371738487
0.07679664137779357
0.13964122351765615
0.0693690303490038
0.08699792040085225
0.10187664039892215
0.08523428687536042
0.10283697735184934
0.07568045779014372
0.07728739649322139
0.11810134002031944
0.1341585068654668
0.07866623553600452
0.1057573504023881
0.07642303040686904
0.08288785416273398
0.054549432174467054
0.10323898690325951
0.13731558711065084
0.07636142684897927
0.10651094945910286
0.07620360110964312
0.0793766712635298
0.08078736446628244
0.0855319065119987
0.09348787564387263
0.07825879130049697
0.10424779621203775
0.13017887304568523
0.08961828632347296
0.08763082549050301
0.08858274339523313
0.07309034389518637
0.11809065913827838
0.07502980358768943
0.0923853887167225
0.08076367803963845
0.06566524601511213
0.13159512658997102
0.08836676967749107
0.17872282222077088
0.06661242035164165
0.0926051635718968
0.08045082243891219
0.11445058312432575
0.06165290984766957
0.07108368888890146
0.09480423152671553
0.09944165060843173
0.07232257696258773
0.08930106412685344
0.06974037948608433
0.11699319850855933
0.08760465732950241
0.12050673748468432
0.07432250929605856
0.10292704231894263
0.07636048441821094
0.09384989471634672
0.20309558977898648
0.057214971945249674
0.08506728814321253
0.10463881073781743
0.08517230634516332
0.08008830073669498
0.12804615221695687
0.06694283657901778
0.08978164098998331
0.10316971824178733
0.09048909235340889
0.07408310046654407
0.1601787376497982
0.0719340755855236
0.09873840876910468
0.08119232696743339
0.08159154064089753
0.08648624332236753
0.10589475680841046
0.08918542787157949
0.0786822568590661
0.11444131588843719
0.0716723311467997
0.08180465565197564
0.10113692648886077
0.08367607184300536
0.10931254481847323
0.1399411678168563
0.07755655472065613
0.08061980027567356
0.09192001640332166
0.07119580673597366
0.0814220287600341
0.12356580492996216
0.0722558214498311
0.09914780069486677
0.07936869201635796
0.19165278387609022
0.07945866274037443
0.0982482505264968
0.07558184811741757
0.10532034525511397
0.10666978045792523
0.05817226170535926
0.06860575566973419
0.14022666151094207
0.1198088360863778
0.06420033162882163
0.11003271899727125
0.07820859115490399
0.06774946307363051
0.09891241290329715
0.11006749469262259
0.09530557328110759
0.0849710345474072
0.06942868621663902
0.07139814662193388
0.10072866548002067
0.07495252426468646
0.08436948098798285
0.19279146014474416
0.06523201059091131
0.09862270968511283
0.07575245950084405
0.09053143890926581
0.0887066102125505
0.10124059387337694
0.08483262288189863
0.11646248432855436
0.0868590375199595
0.09480614780261114
0.10357273305268373
0.0792985123384764
0.08165078812186648
0.07045659545565539
0.0941595774668196
0.07459056802093025
0.14819579325921367
0.09011105195787322
0.08321962120754471
0.0686745531158222
0.10022330268768376
0.20412491266415533
0.08595615742954144
0.08982873111404081
0.07711351801646471
0.08759824880027778
0.09347216846440048
0.07370741614792921
0.07665358038716125
0.10732398448294023
0.07100411631769554
0.10105829634842318
0.08710535750844174
0.10633983544593327
0.08153835613120483
0.08669775620113948
0.10432915940170348
0.08980837460944491
0.08082088358727602
0.08791082167177354
0.08649064133261973
0.0824825775179936
0.09520137185248935
0.11152219941225619
0.09604311960040181
0.07338095812978007
0.07876760967231776
0.10487206235297884
0.07344774505689565
0.09585384808776241
0.09317721904827246
0.09717306267726926
0.07317098455459638
0.10231449373388778
0.09136479902334015
0.0975565377569023
0.09624241229354444
0.08867133188745605
0.12175461006502866
0.09763120968811291
0.1409613177092134
0.07748097177303616
0.15831589757876027
0.06155574523545486
0.11812882758439569
0.07216556799658413
0.08222334622798524
0.06841717527299157
0.09517102558174917
0.09428639723387773
0.0710129437525589
0.08100597699017582
0.10539225272273746
0.06849674784419747
0.1368350416618799
0.09526982374062898
0.08101502432555177
0.0888366656585799
0.0787153675933934
0.10828664609842929
0.07709699406366001
0.08164661001212689
0.09932661122597772
0.07463596176960477
0.08844426890100666
0.09433603192100973
0.0763485469618121
0.10947552251267624
0.15281313856556444
0.07981681784669836
0.06023119020492749
0.08679831356412018
0.1435687409159491
0.07811862043088752
0.13589154280534685
0.09776867892285315
0.07482303427711806
0.08137013223905812
0.13238045414921953
0.06386206181170943
0.10997117826809938
0.10076205894357847
0.15537790107285376
0.07371357336228229
0.09124878579575886
0.07451061847741702
0.09013486404195299
0.1260942210239529
0.10349733859121742
0.07619213486862846
0.10554489509284781
0.08691313304606159
0.056760060613377294
0.0882730292304013
0.091930540213568
0.09277872790506404
0.07797703591512556
0.08568172158980406
0.10239683076868078
0.10242252771429722
0.09517363297354153
0.08207821188966259
0.08194661714004493
0.1151422016508434
0.08156694319784415
0.12105642593749165
0.07739926302542204
0.09129637854955946
0.09219596013228838
0.0755927174856123
0.10732087446140474
0.1193330656201664
0.08380911165313445
0.1022454449729282
0.07614460494354573
0.07368190768846644
0.08589970582651854
0.0894996028753814
0.0931414380934349
0.10835635456092668
0.07953220375466304
0.10080685581943304
0.06951532701860738
0.12875677643063582
0.13152416155311586
0.07378695730477618
0.07894795950701698
0.08653688326898573
0.11844931687434543
0.1311008844807004
0.07610109605640787
0.09738228230783828
0.07488749654167176
0.1118857892026775