0.0001299297885936159
0.00021119873518251443
0.00022040314235319372
0.00023906327156610662
0.00030616434227112685
0.0003856740847591447
0.000370940750414269
0.0004694561800635871
0.0005064308805410256
0.0003868992447579723
0.0005103576754090629
0.0005560969820319605
0.00048067110620670137
0.0006294180958079517
0.0010527579969413095
0.0008192550669083436
0.0006153758773598506
0.0017663351603610352
0.0005716156753504437
0.0013183349874564035
0.0005753539840648151
0.002280713873714968
0.0033366447209096516
0.0019571773909476445
0.0013127746459232629
0.0035736346447854347
0.0012774649064698721
0.004321296387659723
0.0005953963450712771
0.0027710606024765132
0.003408143801866874
0.0034131700992979614
0.0013591736540839907
0.0026277482969726267
0.0025256202160447144
0.0029769188966384972
0.002636575731835974
0.0011547290060745004
0.003102136531390468
0.004659723276566644
0.002123045206173537
0.004863005593295196
0.001615609066146294
0.0036884227123678993
0.00475164169083766
0.004165167023706564
0.0019082966484303171
0.002025346549856771
0.004820847523591948
0.007804332021249803
0.0033080262399113962
0.002146134759997596
0.002105076192857399
0.0033618390367829787
0.006753270399691486
0.0030011079530256066
0.0014672390488523754
0.014070051570125787
0.0012853813249238352
0.0013728703145837046
0.003541372098149641
0.013037964221369824
0.0012645536049437657
0.0026311096333796664
0.0038121952866084327
0.0015140150293204348
0.0035385762202035983
0.00515182920942907
0.0014149341412101194
0.0035004077740862765
0.007727115526964719
0.0022325870758123038
0.0014351964027291915
0.0030478211047757775
0.018929193197270832
0.001344126176149672
0.0022756247475659917
0.0017827334557299586
0.006459766044074911
0.0032342967394691294
0.0011486346204393066
0.004214927368274331
0.0016738512876290222
0.006076542279313421
0.012537376411592438
0.001164404628629344
0.0029946051807241366
0.001714438639385055
0.0051390121509797965
0.0017513190967856607
0.0013862214171350311
0.002852141062911746
0.012838891428739809
0.0013585139525461604
0.00288484341057276
0.002091065388768242
0.0016934852619692085
0.004602706215082744
0.007390950471901788
0.0017891419849545955
0.005367771512812173
0.004557626609997676
0.002720200755345695
0.003244569234843915
0.0020863218205676532
0.0027395205860964384
0.0020351164154884475
0.0028501933726571994
0.006034478452687007
0.001596194992318718
0.00652020727068374
0.0023092381116363906
0.004520212108495018
0.008388890412485297
0.017654681240541724
0.001436295905292242
0.0014766319421767205
0.004497436698260401
0.0013940435925121613
0.0028867282721094178
0.001768848309076579
0.004570160939216451
0.001764638784978043
0.00559477167054367
0.0019421299130133259
0.002555526685759686
0.005738806506303275
0.013194470557630317
0.0013781165125274024
0.0024004654100106314
0.005037826500820213
0.0015134495708594375
0.009131525857928499
0.0011836616306621986
0.0016603431132829743
0.002749321866087059
0.012803801589799029
0.0014048501319889998
0.0019250090873886836
0.004785914756445889
0.0013456340653789983
0.007830217453019905
0.0014915851770342062
0.002487640256081058
0.002075452452372926
0.0014329031545262578
0.009862443747485477
0.0013502833905027546
0.0024153244017912846
0.009389029358194908
0.0011154296430351837
0.0014562754375808155
0.003991539861821429
0.006258871218626126
0.001273569525960779
0.0015839119779714975
0.0025163843945150907
0.001899312141772248
0.002985871988937622
0.00516009118583142
0.01334403432056412
0.001161137535299137
0.0015988023841110948
0.003881118390132222
0.001702092796319946
0.0033594829598621563
0.008380408535570337
0.001088224808189422
0.0017366171767997293
0.00272557261072517
0.004016357205387424
0.0033074921958093435
0.0027669767358137545
0.0018133938700595933
0.015162580145490576
0.0014829776426834686
0.005054350453624914
0.0016435050168888306
0.0028740996998138104
0.0014514062119444493
0.002545128532949123
0.0030440513817024616
0.00497377262293279
0.005220218268850807
0.0017147841973334424
0.007521571376392178
0.0028321615306231727
0.006243069796077145
0.001347581755633545
0.00238510378848687
0.0021156000031037387
0.010649373439040138
0.0014373325791374038
0.002302421195745478
0.005169766808386264
0.0010694390215407316
0.0019439833601910396
0.003022061330441453
0.0025455055052564547
0.0018116346659587128
0.0027977313932202224
0.001676458679421399
0.002150941156916074
0.003833839779921054
0.0017428686342296448
0.010164398565658067
0.002742253635324592
0.0017038520004208268
0.0042730753466802265
0.0027508611696753296
0.017720902709196306
0.0013284189966775231
0.0018401274895211907
0.0022849233978135043
0.0010082438503172394
0.0024088216294898147
0.004616748433530844
0.001583440762587333
0.0016786890989064442
0.006052887267028365
0.0013803469320124474
0.017287604456277604
0.0012393278747114946
0.0019759631775963346
0.0014569037247597013
0.0020648343990497535
0.0031378232431511907
0.0036511338683010174
0.0013283561679596346
0.004853078655868798
0.0016407405533017325
0.0020472737723998906
0.00677434943454311
0.004701378716526783
0.0015499216415937674
0.009067189250810577
0.0011328331978903248
0.0016293999697228408
0.0024523305166276673
0.0016326356486941035
0.0018508397859211964
0.006972291310251131
0.008473834839070679
0.0014888521278060523
0.002886194228007365
0.0014016458673766815
0.011226518041564779
0.0012690772726317446
0.0028764243623756883
0.0017145014681029438
0.001912914559195129
0.0021372759107753042
0.006171036671017869
0.0034149607177577862
0.0015423821954471358
0.001524790154438329
0.004342092693280849
0.001488192426268222
0.0032837429404474544
0.0028969379387663147
0.007501591844103605
0.0019971364555247915
0.005740785610916766
0.019280280072832306
0.001417949919668772
0.0014685898662869803
0.001701967138884169
0.0014411337165696639
0.0056859675545589666
0.0013044498408030238
0.0014104733022400292
0.0019660362401699365
0.00815698961475849
0.001348649843837651
0.0017517274834519367
0.00197527206169956
0.006659027322858592
0.0012113690952510693
0.0031928612000216004
0.0018935318997264972
0.0015168423216254216
0.00974171836606254
0.000941645409355328
0.0019008200310015743
0.0025135256878511597
0.012666426598135614
0.001084360842039273
0.002243362200930198
0.0013068059177238462
0.0020345823713863944
0.0023560455064633944
0.005190029069905336
0.0013268796930892526
0.005381436758952943
0.0028976604690220337
0.0012502286572651658
0.0021746589979190186
0.003991665519257206
0.0018330278443997796
0.0017643874701064887
0.006621518578279101
0.0012853184962059465
0.0017043860445228797
0.0013108269556687164
0.0035290576694434763
0.005716376654017047
0.004259567172334178
0.0016624792896911865
0.000974756143682618
0.0019954400801417992
0.0020390746247154292
0.0026620213625808556
0.008823036853095495
0.0018094356608326118
0.001568676013883513
0.003307366538373566
0.014034082129134566
0.0011209899845683244
0.0015469058631351147
0.004524421632593554
0.0014434897934904863
0.003152902135444454
0.005586572522859208
0.0014711658437204125
0.0016276721799809045
0.0012933605720956867
0.0063320666749663405
0.002010801701665561
0.0014625897237286192
0.0032196262338421424
0.009872559171065541
0.0012802607844159145
0.0019184749007282696
0.004152381379616234
0.002609653626220711
0.0025482071401256644
0.001428599387350889
0.0013025021505484774
0.0019256059602086252
0.0026139259790371352
0.00150506193702131
0.01246867320858126
0.0011806458522035461
0.0014698778550036964
0.004594224338167783
0.0013420842428182927
0.0020668763323811326
0.0020101420001277306
0.001296878980297448
0.003913318108050128
0.0015511153872336506
0.0019636173345312256
0.0013147537505367535
0.00292913765668422
0.007055570775812464
0.0013475503412746005
0.0015480367800571094
0.003933768855722866
0.0019539731263353262
0.0015060357821485833
0.005196751742719416
0.0012564172859771926
0.004831465576915121
0.0010963925415149393
0.0014372383360605708
0.0018099068762167762
0.0023703076254241056
0.02577871719276765
0.001124634050205863
0.001409939258137976
0.0016790346568548314
0.0019662561406825468
0.003362718638833419
0.0013670272438200653
0.0010970836574117138
0.0026339683400435974
0.0025889201493174744
0.00459391019457834
0.0010023693651946557
0.001464882971931553
0.0020557556493148513
0.002567369899081686
0.003280036046092027
0.0014981193636946202
0.002835177309081825
0.0013212879371971675
0.00632958494060974
0.0013840538263678746
0.005947240777898692
0.0012133796142235044
0.0021630356851096285
0.001705234232214376
0.0018163468198003573
0.0009170793806608871
0.0024899020899250474
0.0034818104735912523
0.0012266678880569425
0.0015874618005322033
0.005904705735888112
0.001870410931543494
0.010084731751375328
0.0010691877066691773
0.0013471419546083247
0.0022482628409255085
0.0012971302951690026
0.009477617850417829
0.0016552854014929422
0.0012135366860182258
0.0055347388306011165
0.0013989442325074719
0.0011450847978786009
0.0067920671329876935
0.0015028943462541534
0.0013394454366669718
0.0021186471959213356
0.003953968288524049
0.0010128617610820512
0.0018898564197300143
0.0036948626559514803
0.0012298721526692608
0.0012996434438845464
0.002013786065765269
0.001341173226408908
0.0040721491068724976
0.0015384554005790985
0.001669484691735765
0.0012777476357003707
0.008258772137738016
0.0017370883921838938
0.005084602481288273
0.0013079054202868967
0.0014828519852476915
0.009020350441624629
0.002225738745562447
0.001187494182453403
0.0021575695866533208
0.0014021484971197902
0.0019194801602144872
0.003086397937559375
0.0012441028572710278
0.0014511863114318392
0.006314631705752255
0.0024704566017385273
0.006745856610980631
0.0011110002184240378
0.001212405769096231
0.0018514994874590266
0.0020007491068033856
0.0009862223846972868
0.002264346992704989
0.0024773677607062726
0.001329581327958462
0.0035319163761074073
0.0019959427098849084
0.0010760046225600898
0.002759657190179733
0.009860841615179318
0.0012900934787654797
0.0017426487337170347
0.0031261371016239117
0.0013427753587150672
0.005490475998848601
0.0013375291607713696
0.0021871933271377935
0.0015090829749661802
0.005681223986358378
0.0012416839516323167
0.001127367099434017
0.002186847769189406
0.0031046810944649565
0.0011361631199384202
0.0037808123420230793
0.0012566371864898027
0.0015797966969497946
0.0043924184963096136
0.0009902120082832125
0.001569084400549789
0.001879269780765786
0.0012530245352112084
0.0018324938002977265
0.0027463060876284067
0.0023771245413150184
0.0013704514089449937
0.0023316051352047307
0.0024489063515027386
0.0010908007856228542
0.0015263922867444883
0.002249488000924336
0.0034855173679466792
0.018674988204693575
0.00962856384514518
0.0012240604962645658
0.0009391322606397842
0.0015129469411163288
0.00175672236652408
0.0010929369620310664
0.002083148970314279
0.0032183696594843703
0.0009991965149412816
0.001345602651020054
0.0016105199399973178
0.0011765619855407874
0.004552034854105591
0.0015532201492829186
0.0010518155661729807
0.0022634359762956045
0.0011288121599454545
0.004886095147119254
0.0011931801814223208
0.001511910267271167
0.002300913306516152
0.003280978476860356
0.0010733029876908804
0.0026148055810875756
0.001219128441910311
0.0011332101701976563
0.008139711717339126
0.000991091610333653
0.0011416920471126167
0.0012314428706164757
0.0025177980406675842
0.0012702396039126836
0.008778648363907201
0.002169946844077374
0.0011546347629976675
0.012175231681682573
0.0009581065334421401
0.0015223398344406738
0.0015500787133884888
0.0011923948224487136
0.0010626535200087633
0.0017078416240067526
0.013944488377425427
0.0009933848585365866
0.0016180908005028936
0.001664961024047786
0.0012337675331783537
0.0010696903364122861
0.0014367985350353506
0.004896901686596093
0.000886795938638584
0.001128026800971847
0.001678563441470667
0.0014181698201813822
0.005014391389047767
0.00503371121979851
0.004161742858581635
0.0010353230277272243
0.0007286246413540443
0.0013826401802153813
0.001651986893803791
0.001744062379869528
0.0010192074615887994
0.0019581826504338623
0.0011420690194199484
0.00828248997874096
0.0010247049744040516
0.0010668002153894106
0.011430648545984825
0.001327979195652303
0.001085397515884435
0.001322073296170775
0.0010586324820638932
0.001779811920348139
0.0018625573418074195
0.0030930577816555664
0.002473723695068734
0.0011273985137929612
0.0009584520913905274
0.0014596681883467996
0.0021295165641160626
0.002602491152381411
0.0013684408899725586
0.003811378513275881
0.0010082752646761838
0.007301985007371536
0.0010530407261718081
0.0013005230459349868
0.0015721001790084416
0.0009694471170210317
0.0012713705208346783
0.0068865301103331975
0.0010094375959571228
0.00647145218560219
0.0011911382480909415
0.0008337685007406093
0.0018932805848549427
0.0012688887864780788
0.0015705922897791152
0.001962706318121841
0.001297507267476334
0.006978040137937937
0.0011403726440369563
0.0014091538991643686
0.0009775834359876047
0.0012220499772921307
0.0015197638570072414
0.004421099806025758
0.0010691877066691773
0.0023532182141584074
0.0013018110346517029
0.00912700219024052
0.0008607534350737611
0.0012031385332076634
0.0022706298644938486
0.0010728946010246045
0.0012605325669988955
0.0017685969942050246
0.00407604448738159
0.01146328806492795
0.0007739241469517218
0.0012853499105648907
0.0020209171252456247
0.003160190266719531
0.0010666117292357448
0.0021691300707448223
0.001360901443825927
0.002017115987813365
0.00095788663292953
0.0011275555855876826
0.0024168008766616666
0.006265813791952816
0.0008378837817623122
0.0015791998241298528
0.005510298459342453
0.001270490918784238
0.0010833555825530555
0.0019540045406942707
0.0008112444053775476
0.007332990979649559
0.0009554048985729304
0.001289276705432928
0.0009661171949729361
0.00687229940573143
0.0007702800813141833
0.0011943739270622042
0.00077668861053882
0.008195629276259978
0.000970012575482029
0.001426588868378454
0.0011544462768440017
0.015170308077790875
0.001722857687582127
0.001073679959998212
0.0009163254360462239
0.0019156476084232828
0.0015970117656512698
0.0013608386151080386
0.001799225994175715
0.016792671231110192
0.000892387694530669
0.0014336256847819766
0.0011003507507419208
0.0008655284176332943
0.0022703785496222943
0.001239579189583049
0.002593632303159119
0.0011351892748111471
0.0026480419728506428
0.0012356523947150116
0.001467835921672317
0.0056046357792521794
0.0010649153538527527
0.00203052991908258
0.0026342510692740962
0.0009238648821928555
0.0010167571415911443
0.0021260295702732455
0.00093932074679345
0.0014639719555221684
0.0020272628257523733
0.0014521601565591123
0.016419060260185657
0.00103551151388089
0.0010175425005647517
0.006413555522067849
0.0007178809305950944
0.0011195135096979424
0.0016594006825146454
0.0017298630896267055
0.003974136306966288
0.0007259858352027233
0.001073805617433989
0.001312994546435873
0.0012081334162798068
0.0017927232218742453
0.0014254893658154034
0.0095149695232026
0.0009393835755113386
0.0015933362856547868
0.0029504994207663424
0.0010900154266492467
0.0010260557918386564
0.0023647786982499094
0.0006854298978056347
0.0014261804817121782
0.004336720837901374
0.0009761697898351114
0.007476303285153445
0.0009340745488497522
0.001243600227527919
0.0010880991507536445
0.0021219771179694313
0.0038445834906800035
0.0012927322849168009
0.001233359146512078
0.0011500796809507442
0.004706373599598927
0.0011002879220240321
0.0010903295702386897
0.0010664232430820791
0.010554187931438915
0.0009079692165670408
0.0013321573053918945
0.0008576434135382756
0.0028757960751968023
0.0016276721799809045
0.0061474130730917575
0.003677113543147952
0.0010761302799958672
0.0009497503139629568
0.0020754838667318702
0.001126110525076245
0.003739031244627163
0.0009831123631618012
0.009323938806462323
0.0009334776760298106
0.0012070653280757005
0.0025834540508611666
0.0008450462556016122
0.0012738208408323334
0.003032145339662573
0.004079028851481299
0.0010540145712990814
0.002236513870680341
0.0009547766113940445
0.0017464812855082388
0.001104905832788844
0.005766074169866926
0.0010678368892345724
0.0009705780339430264
0.0021009294974767517
0.008341360487402576
0.0007143939367522774
0.0011681743517026597
0.0019417215263470501
0.0011073561527864993
0.000807694582816842
0.003681103166733878
0.0006619947860331886
0.0013753834632992483
0.00406420127405959
0.0010900468410081912
0.003586860089900984
0.0012098926203806873
0.004800145461047655
0.003949695935707625
0.0008065950802537916
0.0012615692408440573
0.005848097061070487
0.0008472766750866573
0.0014202431678717058
0.0013150678941261965
0.0015120045103479997
0.0008240300494678769
0.001309727453105666
0.00203725259189666
0.001082130422554228
0.001328827383343799
0.0009183987837365476
0.0027534685614677063
0.0009254356001400703
0.021904886933910503
0.0008131606812731498
0.0010483285723301636
0.0011041518881741807
0.00192271583918575
0.0010855860020381007
0.0013485870151197625
0.0028124018988472093
0.001289779335176037
0.0007744896054127191
0.0013534248263971842
0.0023467468562158823
0.0012182174255009263
0.0008686698535277242
0.0010701615517964506
0.0029679658043393724
0.0012379456429179453
0.0021080919713160513
0.0012368147259959506
0.0007951916679570114
0.0013641999515150785
0.0056686582427806585
0.0008466169735488271
0.000941739652432161
0.0011812113106645435
0.004343663411228064
0.0008723767478831513
0.0012237463526751228
0.0012088559465355255
0.0008721568473705412
0.003096419118062606
0.0010629048348803178
0.000996809023661515
0.0020378808790755456
0.0012268563742106082
0.0032320034912661955
0.004492630301341924
0.0010624336194961532
0.001210269592688019
0.010673028451325194
0.0014362644909332977
0.0008999585550362448
0.001132770369172436
0.0012884599321003763
0.0024569798417514235
0.0023680772059390606
0.000846302829959384
0.0014007034366083524
0.008151115129635907
0.0007216192393094659
0.0010932825199794537
0.0008254751099793146
0.0012247830265202846
0.0013492153022986483
0.0020048015591072003
0.0008463656586772726
0.0011983321362891858
0.0020331687252339013
0.0016134728897380817
0.0007832856259171226
0.007456229509788039
0.0009055188965693855
0.0008545019776438458
0.0010126732749283856
0.0018741492402578653
0.0008825550001811038
0.0017100406291328534
0.0028620994146970886
0.0010157204677459823
0.004635754120692145
0.000664884907056064
0.000971174906762968
0.0034893499197378836
0.00992693742639812
0.0007963854135968947
0.0011044346174046795
0.0010566533774504024
0.0013318117474435073
0.0009920026267430375
0.001823477879280713
0.0009878873457213344
0.009899732591552359
0.0006200566168425509
0.0011010732809976396
0.0007442689921083047
0.0025434635719250756
0.0008358418484309329
0.0007313891049411425
0.0012755800449332142
0.0008704918863464934
0.002405051906416499
0.0019939636052714173
0.0011585301435067604
0.008437708326284736
0.0010181707877436376
0.0007891915253986505
0.001428599387350889
0.0008556957232837291
0.0026159364980095703
0.003914354781895289
0.0009074351724649877
0.001822315547999774
0.0006496489429680796
0.001058286924115506
0.002514813676567876
0.0010207153508181258
0.0005708931450947248
0.0015290310928958092
0.0008387319694538082
0.0009045136370831679
0.002743792938912863
0.003913286693691183
0.003823975671212544
0.0010357942431113887
0.005913658828187237
0.0008675703509646737
0.0015365391246834963
0.0007457140526197423
0.0015283399769990347
0.0008179356638326832
0.0011532839455630627
0.001862934314114751
0.011318593527630516
0.0008437582668848959
0.0009639181898468352
0.0009580751190831959
0.0012073480573061993
0.0018731439807716478
0.0009022832175981228
0.002114469086181744
0.0009913429252052072
0.001336304000772542
0.0031788189815734995
0.0011268958840498524
0.0017291719737299307
0.0007821861233540721
0.0012560403136698609
0.0031602845097963637
0.0035042089115185364
0.0007461538536449625
0.0013029105372147534
0.0007937151930866294
0.0014278140283772816
0.001377331153553795
0.0012761455033942115
0.0007811808638678547
0.0010217206103043434
0.001483637344221299
0.0015622046559409877
0.011050314902246212
0.000818878094601012
0.0008946181140157142
0.0013709226243291581
0.0009840233795711858
0.002679236431282331
0.0011319221814809401
0.0014875013103714475
0.0006794611696062182
0.0009617820134386229
0.00445992795368091
0.0014377409658036797
0.0008371926658655377
0.0037008627985098412
0.0008186267797294577
0.0012219557342152978
0.0010785805999935223
0.0018500230125886447
0.0007235983439229566
0.0032333543087008005
0.0007145824229059432
0.011044911632507792
0.008168424441414215
0.0008623869817388646
0.0016316932179257747
0.0007706256392625705
0.0009170479663019428
0.00094670312114536
0.000944064314994039
0.0024312514817760433
0.0007960084412895632
0.0009675308411254295
0.0011826877855349255
0.0010243908308146085
0.00766915603471249
0.0009204093027089827
0.0020295246595963628
0.0008953720586303773
0.009188794234283953
0.0006705709060249819
0.0008285851315148001
0.0013063032879807375
0.003660149789318031
0.0008018515120532026
0.0009713948072755781
0.0009960236646879075
0.0008436011950901744
0.00277344809375628
0.0007454941521071323
0.0015266121872570984
0.0011966985896240824
0.0008077574115347306
0.0010028091662198759
0.0016262271194694667
0.0009079378022080964
0.002249802144513779
0.0015315756559702973
0.021109443951081937
0.0008150455428098077
0.0010613341169331029
0.0009569756165201454
0.0011870857957871272
0.0009961179077647405
0.001403719215067005
0.001044684506692625
0.0010312391610644656
0.011166202472391727
0.0006881629470337887
0.0008602822196895966
0.0011448334830070465
0.0008998643119594119
0.0010176995723594731
0.0011595668173519222
0.0012671609967361424
0.0016375677030483584
0.0009468601929400814
0.0010261500349154893
0.0008770574873658517
0.001675390591217293
0.003474490927957231
0.0017378737511575012
0.0007692434074690215
0.0008741045376250877
0.0015453351451878998
0.0058854173194963135
0.0005766733871404756
0.001739413054745772
0.0008553815796942862
0.0009749132154773394
0.0009099169068215872
0.001382734423292214
0.0047518615913502696
0.0006569370742431567
0.000913686629894903
0.0010248306318398287
0.022582243341467453
0.0006041923655756805
0.0009395720616650043
0.0011942168552674828
0.0013156647669461381
0.0028292399952413528
0.0006375858291334691
0.0009629129303606177
0.0008632979981482492
0.0011553572932533863
0.0015439214990354065
0.0008735390791640903
0.0011239115199501441
0.004820533380002505
0.0029882594802173885
0.0007150536382901076
0.0007830028966866239
0.0011841014316874188
0.0006703824198713161
0.0017884194546988765
0.0007800185325869156
0.0008220509448543861
0.0013278535382165258
0.004407528802961821
0.0008262604689529221
0.0009193412145048766
0.0016458296794507087
0.0006504028875827427
0.002921126995153424
0.0006364549122114744
0.001162394109656909
0.002049786921115435
0.009211035600416516
0.0008883038278679103
0.0006263080742724662
0.0012519878613660464
0.0010874708635747587
0.0008130036094784283
0.0015600998938917199
0.000681440274219709
0.003290151469672091
0.000605825912240784
0.0013557494889590623
0.003467862498219984
0.004566359801784191
0.0007352530710912911
0.0015628329431198738
0.0012293381085672077
0.0009491848555019595
0.004058169717142285
0.0009907146380263212
0.0012948998756839574
0.0017692881101017991
0.0007731073736191701
0.008200969717280508
0.0006093757348014897
0.001299077985423549
0.00068049784345138
0.0020582059693125066
0.0008614131366115913
0.0015922367830917365
0.0005382850405105436
0.0015670110528594654
0.010963297127970506
0.0008358104340719886
0.0007328969941704688
0.001037616275930158
0.0017568480239598572
0.0008520830720051348
0.001188876414246952
0.0010956700112592203
0.001020212721075017
0.004702415390371945
0.0008600623191769865
0.000966745482151822
0.0013215706664276663
0.0007642171100379338
0.014706192338747818
0.0006760370044812897
0.0008847225909482604
0.0007435150474936415
0.0012293066942082635
0.001267443725966641
0.0010610828020615486
0.0015012293852301056
0.003630620291910391
0.0008370355940708162
0.0007301953593012592
0.0009805678000873131
0.001658521080464205
0.0073144879222313665
0.0010514700082245934
0.0007088021808601924
0.0009690387303547557
0.0009094142770784784
0.000918964242197545
0.001609483266152156
0.0010746538051254852
0.001435887518625966
0.0009324095878257045
0.020661538021254137
0.000716561527519434
0.0008135376535804814
0.0011066650368897247
0.0010661719282105248
0.0008173702053716858
0.0010058877733964172
0.0020570436380315674
0.000945446546787588
0.0007250748187933386
0.001357948494085163
0.000787557978733547
0.009112268855895644
0.0007142368649575559
0.0007224045982830733
0.0010412603415676965
0.0024674408232798744
0.0007051267008637096
0.001053543355914917
0.0012934548151725196
0.000885633607357645
0.0014087455124980927
0.0007051267008637096
0.0019938379478356403
0.0018821599017886613
0.0008094537869177227
0.002212450471729009
0.0006801522855029927
0.0018090272741663358
0.009788400103453767
0.0007334938669904104
0.008502704634940489
0.0006474813522009229
0.0008485960781623178
0.000801254639233261
0.001176750471694453
0.0007525623828695993
0.0016652123389193404
0.000684613124473083
0.0013430266735866216
0.0012500087567525557
0.0007190432618760335
0.004372407549662096
0.0008253180381845931
0.0009378756862820122
0.0016598404835398654
0.0016644583943046772
0.0008128465376837069
0.0024183087658909926
0.0008446692832942805
0.0004907237010688767
0.005271894889314176
0.0020961859292761625
0.0007379232916015565
0.0010033117959629848
0.0013520740089625794
0.0006319312445234955
0.0022191731445430885
0.0063727796841581506
0.0006492719706607479
0.0010399095241330916
0.0014420133186201043
0.0016274836938272386
0.0004582412539204727
0.0009209119324520914
0.004566045658194748
0.0008166790894749112
0.0008430671509881214
0.0015349369923773372
0.0006099411932624871
0.0009466088780685271
0.0013511001638353063
0.008774564497244442
0.0009542739816509357
0.0010318360338844072
0.0008944610422209927
0.0016121849010213656
0.0009659601231782146
0.0014273428129931171
0.0006014279019885823
0.0011961017168041405
0.0032513233220169387
0.0015453037308289556
0.0006987181716390727
0.0036977213626154114
0.0008214854863933887
0.0012982297977320529
0.0006417953532320051
0.0010232284995336696
0.0010133958051841043
0.0033399432285988032
0.001000704404170608
0.001110811732270372
0.000789442840270205
0.005646573948442817
0.0006152188055651291
0.0013234241136053798
0.0009819500318808622
0.0010699102369248962
0.005245035612416802
0.0007043413418901021
0.007755985322834529
0.02069540270019609
0.0006609266978290824
0.0009547451970351003
0.0009760127180403899
0.0007752749643863266
0.0012608781249472828
0.0007064775182983144
0.0011932744244991537
0.0021195896266896644
0.0008375382238139249
0.000978243137525435
0.002086918693387595
0.006188345982796177
0.0007015768783030039
0.0007650967120883741
0.0024352725197209135
0.0004888074251732746
0.0008300930207441264
0.0008361245776614315
0.0026139259790371352
0.0007513058085118273
0.0008169618187054098
0.0008407739027851876
0.004964065586019002
0.0006941630895921496
0.001267443725966641
0.0006827282629364252
0.0021418624071811716
0.019021300097695516
0.000609312906083601
0.0008862304801775866
0.0010388414359289856
0.0010103486123665074
0.0009184930268133806
0.0009996049016075576
0.002272137753723175
0.0007292529285329302
0.0009665255816392119
0.0010271867087606511
0.0013898340684136254
0.001039501137466816
0.0018742434833346983
0.0006608638691111939
0.0042759340533441575
0.0007956314689822316
0.00116481301529562
0.0008050871910244652
0.0007208024659769142
0.003096796090369938
0.0008077259971757863
0.0031799184841365498
0.0006958280506161973
0.007254235181776204
0.0006462876065610396
0.0007164358700836568
0.0011228748461049824
0.0006907703388261654
0.0011128536656017513
0.002465524547384272
0.0006564658588589921
0.0008308783797177338
0.0010174168431289743
0.0011289692317401762
0.0025631917893420945
0.0011521216142821235
0.003577027395551419
0.004934504674252418
0.0019864555734837304
0.0006045379235240678
0.0010754391640990925
0.01102179066432479
0.0007353158998091798
0.0012252856562633932
0.0012828995905672356
0.0007900082987312023
0.0013108583700276607
0.0004967866723451262
0.0009278859201377256
0.0008142915981951445
0.0016159860384536257
0.003439715232605893
0.0022581897783519067
0.000848407592008652
0.007400626094456631
0.0005582959871580613
0.0009429648124309885
0.000753379156202151
0.0012294951803619293
0.0007569289787628567
0.0007362583305775087
0.0024038267464176716
0.0020077859232069083
0.0007361012587827872
0.0007453056659534665
0.0014168818314646658
0.002232806976324914
0.000553615247675361
0.0011037120871489605
0.001126330425588855
0.0007440176772367502
0.001612844602559196
0.0006323710455487157
0.001181902426561318
0.0036603068611127526
0.0005801289666243483
0.001053763256427527
0.0010236368861999453
0.0007175353726467072
0.008588214519986868
0.0006428006127182226
0.0009894580636685493
0.0010137099487735474
0.0027167451758618225
0.0016416829840700613
0.0007948146956496799
0.01111842123243745
0.0007517770238959919
0.0008467426309846042
0.0012260710152370007
0.0011860491219419652
0.0005364001789738858
0.0009407343929459434
0.002637298262091693
0.000820354569471394
0.0007256088628953917
0.001536601953401385
0.0005820766568788949
0.0012441028572710278
0.0025621237011379883
0.0007013883921493381
0.0006425492978466682
0.003348393691154819
0.0006319626588824398
0.00123147428497542
0.013679288359217666
0.0010786120143524668
0.0005287036610325328
0.0009075608299007648
0.0014194578088980983
0.0007545414874830901
0.0006943515757458153
0.001112822251242807
0.0022114452122427913
0.000670162519358706
0.0017238629470683446
0.001996445339628017
0.0005221694743721189
0.002235225881963625
0.0007233156146924579
0.0010638472656486467
0.0006945400618994812
0.0018029328885311423
0.0037806552702283574
0.000696739067025582
0.00081740161973063
0.0007239124875123996
0.008395393184786767
0.0005697936425316744
0.000734813270066071
0.0023600979587672087
0.0008150141284508634
0.0010668944584662436
0.0011111887045777036
0.0007742068761822205
0.003799786614825435
0.0006404131214384559
0.0007636516515769365
0.0008289621038221317
0.008595879623569277
0.0005177714641199172
0.0011717241742633655
0.001056087918989405
0.0008120925930690437
0.0009560960144697051
0.0008347423458678825
0.001306460359775459
0.002271635123980066
0.0008075375110221206
0.0010141497497987676
0.0034011069854633508
0.0009276974339840597
0.002626617380050632
0.005963073614806618
0.0005098236313070098
0.0006894195213915606
0.001293706130044074
0.0007436407049294187
0.0025469191514089482
0.0007778195274608147
0.0011990546665449045
0.009218732118357869
0.0006583507203956501
0.0009864422852098969
0.0005541807061363584
0.0009979399405835097
0.0006361407686220315
0.0021269405866826303
0.0011723210470833071
0.0009978771118656212
0.0018522534320736899
0.0007464365828754612
0.001028537526195256
0.0021954553035401438
0.00175672236652408
0.0006435231429739414
0.0022385558040117206
0.0005823593861093935
0.000934891322182304
0.0008279254299769698
0.0006523191634783448
0.0013286388971901332
0.0011554829506891635
0.0030664184052708017
0.009066498134913802
0.0005540236343416369
0.0006444341593833261
0.0016023522066718004
0.0005749455973985393
0.0009318127150057628
0.0010859001456275438
0.0017535809306296502
0.0007155876823921607
0.0018663270648807352
0.00143906036887934
0.000801788683335314
0.0029647615397270536
0.008213535460858228
0.0005517618004976474
0.00085051235405792
0.0005700763717621731
0.0015821213595116725
0.0008694237981423873
0.006470729655346471
0.0005264732415474877
0.008082034954317396
0.0004762102672366111
0.0009875732021318916
0.0015855455246366011
0.0005516989717797589
0.001473427677564402
0.009395280815624824
0.0005526728169070321
0.0007747409202842736
0.0006691572598724885
0.0006441514301528275
0.0008010033243617065
0.002348914446983039
0.000659513051676589
0.0007486670023605064
0.0006299521399100047
0.0008556328945658405
0.002071619900581722
0.0006389052322091297
0.0031180950257341717
0.0006739322424320217
0.0009453208893518109
0.003737774670269391
0.0008556643089247849
0.0004727546877527383
0.003212746489233341
0.0006207791470982698
0.005309309390816835
0.0005735947799639344
0.0009412998514069408
0.0006120773696706993
0.0006746233583287963
0.0008746385817271407
0.0013035702387525834
0.004178800855488388
0.0006634712609035706
0.0006772935788390617
0.0008985449088837514
0.001187902569119679
0.0005882024568730329
0.0007943748946244597
0.0008992360247805259
0.0014411337165696639
0.0005679087809950165
0.0039136950803574586
0.000843444123295453
0.0008950893293998786
0.0010127675180052183
0.00284391050086834
0.000929927853469105
0.0006983726136906855
0.007852270332998802
0.000738928551087774
0.0007986786617998285
0.0009942016318691383
0.0008195377961388423
0.0005344839030782836
0.00239606739975843
0.0007768142679745972
0.0018040952198120812
0.0023236887167507676
0.0005267873851369306
0.0012909102520980316
0.0025375890868024917
0.0006909902393387755
0.0011063194789413375
0.0007773483120766503
0.0008274542145928054
0.0007535362279968725
0.0020465198277852276
0.0004545029452061013
0.0009749446298362838
0.0013478644848640435
0.0015462775759562287
0.0006114176681328691
0.0014116670478799124
0.0005777728897035261
0.0021320297128316064
0.004447833425487355
0.0006322453881129385
0.0008334857715101106
0.0013197172192499526
0.0007809609633552446
0.0006939431890795395
0.006564878489102532
0.0006277217204249596
0.0011821537414328724
0.000695576735744643
0.0005692910127885657
0.0024777761473725487
0.001023385571328391
0.0005301801359029148
0.004151407534488961
0.0005971241348132135
0.000757274536711244
0.0005630709697175947
0.0008686698535277242
0.0007636202372179921
0.0007419443295464266
0.002301164621387706
0.0016214521369099335
0.0006603612393680851
0.0006525704783498992
0.00247325247968457
0.0008678844945541167
0.0015179104098295279
0.0007469077982596257
0.0007469077982596257
0.0007229386423851264
0.0012746376141648853
0.009026224926747213
0.000561311765616714
0.0009871648154656156
0.0008739788801893105
0.001229589423438762
0.0006518793624531247
0.0006771365070443402
0.0024788128212177105
0.012155157906317167
0.000570390515351616
0.0007426982741610897
0.0008737275653177561
0.0011472209742868131
0.0023396157967355267
0.000579029464061298
0.000922231335527752
0.0007190118475170891
0.0006810633019123773
0.0029983749037974525
0.0005031323728518744
0.0006474185234830343
0.0011150526707278522
0.0042876201948714365
0.0005835217173903325
0.00245578609611154
0.0013778337832969037
0.0005253109102665486
0.0006871576875475712
0.0006658273378243929
0.0018322424854261721
0.0005573221420307881
0.0008524286299535221
0.002151192471787628
0.0023676374049138404
0.0017613088629299476
0.0011045288604815125
0.0006961736085645846
0.004774511344149109
0.0006414183809246735
0.014989926828732717
0.00876884708391658
0.00047690138313338565
0.0007199856926443624
0.000725420376741726
0.0006396277624648486
0.0017645759562601544
0.0006038153932683489
0.0006647592496202868
0.0013063975310575703
0.0005564739543392921
0.0020844683733899395
0.00044300528983248825
0.0008556328945658405
0.0008769318299300745
0.0007482586156942304
0.003065727289374027
0.000594956544046057
0.0005223579605257847
0.01006164219755127
0.0005842442476460514
0.0006076793594184976
0.0006714819224343666
0.004304835263572912
0.0005899930753328579
0.0009996363159665018
0.0004950902969621341
0.000938472559101954
0.0007879977797587672
0.0005859406230290435
0.0011614830932475243
0.0009335405047476992
0.002103222745679685
0.000678078937812669
0.0010227886985084494
0.0030540725622056927
0.0005538037338290268
0.0010340978677283966
0.0006859639419076879
0.009266513358312146
0.0005942340137903381
0.0006877859747264571
0.0011327389548134918
0.0005276984015463152
0.0010804968758891245
0.0006304861840120579
0.0006977757408707439
0.0006594816373176448
0.0014246725924828517
0.000720676808541137
0.0005024098425961555
0.0007577457520954084
0.002009073911923625
0.003444553043883315
0.0005649244168953083
0.0020269800965218745
0.0006223498650454847
0.0007839139130960085
0.004726635861117999
0.0004572359944342552
0.0008465541448309385
0.0008214226576755001
0.0007694318936226872
0.0004558537626407061
0.0023998999515496343
0.002622313612875263
0.0005762964148331441
0.0009572269313916998
0.0005383478692284323
0.0008973511632438681
0.0013935409627690526
0.0006132397009516383
0.0005032266159287073
0.001038464463621654
0.0020739759775025442
0.002314452895221144
0.0006654189511581171
0.0049395938004013935
0.0005162635748905908
0.0005352064333340025
0.0012926066274810237
0.0006646964209023982
0.0004897812703005478
0.001704511701958657
0.009484183451437186
0.0005512277563955943
0.0005056141072084739
0.0008270144135675852
0.0006243603840179198
0.0029148127090056204
0.000721524996232633
0.0005256878825738802
0.0007993383633376588
0.0017652984865158734
0.0006564972732179365
0.0008707746155769921
0.0008827749006937139
0.0008390146986843069
0.0007826259243792923
0.00038460599655503857
0.0008949322576051571
0.0018013621705839273
0.0006005168855791977
0.0007492324608215037
0.0011145814553436878
0.0012441971003478607
0.006865639561635239
0.0006316485152929968
0.0006334391337528218
0.0014220023719725865
0.0005618143953598228
0.0007119436167546221
0.007658098180364096
0.00045227252572105613
0.0007785106433575893
0.0010063275744216372
0.0005405154599955888
0.0007274937244320496
0.0008248154084414843
0.0008151712002455849
0.0005623170251029315
0.000786709791042051
0.0007480387151816204
0.001760397846520563
0.0006423293973340581
0.001249726027522057
0.009699843025589792
0.0005505052261398756
0.0006424550547698354
0.0006755657890971252
0.0005969984773774364
0.0011560169947912166
0.0010040971549365922
0.00041407266524478995
0.001289182462356095
0.000742195644417981
0.0007846364433517274
0.0012531501926469856
0.002041147972405753
0.0005259391974454346
0.0007825630956614037
0.0010315533046539084
0.0030112547909646147
0.0005317508538501297
0.01897659746491778
0.0003929936303931661
0.0008726280627547057
0.0008239043920320997
0.0006031242773715744
0.0006474185234830343
0.0007688350208027455
0.0012083533167924169
0.0005482119779369418
0.0012089187752534142
0.0010579413661671187
0.0006117003973633678
0.0005651757317668626
0.0011087383845800483
0.0015368846826318836
0.000969698431892586
0.0005430600230700769
0.0006979642270244096
0.0012259767721601678
0.0005834274743134997
0.0019895655950192158
0.000568379996379181
0.0025742810580494315
0.000491289159529874
0.0005582645727991171
0.0037422355092394813
0.0005193107677081878
0.0005332273287205117
0.0010173226000521416
0.0010512186933530389
0.0007307294034033122
0.0042658500441230375
0.0008951835724767116
0.0006101296794161528
0.0012216101762669105
0.000454471530847157
0.009730534854278371
0.0005332273287205117
0.0005025040856729884
0.0007948461100086242
0.008204770854712768
0.0005291748764166972
0.0006579423337293741
0.0005756367132953138
0.0007062262034267599
0.0010619938184709332
0.0012856012254364453
0.0005810085686747887
0.000998913785710783
0.0022445873609290255
0.0006508426886079629
0.0004177481452412728
0.0008874242258174699
0.0005103890897680071
0.002859837580853099
0.003505716800747863
0.0006849586824214703
0.0006735552701246901
0.0006160669932566251
0.0006515652188636817
0.0006040667081399034
0.0011186653220064465
0.000604035293780959
0.0006967704813845263
0.003567320358637631
0.000638308359389188
0.000547081061014947
0.0005263161697527662
0.004615680345326739
0.0005025040856729884
0.0034003530408486878
0.0006151559768472405
0.0016740711881416323
0.0005717727471451652
0.0005267873851369306
0.0009564415724180924
0.0027153943584272175
0.0005280753738536469
0.0006828539203722024
0.0016757675635246244
0.005463773793745947
0.0004782207862090462
0.0011501110953096886
0.00046995880980669585
0.0010482029148943864
0.0004506703934148969
0.0008418734053482381
0.0008981365222174755
0.00158648795540493
0.00037207166733626375
0.0007981132033388312
0.0033537969608932383
0.0006458163911768752
0.0009342630350034181
0.0012676322121203069
0.0006000770845539775
0.000995552449303743
0.0004764929964671098
0.0012982926264499416
0.0006143077891557445
0.0005797834086759611
0.0005566938548519022
0.0013593621402376566
0.0005463585307592282
0.00435211387378408
0.007239784576661827
0.0004660320149386586
0.0008711201735253794
0.0005050800631064208
0.0007299440444297049
0.0021133695836186937
0.002336191631610598
0.0005391018138430954
0.0010573130789882327
0.0006013022445528052
0.000496346871319906
0.0035753938488863155
0.0008532768176450181
0.00054001283025248
0.0005906213625117439
0.0015179732385474163
0.0005436883102489629
0.0010424226728486356
0.0004092662683263124
0.0005914695502032399
0.000711817959318845
0.003765827692806649
0.00044445035034392595
0.0005873228548225926
0.002105830137472062
0.0006332820619581003
0.0009086917468227595
0.025011358646835284
0.0007921130607804703
0.000565646947151027
0.0007316718341716412
0.0005947052291745026
0.0005036664169539274
0.0010088093087782368
0.001248249552651675
0.00048252455338441497
0.0010914290728017402
0.0005243684794982197
0.0010202441354339611
0.0004218005975450872
0.0007612955746561141
0.001120613012260993
0.0012864494131279412
0.0062114355366202365
0.0005046402620812007
0.0005569451697234565
0.0008491615366233152
0.0005904957050759667
0.0006443399163064932
0.002107369441060333
0.00044646086931636106
0.000662874388083629
0.0006246116988894741
0.0006608324547522495
0.0006884770906232316
0.0011082043404779952
0.0005191536959134662
0.0039399260700759475
0.0012866064849226628
0.0005968414055827148
0.0010095946677518442
0.0023389875095566406
0.0006600156814196978
0.0008931730535042765
0.0007986472474408842
0.0005861605235416536
0.005971869635311021
0.0005833646455956111
0.0011393359701917943
0.00044473307957442463
0.0007968252146221149
0.0003944072765456595
0.0010384016349037654
0.000420826752417814
0.0007711282690056793
0.0005510706846008729
0.0006806863296050458
0.0017609947193405046
0.002310871658301494
0.00041451246627001014
0.0006327480178560473
0.0010235112287641682
0.003647081415997203
0.0005744429676554305
0.0028482770967615976
0.000558044672286507
0.0009489649549893495
0.00043301552368820156
0.0010365167733671075
0.0013010256756780954
0.0007492324608215037
0.013531420971666855
0.0004158004549867263
0.0005710816312483906
0.01865419189907245
0.0004585239831509714
0.0008409938032977977
0.0007904795141153668
0.0005172688343768084
0.0006516908762994589
0.00041784238831810567
0.0010385272923395426
0.0006736809275604674
0.0006702567624355389
0.001010631341597006
0.0008472138463687687
0.0006310202281141109
0.0005688512117633455
0.0006123286845422537
0.003327063341431641
0.00058788831328359
0.0007546985592778115
0.0008745129242913635
0.0006703195911534275
0.0006625916588531303
0.008736773023434452
0.0005327561133363473
0.0007491696321036152
0.00047708986928705145
0.0009686931724063684
0.0005331330856436788
0.0006632513603909605
0.001876536731537632
0.00046860799237209103
0.0005229548333457263
0.0006997862598431789
0.0007666360156766447
0.0007572117079933554
0.00046999022416564014
0.0009058016257998842
0.004501206421333718
0.0005385677697410423
0.0006929065152343777
0.0006959222936930303
0.0016536518548278388
0.0005631652127944275
0.000518808137965079
0.0011032094574058519
0.003295240595821067
0.0005696051563780086
0.0004849434590231259
0.000802102826924757
0.0013310263884698998
0.0005443165974278488
0.006552281331165868
0.00044485873701020185
0.0008586172586655488
0.0006150931481293519
0.0007693690649047987
0.0013503148048616988
0.0004248792047216284
0.0006762569049938998
0.0005959932178912188
0.0012176205526809847
0.0005576991143381197
0.0008734134217283132
0.0005311225666712438
0.002220492547618749
0.0005997315266055902
0.00669000188077767
0.00038539135552864603
0.0006820057326807063
0.0006522877491194005
0.0007376405623710578
0.0009742220995805649
0.0014285679729919448
0.00044865987444246187
0.0013093818951572787
0.0005796263368812397
0.0004388271800928967
0.0007580598956848514
0.0006888540629305632
0.00046505816981138535
0.0006194597440226093
0.0019698059632432523
0.0007771912402819288
0.0006277217204249596
0.000590212975845468
0.0010645697959043654
0.0005445364979404589
0.0020876098092843694
0.0015960065061650522
0.0004250048621574056
0.000508786957461848
0.001318492059251125
0.0005233003912941136
0.01285883954666944
0.00040436562833100193
0.0006898279080578365
0.0006603612393680851
0.0006746861870466849
0.0004817077800518632
0.00096885024420109
0.0005259077830864903
0.0005807572538032344
0.0005374368528190476
0.0011347180594269827
0.0016164886681967344
0.0008737903940356447
0.0007557352331229734
0.025438091298734627
0.0004819905092823619
0.000852522873030355
0.00041859633293276884
0.0005341069307709521
0.0009408286360227763
0.0004512672662348386
0.0005827049440577808
0.0006784244957610564
0.00155673855748468
0.00045340344264305086
0.0008473395038045458
0.0005127451666888295
0.0005833646455956111
0.0020441009221465168
0.0005858463799522106
0.0009177704965576617
0.0011040262307384036
0.0037662046651139804
0.000853151160209241
0.0005478978343474987
0.0005616887379240455
0.0006453451757927108
0.0004506703934148969
0.0008667849919910662
0.0016644898086636216
0.0013844622130341506
0.0004485342170066847
0.0006788642967862765
0.0008881153417142446
0.0008169618187054098
0.0004718436713433537
0.0007052523582994867
0.0005909355061011868
0.0017968385028959484
0.0014653856016746617
0.0008615387940473686
0.0006751888167897936
0.000652758964503565
0.0006361407686220315
0.0011890649004006179
0.016178771828620726
0.0005270387000084851
0.001411101589418915
0.00038177870425005176
0.0009616563560028458
0.0004944620097832482
0.0005201589553996838
0.0007238182444355667
0.0005555001092120189
0.0007595677849141777
0.0005810713973926773
0.000966431338562379
0.000470398610831916
0.0017838957870108976
0.0006550836270654431
0.02450838334577813
0.00045183272469583594
0.0006791470260167752
0.0005357090630771112
0.000693157830105932
0.0008038934453845819
0.0006186429706900575
0.0006498060147628011
0.0004412775000905519
0.0005323791410290156
0.0008001865510291549
0.0005968728199416591
0.0007226244987956834
0.0007181950741845375
0.0033834521157366554
0.0006527903788625093
0.0004927342200413118
0.0007458082956965752
0.00039088886834389813
0.0012485951106000622
0.0004249106190805727
0.0005479606630653874
0.008037049592309161
0.0004673828323732634
0.0036941401256957614
0.0005487460220389948
0.0005519502866513132
0.0005781498620108576
0.00115384940402406
0.00042861751343599983
0.0007639657951663794
0.00045956065699613325
0.003605645876549674
0.00047693279749232994
0.0006134281871053041
0.0006927494434396562
0.0005619714671545442
0.0007834741120707883
0.0005202217841175724
0.0009576667324169199
0.00048255596774335926
0.0008138517971699243
0.003406416012124937
0.0005251224241128829
0.0005146300282254873
0.0016746366466026297
0.0004315076344588753
0.0008816125694127749
0.0004968180867040705
0.0010908321999817986
0.0006619005429563556
0.0005508507840882628
0.00150506193702131
0.003932135309057762
0.000559207003567446
0.0008641147714808009
0.0004896556128647706
0.004783684336960844
0.0005267873851369306
0.0005578247717738969
0.0005330074282079016
0.006207351669957478
0.0007695889654174088
0.000448565631365629
0.0005780556189340248
0.0006388424034912411
0.0011788552337437211
0.0008795078073635069
0.0005168604477105326
0.000818344050498959
0.0005475522763991115
0.0014181069914634935
0.0004392669811181168
0.0008848482483840375
0.0010613969456509914
0.0005212898723216785
0.0008840314750514857
0.00048233606723074916
0.0010289459128615317
0.00819952465676907
0.00047715269800494004
0.0005342011738477849
0.0005351750189750581
0.0027290910189269315
0.0005024726713140441
0.0011340583578891524
0.00045484850315448855
0.000833642843304832
0.0042759968820620465
0.001274826100318551
0.0004428168036788225
0.0007888459674502633
0.0005359289635897213
0.0009146918893811204
0.0027076664261269203
0.0005091639297691796
0.00043486897086591515
0.0032884236799301547
0.00045742448058792097
0.0005608091358736052
0.000661083769623804
0.000631554272216164
0.002331950693153118
0.008598110043054321
0.0007068544906056459
0.0005228291759099491
0.0007633060936285492
0.0034864912130739526
0.0004895299554289933
0.0005009647820847179
0.0007161845552121023
0.000641261309129952
0.0004101458703767527
0.0013452256787127225
0.0009438444144814289
0.0006485494404050291
0.0005372483666653818
0.0006036269071146832
0.016489177109349332
0.0003632128181139717
0.000718791947004479
0.0012279244624147144
0.0004629848221210617
0.000703587397275439
0.0004993940641375029
0.0009364934544884632
0.002723342191240125
0.0004639272528893906
0.0005598981194642206
0.000938472559101954
0.0013370893597461494
0.0005202217841175724
0.0005848725348249373
0.0006597329521891991
0.0007170327429035984
0.0005941711850724496
0.0005826421153398922
0.0012917270254305833
0.0017497169644795016
0.004014629415645488
0.0005023470138782669
0.0006663927962853903
0.0005006820528542192
0.0006938175316437623
0.0009245874124485743
0.0004894357123521605
0.0010417943856697496
0.0005571336558771224
0.006295563189873067
0.000540326973841923
0.0008467112166256599
0.0004661576723744358
0.0007021109224050569
0.0009322839303899273
0.0004701472959603616
0.00045202121084950175
0.0012296522521566507
0.006080123516233072
0.000615941335820848
0.00047410550518734313
0.0009722429949670741
0.00048610579030406494
0.0008250667233130388
0.0037487696958998953
0.0028053650824436866
0.0003693386181081098
0.00075074035005083
0.0003900092662934578
0.0008415592617587951
0.0008621356668673102
0.0004062819042266041
0.000598443537888874
0.000899989969395189
0.00037590421912746805
0.0010700358943606734
0.0006021190178853569
0.002542269826285192
0.0004070986775591558
0.0006011137583991393
0.0007698088659300189
0.0037634087871679382
0.0005033208590055401
0.0006837021080636984
0.0006392193757985726
0.007591719639914796
0.000410177284735697
0.0005514790712671488
0.0008135376535804814
0.0004980746610618424
0.0005545262640847457
0.0010474803846386674
0.0005331959143615673
0.0017294861173193737
0.0041888534503505635
0.0005973126209668793
0.0005399814158935357
0.000674591943969852
0.0005235202918067236
0.000871183002243268
0.00041281609088701806
0.001605682128719896
0.00040807252268642907
0.0014567152386060357
0.0005139703266876572
0.02021165298681285
0.0003837892232224868
0.0005683485820202367
0.0008723767478831513
0.0009501587006292328
0.0005302743789797477
0.00102074676517707
0.0012534329218774841
0.0005356462343592226
0.0005407353605081989
0.0005924433953305131
0.006174115278194411
0.000383066692966768
0.0006579109193704299
0.0005099807031017313
0.0005361488641023314
0.000874669996086085
0.0006448739604085462
0.0006673038126947749
0.0011005078225366422
0.00041784238831810567
0.001154791834792389
0.0016141011769169678
0.000540107073329313
0.0035136960479197144
0.0006150931481293519
0.0005269758712905965
0.0004589323698172473
0.0008909426340192314
0.000962096157028066
0.0005445679122994033
0.0019106841397100837
0.001245924890089797
0.0004427225606019896
0.0008253494525435374
0.00048450365799790573
0.0005583588158759499
0.0005123367800225537
0.0018202422003094504
0.000598757681478317
0.0011817139404076522
0.003779744253818973
0.0009697926749694189
0.00038089910219961143
0.0010642242379559782
0.0018173206649276306
0.0005002736661879432
0.006454174288182826
0.0005973440353258236
0.0005089440292565695
0.0011697764840088191
0.0007375777336531693
0.000508158670282962
0.0004962840426020174
0.0008153596863992507
0.0007436092905704744
0.0061532247294964525
0.0005473323758865014
0.0005632594558712604
0.0008123439079405981
0.021051767188060205
0.00039889952987469407
0.0009406401498691105
0.0006355753101610341
0.00043153904881781957
0.0008499783099558669
0.0005817625132894518
0.0007398081531382144
0.0005728722497082156
0.00076550509875465
0.0004979490036260652
0.0005933544117398977
0.0012786900664686998
0.0005850296066196588
0.0031130058995851952
0.0007576829233775198
0.00045246101187472194
0.0007763116382314884
0.003133833619565265
0.0005224522036026176
0.0007174725439288186
0.002714074955351557
0.0006785187388378892
0.0004881791379943886
0.0005868202250794839
0.0006741207285856875
0.002082520683135393
0.0005625683399744859
0.0005153525584812062
0.0005681286815076266
0.0006590732506513688
0.0032560354758585834
0.0006390937183627954
0.002834611850620828
0.00045767579545947536
0.005270795386751126
0.00042827195548761257
0.0021738422245864667
0.0007037130547112162
0.00047071275442135896
0.0017089725409287473
0.00045176989597794736
0.0006174806394091185
0.0008622927386620317
0.0010669887015430765
0.007114347041397245
0.0004951217113210784
0.0005247454518055513
0.0004912577451709298
0.000606988243521723
0.0006058887409586726
0.0008314124238197869
0.0006510311747616286
0.0005235831205246123
0.0023804544633631137
0.0004900325851721021
0.0006863094998560751
0.000669000188077767
0.000926566517062065
0.001178321189641668
0.0021880415148292894
0.004237137320047949
0.00047143528467707784
0.0006538270527076712
0.0005626311686923745
0.0005205045133480711
0.03879654481005418
0.00043427209804597345
0.0006586334496261488
0.0005298974066724161
0.0005138760836108242
0.0007994326064144916
0.0010207781795360143
0.00042720386728350643
0.0008333286997153891
0.0004867026631240066
0.0007757775941294354
0.0007323629500684157
0.001703349370677718
0.0005210385574501242
0.0028067473142372357
0.0005085356425902935
0.0005389761564073182
0.0005512905851134829
0.0006682776578220481
0.0009262523734726221
0.0005730293215029371
0.0010134272195430486
0.0009322211016720386
0.00046955042314041995
0.0010699730656427847
0.00243319917203059
0.0005510706846008729
0.00491807496452455
0.0004643984682735551
0.0006346328793927051
0.0006427691983592783
0.000519750568733408
0.0011000994358703665
0.000826040568440312
0.0006272819193997394
0.0017851209470097253
0.0016756733204477915
0.000797673402313611
0.0005314367102606867
0.00040244935243539975
0.0006792412690936081
0.0008666593345552891
0.006465326385608052
0.0006233551245317022
0.000877717188903682
0.0005771446025246401
0.0006919640844660487
0.0007458082956965752
0.0039007523644724084
0.0005007134672131634
0.0006079935030079406
0.000444136206754483
0.0007680810761880824
0.0007943748946244597
0.00044316236162720977
0.0006428634414361112
0.0050035848495709285
0.0005053942066958638
0.0007505518638971642
0.0004439477206008172
0.0018353525069616575
0.0004701158816014173
0.00048067110620670137
0.003054135390923581
0.0008944924565799369
0.0004484399739298518
0.0006303291122173363
0.0005749455973985393
0.00615291058590701
0.0006987495859980171
0.0003722287391309852
0.0006388109891322968
0.000566903521508799
0.0005283895174430898
0.0004639900816072792
0.0021330978010357126
0.00048016847646359265
0.000502252770801434
0.0009235193242444682
0.001084360842039273
0.0005079073554114076
0.0011860805363009097
0.002657340623098155
0.0006598900239839206
0.006441985516912438
0.00048139363646242025
0.0005803802814959028
0.0007042156844543249
0.0008421561345787368
0.0005947994722513355
0.0034817476448733634
0.0004431309472682655
0.0004900639995310465
0.0007063204465035929
0.0022225344809501286
0.0005360232066665542
0.0004675713185269292
0.0008743872668555864
0.001870850732568714
0.0005309969092354666
0.0007450857654408564
0.0005291748764166972
0.0012750145864722168
0.0030179146350608056
0.0005296146774419174
0.0004747966210841177
0.0006042237799346248
0.0007970765294936694
0.014713731784894449
0.01639487120379855
0.00047096406929291335
0.0007133258485481713
0.00037116065092687907
0.0007471276987722357
0.00041881623344537894
0.001150173924027577
0.0009385668021787869
0.0023911667597631193
0.0008275484576696383
0.0005168290333515882
0.0007102158270126858
0.0006581936486009286
0.0011265189117425209
0.0005006820528542192
0.005097293882301769
0.0004758332949292795
0.0008076631684578977
0.00038322376476148946
0.0006564344445000479
0.0016698616640430965
0.0003975801267990336
0.0007427296885200341
0.0006016163881422481
0.009766221566039093
0.0019246635294402964
0.0003760298765632453
0.0012091386757660243
0.0005881710425140887
0.00046860799237209103
0.0007976419879546667
0.00044297387547354396
0.0006535757378361167
0.0005918465225105715
0.001420902869409536
0.0008247839940825401
0.0007312948618643096
0.0015848858230987709
0.0006490520701481378
0.0035101776397179533
0.000467759804680595
0.0011086441415032154
0.0004334239103544774
0.000605511768651341
0.0009628815160016734
0.003768969128701079
0.0005186196518114132
0.0009498131426808455
0.00033682475660076153
0.0006384654311839095
0.0075749757865974845
0.0005001794231111104
0.001731402393214976
0.000602024774808524
0.0006024959901926885
0.000781432178739409
0.0005776472322677489
0.001114204483036356
0.0006946971336942026
0.0015297222087925838
0.00047397984775156596
0.0006692200885903771
0.0005439710394794616
0.0007318289059663627
0.013839658661628305
0.000438230307272955
0.0004658435287849928
0.0009590175498515247
0.0003503643453057539
0.0008825235858221595
0.0005166405471979225
0.0008508893263652515
0.0015509897297978734
0.000663722575775125
0.0005078131123345748
0.0007077340926560863
0.0005404840456366445
0.0006704452485892047
0.0029431170464144325
0.0024291781340857197
0.0012872347721015487
0.000468922135961534
0.000978871424704321
0.0006712306075628121
0.00357674466632092
0.0005122425369457207
0.0005372483666653818
0.000514912757455986
0.0013611527586974816
0.009785290081918281
0.0009384097303840654
0.0010182022021025818
0.0005329760138489574
0.0006269363614513522
0.0005835845461082212
0.000445612681624865
0.002566396053954413
0.0003564587309409477
0.0006234493676085351
0.001601786748210803
0.00046970749493514146
0.0035184396161203036
0.0003988052867978612
0.000775212135668438
0.0005090382723334023
0.0005732492220155472
0.001195913230650475
0.0004298740877937718
0.0008373183233013148
0.007114409870115134
0.0004310992477925994
0.0004772155267228286
0.020366902748715568
0.0004829329400506908
0.00044174871547471636
0.0005352064333340025
0.0007228758136672379
0.00042594729292573454
0.0007736414177212231
0.0007934010494971865
0.00047310024570112563
0.0016104571112794293
0.00047555056569878083
0.007038575607623599
0.0004928598774770889
0.0006042866086525135
0.0007243522885376198
0.0004876765082512798
0.0006281929358091241
0.0022614254573231694
0.00040147550730812654
0.0006415126240015064
0.00048544608876623465
0.0005599295338231648
0.0012048349085906555
0.0023707788408082703
0.00042302575754391486
0.0005685056538149582
0.0018894794474226828
0.0005962131184038289
0.0006052604537797867
0.0005349551184624481
0.001863028557191584
0.002735059747126348
0.00039933933089991426
0.0015558903697931838
0.007275502702781493
0.0005057397646442511
0.0004755819800577251
0.0007945633807781255
0.000438230307272955
0.0015830952046389458
0.001260155594691564
0.002413062567947295
0.0005134991113034926
0.0008002179653880991
0.0005032266159287073
0.0006419210106677822
0.002288944435758374
0.0006082134035205507
0.0020097021991025104
0.0005399500015345914
0.0007724162577223956
0.0006579109193704299
0.0023706217690135484
0.005091168082307631
0.0004802627195404255
0.001913228702784572
0.0004486284600835176
0.0007385515787804425
0.0032446948922796918
0.0004077583790969861
0.0005159494313011479
0.0006357637963146999
0.001159849546582421
0.0007856102884790006
0.003349650265512591
0.015296719458182728
0.0004229629288260262
0.000696739067025582
0.000430533789331602
0.0006540155388613369
0.004345359786611056
0.0004044598714078348
0.0007169070854678212
0.0006583507203956501
0.000681974318321762
0.0005118655646383891
0.0006687174588472683
0.0015385182292969872
0.0008216739725470546
0.0006340360065727635
0.0006826026055006479
0.0043705855168433266
0.0028290515090876873
0.0005137190118161027
0.0005703276866337274
0.005198542361179241
0.00044033506932222296
0.0006238891686337553
0.0006759427614044569
0.0004336123965081432
0.0006767909490959529
0.0007035245685575503
0.0037086221451690824
0.00042905731446122
0.0005552173799815202
0.003643060378052333
0.0004294971154864402
0.0005381593830747664
0.0012539669659795373
0.0008718741181400425
0.0019564234463329815
0.01815159357032263
0.0004458954108553637
0.0005669349358677433
0.0006826968485774808
0.0005207244138606812
0.000725106233152283
0.001429761718631828
0.00042469071856796265
0.000522609275397339
0.00047093265493396906
0.001317958015149072
0.0008238415633142111
0.0011311054081483884
0.0006670839121821648
0.0004056536170477181
0.0034239766387748
0.0017275698414237716
0.0004416858867568278
0.0006467274075862598
0.0010217520246632876
0.000524399893857164
0.0007513372228707717
0.0006818172465270406
0.0009662114380497689
0.0012231808942141254
0.00043637686009524143
0.0162505222244495
0.0004014440929491822
0.00047875483031109924
0.0005853437502091019
0.0006547380691170558
0.0008348051745857711
0.0020065293488491366
0.0006447168886138248
0.0005132163820729939
0.00043458624163541647
0.0009892381631559392
0.0016993597470917922
0.0018637510874473027
0.0021940102430287062
0.0004513929236706158
0.00047143528467707784
0.0021085946010591604
0.010013515399648605
0.0005565996117750693
0.0006542982680918356
0.0004957814128589087
0.001134246844042818
0.0003855170129644232
0.0010793345446081855
0.0007995582638502689
0.0008453918135499994
0.0006193340865868321
0.0028722462526360967
0.0006608952834701382
0.0005120226364331106
0.00044221993085888085
0.0016807310322378235
0.0007637773090127136
0.000855789966360562
0.0015999333010330895
0.0018227553490249941