0.0001299297885936159
0.00019480043981359097
0.00022546085414322566
0.00028508530741950297
0.00034392440172217284
0.0004262300221562332
0.0005478350056296102
0.0007243522885376198
0.0008328888986901689
0.0009240219539875769
0.0013029105372147534
0.001485239476527458
0.00222335125428268
0.0020463313416315618
0.0031489753405764165
0.0032762977373776555
0.0037400993328312693
0.003928051442395003
0.003871191452705824
0.0036664012467479464
0.003746853420004293
0.0027802335952882484
0.0037556808548676406
0.003247145212277347
0.004473341884950125
0.004454493269583547
0.005567629664415797
0.0036529244867608427
0.006332757790863115
0.004811737359498101
0.006185832834080634
0.004988694443431332
0.007483622830787466
0.004383528232728378
0.00674372043457242
0.005663317801760128
0.007066126000417748
0.004995574188040133
0.008114831545055243
0.005065439722332251
0.006720128251005252
0.005902004101018903
0.00752326775177517
0.004524358803875665
0.007883653277584156
0.0053252364708015944
0.006785847089916723
0.005689957178144892
0.007690486384435668
0.004495583251082688
0.007383379611396212
0.005502319212170601
0.006804821362719079
0.00545092532093773
0.008119166726589556
0.004616811262248733
0.006757731238661576
0.005768210346275138
0.0067831454550475135
0.005232689769351693
0.008195597861901034
0.0046106540478956515
0.00634215068418746
0.005935994437396633
0.006473839676881956
0.0053587241774362155
0.008170780518335037
0.004469226603928422
0.006299018769356939
0.005921292517410702
0.0063058985139657405
0.00553147173727091
0.007958293794435807
0.004294280038967627
0.006434728799996306
0.0057690585339666344
0.006238451885312333
0.005606269325917282
0.007636516515769364
0.004206319833923593
0.006538521841948266
0.0057325550488733605
0.006130920534646001
0.005746974239628793
0.007113278953193139
0.003989215199259551
0.006954133810781326
0.005453092911704887
0.006219100640202645
0.005501471024479105
0.0074120923354713
0.004075950244304757
0.006568648212175847
0.005534236200858008
0.006251174700684773
0.005154844987887723
0.007626275434753523
0.004238990767225663
0.006369732491340554
0.005559807489038666
0.006115024869020187
0.005417092056354721
0.0074584285149141396
0.00402166623204901
0.006530354108622748
0.005454129585550048
0.006122815630038372
0.005250564539590998
0.007554022409181638
0.00409753190889949
0.006343281601109455
0.005429249413266164
0.006055117686513411
0.005187327435036126
0.007564263490197479
0.004056096369451961
0.006261321538623781
0.005488308408081444
0.00588868441282652
0.005360860353844428
0.007211920040278235
0.0038890662229451294
0.006586617225491986
0.005298911238006273
0.006001147817847107
0.005169201349925267
0.00740361045855634
0.004042116979721748
0.006196388058685918
0.0054764651947594445
0.005851207082605973
0.005392463198942391
0.007142148749062949
0.003852342837339245
0.006508426886079628
0.0053120738544039335
0.005802954627267531
0.00534245153950307
0.007102095441408969
0.0038315779460770644
0.006341428153931741
0.00542227542558053
0.005725769547341392
0.005413699305588737
0.006848361664215876
0.003731868770787863
0.0066929862448773785
0.005020140216734573
0.005905428266143831
0.005023281652629003
0.007192757281322213
0.0038949721224266574
0.006142512433096447
0.005318576626705403
0.005767770545249918
0.0053194876431147875
0.007091414559367908
0.0038429813583738446
0.006283280175525846
0.005320367245165228
0.005626060372052191
0.005442380615304881
0.0063830521795329356
0.003926920525473008
0.0073435462042548425
0.0044958659803131865
0.005586415451064487
0.005449794404015735
0.0057690585339666344
0.005082560547956893
0.007610599669640319
0.004066808665851966
0.005695768834549588
0.005407604919953543
0.005730544529900925
0.004870482210723939
0.007535079550738227
0.003975110152093561
0.005652354190488568
0.005495973511663853
0.0054080447209787635
0.0055574199977589
0.0057064811309495925
0.005634887806915538
0.004978955992158599
0.007543310112781632
0.004223817631855567
0.005093367087433732
0.005806127477520906
0.0049090590435075365
0.0065344065609265626
0.004244142722092528
0.006609424050085546
0.004473687442898513
0.00585557367849923
0.005004684352133979
0.0065242283086286105
0.003974042063889455
0.006315259992931141
0.004762322572878721
0.0059050512938365
0.0046978917226839665
0.007230328854619593
0.004051415629969261
0.005568760581337791
0.005196154869899474
0.005699318657110293
0.004838628050754421
0.007642893630635057
0.004047174691511781
0.005413887791742403
0.005396672723040927
0.005270669729315349
0.0055652107587770856
0.005465438754769995
0.006360967885195095
0.003944889538789147
0.0059495654404605695
0.005145546337640211
0.005550603081867987
0.005208532127323528
0.0070670056024681885
0.003931789751109374
0.0054459618522245306
0.005646385462289151
0.004834261454861163
0.006399733204132358
0.004137019758092472
0.006257488986832577
0.004576098253056923
0.005784891370874561
0.004707441687803033
0.0068036590314381395
0.004019278740769244
0.0056627837576580745
0.0051274202525293505
0.005606489226429893
0.004750605016992498
0.007642893630635057
0.003958586199288861
0.005173630774536413
0.005289832488271371
0.005267999508805084
0.005277675131359927
0.005904988465118611
0.004208204695460251
0.0067060546181982065
0.004273923534371722
0.0058040227154716375
0.004655922139134384
0.006245080315049579
0.0040211950166648466
0.00629449510166896
0.004414879762954787
0.005742010770915594
0.004641377290943174
0.0064239850892373555
0.003889129051663018
0.0060250541450037175
0.004558129239740785
0.005778765570880422
0.004387392198878526
0.006942447669254047
0.00395236615621789
0.005436286229669687
0.005052936807472421
0.005524120777277944
0.004743725272383697
0.007452899587739943
0.003911087688565082
0.005132289478165717
0.005385206482026259
0.005054696011573301
0.00553147173727091
0.00526190512316989
0.005949314125589016
0.004048902481253717
0.005949628269178458
0.00470106457293734
0.005492046716795816
0.005222008887310631
0.0061603872033357526
0.003868364160400837
0.005990749665036544
0.004769642118512742
0.005493523191666198
0.005103796654603239
0.006599591355735981
0.003840405380940412
0.00559967231053898
0.005214406612446112
0.005107126576651334
0.005830505020061681
0.004238519551841498
0.006808748157587116
0.004134255294505374
0.0053311109559241775
0.005337990700532979
0.0051854111591405246
0.0058942133400007165
0.004176570436003344
0.006830832451924957
0.0041100976524772095
0.005127357423811462
0.005532539825475016
0.004882639567635382
0.006536228593745332
0.003994555640280082
0.005911962452804245
0.004621240686859879
0.005760765143205339
0.004438094974214623
0.007065057912213642
0.00395456516134399
0.00525606205240625
0.005231621681147587
0.005272083375467842
0.005362273999996921
0.005370850119988715
0.005485512530135402
0.0049395309716835055
0.006960322439493353
0.0037929068702166335
0.00514824797250942
0.005433333279928923
0.004740866565719766
0.0066391734480057965
0.003945549240326977
0.0057072664899232
0.004736248654954954
0.005777917383188926
0.00439326668400111
0.007179594664924552
0.003966376960307046
0.005195997798104753
0.005236553735501841
0.005270638314956405
0.005510392702419286
0.004934002044509308
0.007262277257665944
0.003834091094792608
0.0050341824351826745
0.005375153887164083
0.004969123297809034
0.006225697655580948
0.00397831441670588
0.006403754242077228
0.004164444493450844
0.005553053401865642
0.004921090742983202
0.006346423037003885
0.0037902366497063683
0.006202168300731669
0.0044854678275026245
0.005767110843712088
0.004457037832658034
0.007079100130661743
0.0038191378599351225
0.005350650687187531
0.00518450014273114
0.005362839458457919
0.0053747455004978075
0.005611672595655702
0.0043167727199717445
0.007450574925178065
0.004041017477158698
0.005547870032639833
0.00468878155859012
0.006252808247349877
0.003881746677311108
0.006568553969099014
0.004144841933469603
0.005702679993517333
0.004596046370986553
0.006594313743433338
0.003743994713340362
0.0060659870547081374
0.00445458751266038
0.005960340565578464
0.004260258288230953
0.007463894613370448
0.0037906764507315885
0.00534355104206612
0.0052305535929434805
0.005518623264462692
0.005190751600161055
0.006895797346221765
0.003415871734167171
0.006060709442405495
0.004933028199382036
0.005656092499202939
0.004978076390108159
0.007269125587915801
0.003439369674657506
0.005826483982116811
0.00531402154465848
0.005419699448147098
0.005957261958401923
0.004506609691072137
0.007664004079845625
0.003893652719350997
0.004967018535759766
0.00597011043121014
0.004519709478751909
0.007253826795109928
0.003775346243566771
0.005846337856969607
0.004969280369603755
0.0059801316117133714
0.004443686730106708
0.00855101991899682
0.003715941690803104
0.0049512799419286725
0.0056498410417730235
0.005096257208456607
0.006054772128565023
0.00468607992372091
0.00789816671141642
0.0038107188117380507
0.005125284076121139
0.005919784628181375
0.0047400812067461585
0.007260957854590283
0.0037667387092160335
0.0061343132854119855
0.0049278134157972825
0.006115967299788515
0.004474221487000565
0.008392094677097617
0.0036944856836441486
0.005235894033964011
0.005775467063191271
0.005100466732555143
0.006557873087057953
0.004128537881177512
0.007286906115078273
0.004164884294476065
0.005698313397624075
0.005550446010073266
0.006031776817817797
0.004525803864387103
0.009107211144105612
0.003884793870128705
0.0048581363676588295
0.005814358039564311
0.005081555288470676
0.006547977563990499
0.004098819897616206
0.007457800227735254
0.00400982301872701
0.005852055270297469
0.00535071351590542
0.0062405252330026565
0.003967916263895317
0.008638289008144078
0.0038975166855011456
0.005102163107938135
0.00583678789185054
0.005153274269940508
0.006898530395449919
0.0038476935122154893
0.007061005459909828
0.0043911305075928974
0.0060862493162272095
0.004960672835253018
0.007536021981506555
0.0035369740878974393
0.006216273347897658
0.005407604919953543
0.005759979784231732
0.005772451284732618
0.00556992291261873
0.009195328420944367
0.0034223745064686406
0.005223139804232627
0.005975168143000173
0.004973207164471792
0.006744725694058637
0.004221650041088411
0.007843380069417566
0.0038808356609017236
0.00582428497699071
0.005737361445791837
0.0054402444388966685
0.007189678674145671
0.0035351206407197256
0.007260392396129286
0.004651838272471625
0.006047326925495224
0.004989574045481772
0.008124381510174309
0.0034485426674692407
0.006001619033231272
0.005707423561717922
0.0054416266706902175
0.007059466156321557
0.003705040908249433
0.007226779032058888
0.004477300094177106
0.006124512005421364
0.0051999560073317345
0.007616694055275512
0.0033678391793413396
0.006522123546579342
0.0052816019262279645
0.005867416891821231
0.005506277421397583
0.00717431705262191
0.0032856592163430566
0.007168191252627772
0.004918860323498158
0.005973346110181403
0.005134834041240205
0.008434378404236642
0.0032633864358515494
0.005713894919660447
0.006119108735682945
0.004829989102044739
0.007474324180539955
0.003677867487762615
0.006526207413242101
0.00488314219737849
0.00632066326266956
0.004509782541325511
0.008631032291227945
0.0036203477965356056
0.005183400640168089
0.006222524805327574
0.004579867976130239
0.007475706412333504
0.003709815890808966
0.006231697798139309
0.004968337938835427
0.006417545145653775
0.004219482450321254
0.008549951830792712
0.003682391155450594
0.005110927714083595
0.006104878031081179
0.004704017522678104
0.007499832640002724
0.0036653017441848957
0.006236284294545176
0.004882136937892273
0.0063234591406156025
0.004305306478957076
0.008741422348558209
0.0035758650642704797
0.005054601768496468
0.005973785911206624
0.004754594640578424
0.007431474994939932
0.0036138764385930805
0.006229655864807929
0.00488738313583597
0.006347522539566935
0.0041828218934332586
0.008418545567328715
0.0036696055113602647
0.005102006036143414
0.005919533313309821
0.0047970668538711144
0.007408228369321152
0.003582524908366671
0.006090772983915188
0.004983793803436021
0.006235624593007346
0.004329338463549464
0.008667001732219166
0.003456521914641092
0.005000537656753332
0.006111820604407868
0.004573836419212934
0.007569729588653787
0.0035851637145179922
0.006068060402398461
0.004952442273209612
0.006158910728465371
0.004351391343528361
0.008610581543555207
0.003453757451053994
0.005005375468030753
0.005989712991191382
0.004662487740153743
0.0069971714825350145
0.003703501604661162
0.006469755810219198
0.004459519567014634
0.0064456609969089215
0.004096495235054328
0.007433297027758702
0.0036819513544253737
0.00576544588268804
0.005349174212317149
0.005589022842856863
0.005074612715143986
0.008992046104215817
0.0031397709334057373
0.004922441560417807
0.005864840914387799
0.004678446234497446
0.0067628517791694966
0.0038143000486577008
0.006806988953486235
0.004070170002259007
0.006079777958284684
0.004718216812920927
0.00675622334943225
0.003496795122807682
0.006758296697122574
0.004409822051164755
0.006108459268000828
0.004403539179375895
0.008023164445655782
0.003421997534161309
0.005251852528307715
0.005628039476665681
0.005011218538794393
0.006949138927709183
0.003447129021316747
0.006470164196885474
0.004457509048042199
0.006075599848545093
0.004283159355901346
0.007968283560580094
0.003423159865442248
0.005363593403072582
0.005647704865364812
0.004973615551138068
0.007014637866108044
0.00350182142023877
0.006155643635135164
0.004749913901095724
0.0060600811552266095
0.004313191483052095
0.007963979793404725
0.0034082066305847624
0.005140677112003844
0.005822808502120328
0.00457066356895956
0.007393212305745777
0.003476721347442276
0.005725204088880395
0.005101817549989748
0.005747351211936124
0.004558569040766005
0.008864692293055632
0.0033886983136803533
0.0047066877431883695
0.00571310956068684
0.004850377020999588
0.0061954456279175885
0.003965905744922882
0.007181856498768542
0.0037612411964007813
0.005439333422487284
0.005493209048076755
0.004875382850719249
0.0070351828568576144
0.0031860128697717436
0.00605175635010637
0.004869476951237721
0.005919250584079322
0.004427005705507286
0.008159094376807759
0.0032523599958621005
0.004997490463935735
0.005780147802673972
0.004641974163763116
0.006865419661122629
0.0035487858868604952
0.006132522666952161
0.004529039543358366
0.006293898228849019
0.003923433531630191
0.007145195941880546
0.0035841584550317745
0.005507816724985853
0.005281916069817407
0.005278743219564033
0.0055638285269835365
0.004812114331805433
0.007601049704521252
0.0032992302194069932
0.005483470596804023
0.004846952855874659
0.0061037471141591835
0.004076829846355197
0.007658161009081985
0.0034790145956452097
0.005139483366363961
0.005637809342297358
0.004565762928964249
0.007335786857595601
0.0034213064182645344
0.005462360147593454
0.005184311656577474
0.005362399657432699
0.005063334960282983
0.0068526340170323
0.0030940630411417838
0.005830347948266959
0.005265957575473704
0.005019009299812579
0.006077673196235416
0.003759419163582012
0.00747093142977397
0.0036869776518564613
0.005041219251586198
0.005550854396739541
0.0046617652098980234
0.0073566145775756705
0.0032839000122421758
0.005308304131330618
0.00525854378676285
0.005229422676021485
0.0054111233281553045
0.005215788844239661
0.005359729436922433
0.005616447578215235
0.004226236537494279
0.0071528296311040105
0.0036207561832018813
0.005567661078774741
0.004710331808825908
0.0057704407657601835
0.003729449865149152
0.007620432363989883
0.003583058952468724
0.004910221374788476
0.005369876274861442
0.005200395808356954
0.005216479960136435
0.0055375975372650476
0.004304992335367633
0.007108880942940938
0.0033091885711923354
0.005266523033934702
0.005181986994015596
0.005297434763135891
0.004368323682999337
0.00895450594527738
0.0032563496194480263
0.004368072368127783
0.005257255798046133
0.004973364236266514
0.00560705468489089
0.0043822402440116615
0.00749797919282501
0.003357126882941334
0.004919802754266486
0.005517869319848029
0.004295536613325399
0.007286372070976221
0.0033317440809143414
0.005319770372345286
0.005020674260836627
0.005568415023389404
0.004370993903509603
0.007955874888797097
0.0031177808821447285
0.004724719585222396
0.005530623549579413
0.0046833782888517006
0.006203676189960995
0.003594148221176061
0.006509432145565846
0.0038887520793556866
0.005749424559626448
0.004474221487000565
0.006618942600845668
0.0033666454337014564
0.00578087033292969
0.004611910622253423
0.006036394728582609
0.0038237557706999343
0.007091885774752072
0.0034914860961460957
0.005171588841205033
0.005335760281047934
0.004669932943223541
0.006945714762584255
0.0032004634748861206
0.005517743662412251
0.00473015426931976
0.00580571909085463
0.004056410513041404
0.007401945497532292
0.003291847845055083
0.0049875321121503925
0.005274533695465497
0.004874314762515143
0.005956602256864093
0.003536754187384829
0.006665875653108449
0.003824132743007266
0.0053339382482291645
0.00504599423414573
0.005269161840086023
0.004783715751319788
0.007970042764680975
0.0030434230945235756
0.004680111195521494
0.005321875134394555
0.004718468127792481
0.006001650447590216
0.0037060147533767057
0.006836298550381265
0.003686726336984907
0.005268345066753471
0.004962180724482344
0.0055347388306011165
0.003999927495659556
0.008293547833089355
0.0033456920562856094
0.004500892277744274
0.005225715781666059
0.0049119177501714675
0.005749173244754894
0.0037500576846166114
0.007406846137527603
0.003554534714547302
0.004851225208691084
0.005116896442283011
0.005106027074088284
0.005672647866366584
0.0035963786406611065
0.0076503702480638
0.003634013042676375
0.004728363650859935
0.004993689326503474
0.005327875276952916
0.0048318739635813965
0.005992288968624815
0.003137320613408082
0.006599559941377037
0.004222561057497795
0.005249245136515338
0.004751076232376662
0.006647435424408147
0.003107571215487832
0.005574132436717266
0.004786448800547942
0.005493209048076755
0.0041698163488303195
0.007629888086032118
0.003081340225769343
0.004666571606816501
0.0053049427949235775
0.004708321289853473
0.005944570557388426
0.003692726479543268
0.006857817386258109
0.0037120148959350666
0.0049773224454934956
0.005162510091470131
0.005176363823764567
0.005270481243161683
0.003958491956212028
0.008733725830616856
0.0033460061998750526
0.004266101358994592
0.0051840289273469755
0.005008579732643072
0.005307424529280178
0.0045264635659249325
0.0072299832966712056
0.0032108930420556275
0.004955175322437766
0.005192887776569267
0.004820376308207783
0.006033504607559734
0.0034711295915501907
0.0068385289698663105
0.0037458167461591313
0.005083440150007334
0.004977259616775607
0.00536101742563915
0.0041916179139376624
0.008377047199163297
0.0032155109528204393
0.004386889569135417
0.00515138940840385
0.004927687758361505
0.005371321335372879
0.004414157232699068
0.007049005174793106
0.0032692923353330773
0.005055387127470076
0.004940379159375001
0.005235988277040844
0.004789967208749703
0.005944727629183148
0.0034786690376968224
0.006823198762701493
0.0037865297553509414
0.005126477821761022
0.0050501723438853225
0.005095943064867164
0.004348249907633931
0.00885517374229551
0.003233102993829246
0.00418414129650892
0.005228260344740547
0.004748186111353787
0.005631149498201166
0.004046891962281282
0.006967893299998929
0.003393630368034608
0.004881225921482889
0.005195212439131146
0.004781956547218907
0.00593480069175675
0.0033760383270258014
0.00637592112005258
0.004044253156129961
0.005244124596007417
0.00454917614744166
0.00642941977333472
0.0032077201918022536
0.005623013179234594
0.004597302945344325
0.005541398674697308
0.004064829561238476
0.007063267293753817
0.003271931141484398
0.004936923579891128
0.005090257065898246
0.004925268852722794
0.005211516491423236
0.004334961633800493
0.007434553602116473
0.003334477130142495
0.004812836862061152
0.004933028199382036
0.005149504546867192
0.005110864885365706
0.004934724574765028
0.005321498162087223
0.005020454360324017
0.0046150834725067974
0.004930295150153882
0.006341553811367518
0.003153813151853838
0.006146439227964484
0.004302102214344758
0.0054197936912239305
0.004340396317897856
0.007091320316291075
0.003177719479010449
0.0051128754043381405
0.005012914914177385
0.0049847048198454055
0.005457396678880256
0.004056881728425568
0.007564263490197479
0.003464815305402387
0.004672823064246417
0.0050503294156800434
0.004836900261012484
0.0061312346782354445
0.003234987855365904
0.006388675349783965
0.003841442054785574
0.00527776937443676
0.004595229597654001
0.0061254544361896935
0.0033299848768134606
0.006256892114012635
0.003955570420830208
0.0054168093271242225
0.004269682595914242
0.006752265140205269
0.0032456059086890766
0.005296680818521227
0.004684006576030586
0.005534047714704342
0.003965654430051328
0.007332017134522285
0.0032785909855805894
0.004756825060063469
0.005060005038234888
0.005094246689484172
0.0048275073676881395
0.005789509281639372
0.00321076738461985
0.006471169456371691
0.004164224592938234
0.005154782159169834
0.004765935224157315
0.00619092196022961
0.00308906815806964
0.0059217637327948665
0.004297578546656779
0.0055637971126245925
0.004191366599066108
0.007081079235275234
0.0031702742759406504
0.004954012991156827
0.004990893448557432
0.005040936522355699
0.005072947754119938
0.004995134387014912
0.005439678980435671
0.004298740877937718
0.005904737150247056
0.00376130402511867
0.006184293530492363
0.003764131317423657
0.005584750490040439
0.004430932500375323
0.005858903600547326
0.003503769110493316
0.006464352540480779
0.003834373824023107
0.005146551597126428
0.004835737929731545
0.005544697182386459
0.0036479924324065876
0.007168222666986716
0.0036425891626681683
0.004720918447790137
0.005154844987887723
0.004844659607671726
0.005606803370019336
0.003698632379024796
0.00724185792435215
0.0036499715370200787
0.004744447802639416
0.00474425931648575
0.005678867909437555
0.003969392738765699
0.00710809558396733
0.003415463347500895
0.0045756584520317035
0.005241894176522372
0.004637387667357248
0.0060381225183245455
0.0035879281781050903
0.006273478895535225
0.003981173123369811
0.005276198656489545
0.004540191640783591
0.006327700079073083
0.0032913766296709186
0.005648144666390032
0.004459236837784136
0.0055288015167606445
0.004135700355016812
0.006955421799498042
0.0033068639086304575
0.004887571621989636
0.005341414865657907
0.004447927668564188
0.006257331915037856
0.0034580298038704186
0.005967974254801928
0.003948910576734017
0.005690114249939614
0.004098788483257262
0.006529380263495475
0.003494124902297417
0.005462265904516621
0.004491248069548375
0.0057978969154775
0.0036379398375444125
0.006793732094011741
0.0035551630017261874
0.005008516903925183
0.005030067154160971
0.005000192098804945
0.005004652937775035
0.005458684667596972
0.0033908344900885658
0.007538126743555824
0.003649814465225357
0.004672854478605361
0.005050800631064208
0.00504087369363781
0.00504153339517564
0.004775076802610106
0.006368004701598617
0.003291847845055083
0.005362148342561144
0.004625575868394192
0.005457239607085534
0.004170004834983985
0.007128703403434789
0.003321691486052166
0.004827633025123916
0.005059722309004389
0.004883896141993154
0.00556722127774952
0.0036559088508605507
0.0071222948742101526
0.00368616087852391
0.004866366929702236
0.004882608153276438
0.005334220977459663
0.004303013230754142
0.0073130114473609845
0.0033043193455559693
0.004629973878646394
0.005156761263783325
0.004809883912320388
0.0055452940552064
0.003921705741888255
0.007081864594248841
0.003559121210953169
0.00484220928767407
0.004995291458809634
0.004979709936773262
0.005476685095272054
0.0037415758077016512
0.007628097467572292
0.0036198765811514414
0.00462994246428745
0.0046383615124845215
0.00554017351469848
0.004225639664674336
0.007046397783000729
0.0034248876551841844
0.00469434190012326
0.005230145206277205
0.004811768773857046
0.005281916069817407
0.004301348269730094
0.006927620091832339
0.0032935128060791307
0.004911697849658858
0.004960515763458296
0.0051417452002079506
0.004975217683444228
0.005107126576651334
0.004725442115478116
0.007783127328962402
0.003152525163137122
0.0044970911403120145
0.005186227932473076
0.004783181707217735
0.0056278824048709595
0.003995906457714686
0.006904342051854614
0.003487904859226446
0.004986840996253618
0.0048711104979028245
0.00518676197657513
0.0048828280537890475
0.005862453423108031
0.0031569860021072125
0.0062492584247891714
0.004251525096444438
0.00520774676834992
0.0047155780067696055
0.006413524107708905
0.0031412788226350633
0.0055840593741436646
0.004677252488857563
0.005186416418626742
0.004671535075529701
0.0060278814373087046
0.003201531563090227
0.006127590612597906
0.0042745204071916645
0.0053455929753974995
0.004467278913673876
0.0063728739272349835
0.0032676587886679735
0.0056673388397049974
0.004580370605873348
0.005261716637016224
0.00451540571157654
0.006728390227407602
0.0031465564349377056
0.005268722039060802
0.004892315190190226
0.005011407024948059
0.005072130980787386
0.00497691405882722
0.004932996785023091
0.0056264059300005775
0.004215178683145885
0.006283971291422621
0.0035016957628029926
0.005645537274597655
0.004324657724066763
0.005695486105319089
0.003598860375017706
0.006719719864338976
0.003784739136891116
0.005073890184888267
0.004465456880855106
0.006304830425761634
0.003302591555814033
0.005752691652956655
0.004265724386687261
0.005663129315606462
0.003927862956241338
0.006685446798730747
0.003444992844908535
0.005046339792094118
0.004787642546187825
0.00546276853425973
0.003928962458804388
0.007410615860600918
0.0033922795506000033
0.004555521847948408
0.005030883927493524
0.005012066726485889
0.004884587257889928
0.005613526042833415
0.0033081518973471736
0.006747804301235178
0.003943538721354542
0.004894137223008995
0.004876073966616023
0.005705915672488596
0.003421463490059256
0.0067250917197184505
0.003754455694868813
0.004917666577858274
0.004943332109115765
0.005208060911939363
0.003839023149146863
0.007938534162659844
0.00342799767671967
0.004404324538349502
0.005011752582896446
0.005121671424842544
0.0046879333708986235
0.006199435251503515
0.0031959083928391973
0.0057107220694070735
0.0046427281083777795
0.005244093181648473
0.004516442385421702
0.0068269684857748085
0.0032295845856274846
0.005147494027894757
0.004799988389252934
0.0053106916226103845
0.004589417941249306
0.006642911756720168
0.0031906621948955
0.005239223956012107
0.004899603321465303
0.005098016412557488
0.004659000746310925
0.006325406830870149
0.003100942785750585
0.005682543389434038
0.004610528390459874
0.00520130682476634
0.004448493127025186
0.006801271540158373
0.0032300558010116493
0.005131001489449001
0.004963625784993782
0.004987940498816668
0.004929132818872943
0.005161661903778635
0.004868974321494612
0.005243684794982197
0.004606790081745502
0.006323019339590383
0.003298821832740717
0.005520916512665626
0.0044519487065090586
0.005647390721775369
0.0037335023174529663
0.006773846804800001
0.0036369974067760836
0.005096445694610273
0.004579239688951353
0.00598245627427525
0.0034160288059618925
0.006341239667778075
0.003909925357284143
0.005278837462640866
0.004366941451205788
0.006478708902518323
0.0033726455762598173
0.005425919491218069
0.004478839397765377
0.005619494771032832
0.003892804531659501
0.006907326415954322
0.0034599774941249653
0.004966264591145103
0.0048204077225667274
0.00539588736406732
0.004015603260772761
0.007373107116021427
0.003363661069601748
0.004624916166856363
0.004859204455862936
0.005250847268821497
0.004452608408046888
0.006588596330105476
0.003300581036841598
0.005161410588907081
0.004778406724658201
0.005152991540710009
0.004759997910316843
0.005978340993253547
0.0032119297159007893
0.005950099484562623
0.004414942591672675
0.00513238372124255
0.004372910179405205
0.0069317353728540415
0.0032211027087125244
0.004941290175784386
0.004906702966586714
0.0051112418576730375
0.004773003454919782
0.005575640325946592
0.003189656935409282
0.006368632988777503
0.004084714850450216
0.005204448260660769
0.004551720710516148
0.006471734914832689
0.003195971221557086
0.005511303718828671
0.00464938795247397
0.005433301865569979
0.0041566537324326585
0.0069594428374429125
0.00328013028916886
0.00504153339517564
0.00479593593694912
0.005302680961079588
0.004528788228486811
0.006731091862276811
0.0032344223969049068
0.0050995557161457586
0.004843937077416007
0.0051606880586513625
0.004643010837608278
0.006535348991694892
0.0031535932513412283
0.005369624959989887
0.004738102102132667
0.0053048485518467445
0.004517510473625808
0.006875817813933192
0.003243721047152419
0.00505073780234632
0.004973929694727511
0.005111932973569812
0.004801873250789592
0.005775812621139658
0.003281198377372966
0.006491023331224487
0.004090746407367522
0.005087743917182703
0.0046661003914323365
0.006042332042423082
0.003301680539404648
0.006099097789035428
0.004246027583629186
0.0053571220451300566
0.004252184797982268
0.006472049058422131
0.0033077120963219534
0.0053789550245963436
0.004644989942221769
0.005377729864597516
0.004342720980459735
0.0067217932120293
0.0032006519610397865
0.005103828068962183
0.004845444966645333
0.0051840603417059195
0.004667985252968994
0.006122344414654208
0.003157802775439764
0.005691150923784776
0.004531552692073909
0.005177180597097118
0.004383214089138935
0.0067309033761231455
0.0031337079621294875
0.005170426509924095
0.004841204028187853
0.005156478534552826
0.004768322715437082
0.005890632103081067
0.0031832798205435895
0.005969105171723923
0.004344103212253284
0.0052654549457305955
0.004372753107610483
0.006807208853998845
0.0033033769147876404
0.0051418394432847835
0.004811234729754993
0.005201935111945225
0.00458206698125634
0.006291070936544032
0.0031465878492966497
0.005507910968062686
0.004794428047719793
0.005040779450560977
0.004823831887691656
0.0059201930148476516
0.003219689062560031
0.005925533455868182
0.004331851612265008
0.005165337383775118
0.0044171730111577205
0.006718463289981204
0.0033103509024732746
0.005233443713966356
0.004803129825147364
0.005335320480022714
0.004421194049102591
0.006846665288832883
0.0032975652583829454
0.005018569498787358
0.004990673548044822
0.00492457773682602
0.0052568474113798575
0.00439706782143337
0.006366559641087179
0.0036459504990752085
0.005103136953065408
0.00500440162290348
0.00494848406398263
0.005552739258276199
0.0035998970488628677
0.00682420402218771
0.003768435084599026
0.004814187679495757
0.004990170918301714
0.005224207892436732
0.0047168974098452665
0.00580411695854847
0.0036644849708523442
0.006381952676969885
0.0038105931543022734
0.005459941241954743
0.004284918560002226
0.006011420313221892
0.003712360453883454
0.006043337301909299
0.0039559788074964835
0.005595462786440445
0.0040940763294156175
0.0062579916165756855
0.0035429114017379113
0.005700795131980675
0.00415681080422738
0.005704659098130824
0.003788603103041265
0.006522154960938287
0.003707082841580812
0.005158174909935818
0.004630539337107392
0.005830253705190126
0.003582933295032947
0.006503620489161151
0.003776822718437153
0.005213307109883061
0.004534914028480949
0.005958832676349137
0.0034400607905542805
0.006023294940902837
0.004013121526416161
0.005514822127030432
0.00404943652535577
0.006495955385578742
0.003445181331062201
0.005373865898447367
0.004617628035581285
0.005545922342385287
0.003914606096766844
0.0067091646397336915
0.0035733833299138804
0.005072382295658941
0.004677315317575451
0.005527167970095541
0.0038495469593932026
0.0068168216478358004
0.0036009337227080294
0.004989574045481772
0.004696006861147308
0.005650437914592966
0.00373425626206763
0.006519076353761745
0.003686726336984907
0.005240700430882489
0.004511416087990614
0.005857395711318
0.003528523625341423
0.006066364027015469
0.003946460256736362
0.005513219994724272
0.004151313291412128
0.006344349689313561
0.0035631736632569834
0.005435595113772913
0.004357265828650945
0.005645568688956599
0.0037486754528230624
0.0063800364010742835
0.0036211959842271015
0.005373457511781091
0.004484368324939573
0.005961722797372013
0.003536314386359609
0.006146879028989705
0.003964272198257779
0.0054592501260579684
0.0041449047621874915
0.006415471797963451
0.0034687735146293687
0.0053818765599781635
0.004451194761894395
0.005921857975871699
0.0035980750160440984
0.006152627856676511
0.0038682385029650598
0.005399154457397527
0.0043081023569031185
0.006142512433096447
0.0034207095454445928
0.005740188738096824
0.00434539120097
0.0057472569688592915
0.0038176613850647405
0.006516060575303093
0.0035935513483561195
0.005199579035024403
0.004550024335133156
0.00585001333696609
0.003549100030449938
0.006112731620817252
0.003921737156247199
0.005526633925993488
0.004165889553962282
0.006277908320146371
0.0035685769329954027
0.005440589996845056
0.004359182104546546
0.005865155057977241
0.0036376256939549697
0.006286264539625554
0.0038252636599292607
0.0053818765599781635
0.004310269947670275
0.00607528570495565
0.0034789203525683768
0.00574687999655196
0.0042133880646860605
0.005663883260221125
0.0038588141952817707
0.006503526246084318
0.003634861230367871
0.005175798365303569
0.0045026828962041
0.005753634083724984
0.003604640617063457
0.0062812696565534105
0.003892176244480615
0.005206992823735257
0.004395936904511375
0.006293238527311188
0.003430228096204715
0.005499868892172946
0.004378156377348902
0.0056628151720170185
0.003828656410695245
0.00648979817122566
0.003594964994508613
0.005129933401244895
0.004590643101248133
0.00572341347042057
0.003625374093966693
0.006369795320058442
0.003794100615856517
0.005274062480081333
0.00435883654659816
0.006134501771565651
0.0035333928509777893
0.0057398431801484375
0.00407472508430593
0.005753131453981875
0.0037850846948395034
0.0061719476874272546
0.003783137004584957
0.005449448846067348
0.004214267666736501
0.00612133915516799
0.0035189736602223563
0.0055639855987782575
0.00427646809744621
0.005555912108529573
0.0038446463193978924
0.006482258725079028
0.0035747655617074294
0.005257192969328245
0.004600098823290367
0.0056845853227654175
0.0037025277595338886
0.0065751823988362615
0.0036960564015913635
0.005114289050490634
0.0047154523493338285
0.0056452545453671565
0.003595404795533833
0.0065780725198591366
0.0038090224363550584
0.005075994946937535
0.004675524699115626
0.00589898832256025
0.0034044054931525024
0.005935963023037689
0.004088515987882476
0.005491921059360039
0.004272604131296062
0.006363543862628527
0.0034600089084839093
0.005342357296426237
0.004566956674604133
0.00554375475161813
0.0038518402075961365
0.006647906639792311
0.003537382474563715
0.005042570069020802
0.004615271958660462
0.005625212184360694
0.003807388889689955
0.006552281331165868
0.0036528930724018982
0.005106686775626114
0.004583857599716165
0.005820640911353171
0.003612054405774311
0.0061865239499774086
0.003982838084393859
0.0052976546636485005
0.004363171728132473
0.0062316663837803645
0.003432772659279203
0.005322911808239716
0.004454524683942491
0.005744146947323806
0.003671961588281087
0.006229844350961595
0.0038573063060524443
0.005267653950856696
0.004366595893257401
0.00600146196143655
0.0035517388366012592
0.005770283693965462
0.00410783581863322
0.0056483645669026415
0.003870500336809049
0.006228210804296492
0.0036774591010963393
0.005330608326181069
0.004344919985585835
0.005936811210729185
0.00359465085091917
0.005899899338969635
0.0040069014833451905
0.005487962850133057
0.004003226003348708
0.006249069938635506
0.003627478856015961
0.005415961139432726
0.004275054451293717
0.0057791739575466985
0.0037277849041251043
0.006160827004360972
0.003829441769668852
0.005377038748700742
0.004204497801104825
0.005928706306121556
0.0036056144621907297
0.005847154630302159
0.004001026998222607
0.005626563001795299
0.00382664589172281
0.006043965589088185
0.0038511805060583064
0.005552393700327812
0.004062850456624985
0.006095265237244223
0.003694548512362037
0.005332053386692507
0.00423735722056056
0.006110469786973263
0.003515235351507985
0.005750932448855774
0.004044692957155181
0.0057937188057379085
0.0038624896752782537
0.0060207503778283485
0.003672998262126249
0.005575765983382369
0.004199125945725349
0.005897637505125645
0.0036402330857473464
0.006037996860888768
0.0039041765295973366
0.005514162425492602
0.004049939155098879
0.006222776120199128
0.003563205077615928
0.00548805709320989
0.004256425736439749
0.005871814902073433
0.0037274079318177725
0.006065798568554472
0.003854730328619012
0.005467135130152988
0.004108401277094217
0.006182628569468315
0.0035400526950739803
0.005521953186510787
0.004351862558912525
0.005680532870461603
0.003761178367682893
0.0062812696565534105
0.003763942831269991
0.005172876829921749
0.004394460429640993
0.006014247605526879
0.00347697266231383
0.005807572538032343
0.004248697804139451
0.005490507413207545
0.0039079776670295965
0.006489735342507771
0.0036295522037062848
0.005091356568461297
0.0046093660591789345
0.005608374087966551
0.0037634087871679382
0.0064341005128174195
0.0036852812764734694
0.005016182007507592
0.00463220429813144
0.005628919078716122
0.0035788808427291326
0.006244420613511749
0.003917464803430775
0.005204856647327045
0.004324312166118376
0.00615583212128883
0.003460605781303851
0.005599295338231649
0.00430175665639637
0.005612049567963033
0.0038965428403738723
0.006314003418573369
0.003700454411843565
0.005108697294598549
0.004556150135127294
0.005853625988244684
0.003558115951466952
0.005817436646740853
0.003968104750048983
0.005633945376147209
0.00392415606188591
0.00605401818395036
0.003725428827204282
0.005346880964114216
0.004249985792856167
0.005901093084609518
0.0036381283236980783
0.005703967982234049
0.004146035679109486
0.00559163023464924
0.003911496075231358
0.006177193885370952
0.003695396700053533
0.00533170782874412
0.004284478758977007
0.005942434380980214
0.003588619294001865
0.005699601386340791
0.00412282046784965
0.005446244581455029
0.0038377351604301467
0.006371994325184543
0.0036087244837262156
0.005276418557002155
0.004355098237883788
0.005777414753445818
0.0037308949256605896
0.006206597725342815
0.0038238814281357112
0.005434589854286695
0.004189984367272559
0.00611643851517268
0.0035634878068464266
0.005607682972069776
0.004168622603190436
0.005908098486654097
0.0036489976918928054
0.005863395853876361
0.003976995013630219
0.0056976536960862455
0.00394944462083607
0.006057316691639511
0.0036625372805977976
0.005670103303292096
0.004191240941630331
0.00582808611442297
0.0037261199431010564
0.00617125657153048
0.0038186980589099023
0.005430568816341825
0.0041828218934332586
0.006089736310070027
0.003560691928900384
0.005461857517850346
0.004286363620513664
0.005806787179058736
0.0037170726077250986
0.006080877460847734
0.003847913412728099
0.0054489776306831834
0.004338385798925422
0.005917240065106888
0.0035379479330247122
0.005633913961788265
0.004126276047333522
0.0056249922838480845
0.0038751496619328055
0.006149297934628415
0.0037605814948629512
0.005339938390787525
0.004275619909754715
0.005932947244579036
0.0035640218509484798
0.0058868937943666955
0.004078494807379245
0.005458559010161194
0.004102526791971634
0.006091244199299353
0.003623332160635314
0.0055391996695712065
0.004284887145643282
0.00562986150948445
0.0037841108497122305
0.006141350101815508
0.003721753347207799
0.005356525172310115
0.004280174991801638
0.005841280145179575
0.0036553748067584975
0.005865940416950849
0.004041048891517642
0.005634008204865098
0.003911621732667135
0.006082856565461226
0.0037533561923057627
0.005550540253150099
0.004231325663643254
0.005720177791449307
0.0036937317390294856
0.005980539998379647
0.003948156632119354
0.005493962992691418
0.004057101628938179
0.005992477454778481
0.0036795952775045514
0.005577870745431638
0.004234687000050294
0.0056161334346257925
0.003766990024087588
0.00612916133054512
0.0038615472445099244
0.0052549625498432
0.0044985676151823965
0.005666773381244001
0.003472637480779517
0.006156240507955105
0.003905872904980329
0.005395855949708376
0.004256425736439749
0.006224566738658953
0.0035225234827830623
0.005569420282875622
0.004373349980430425
0.005661495768941358
0.0037795871820242516
0.006280232982708249
0.0037504032425649987
0.005304094607232082
0.0043239037794521006
0.006120930768501715
0.0035760221360652015
0.005594834499261558
0.004249326091318337
0.005791519800611807
0.003835756055816656
0.006015943980909871
0.003866981928607288
0.0055493779218691594
0.003965874330563938
0.006019933604495797
0.00373177452771103
0.00561085582232315
0.004128600709895401
0.00588334397180599
0.003722161733874075
0.005878945961553788
0.003892678874223724
0.0055580168705788415
0.003984063244392686
0.006190733474075945
0.0036173006037180087
0.005448600658375852
0.004252310455418046
0.00577706919549743
0.003838614762480587
0.006125894237214913
0.0037505917287186646
0.005460004070672632
0.0042367917620995624
0.005833552212879278
0.003686632093908074
0.005940078304059392
0.004023928065893
0.005527639185479705
0.004018681867949302
0.006125831408497025
0.003682077011861151
0.005466601086050934
0.004213984937506002
0.005846934729789549
0.0036465787862540945
0.005757435221157244
0.004086222739679543
0.005575734569023425
0.003916522372662446
0.0060846157695621066
0.003706768697991369
0.0054125998030256865
0.004276373854369377
0.005860191589264042
0.0036355523462646457
0.0057954151811209
0.004008786344881848
0.005619400527955999
0.0038669505142483436
0.00599700112246646
0.0038543847706706247
0.005547273159819892
0.004317369592791686
0.005717664642733763
0.0035856349299021564
0.0058738254210458675
0.004079971282249627
0.0055157331434398165
0.003997916976687122
0.006201351527399117
0.00371232903952451
0.005367802927171118
0.004345956659430997
0.0057632154632029945
0.003688956756469952
0.005896443759485762
0.003991948248487705
0.0055050836757577
0.004089301346856084
0.006133747826950988
0.0037280048046377146
0.005288010455452601
0.004296102071786397
0.005931093797401322
0.003637688522672858
0.005879856977963172
0.003978502902859545
0.005611546938219925
0.003965968573640771
0.006050154217800211
0.0036537726744523386
0.005718701316578925
0.004167743001139996
0.005652982477667453
0.0038704060937322167
0.006148167017706421
0.003748235651797842
0.0054779730839887705
0.004197649470854967
0.006003158336819542
0.003654243889836503
0.005723287812984792
0.00412413987092531
0.005766388313456369
0.003843766717347452
0.005914318529725068
0.0038521857655445238
0.00566523407765573
0.003991162889514097
0.005860788462083984
0.003841881855810794
0.005769529749350799
0.003931004392135767
0.005808137996493341
0.0037649480907562087
0.005910705878446473
0.003947779659812022
0.005549723479817546
0.004079123094558132
0.006108867654667104
0.0036803492221192144
0.005605860939251007
0.004187534047274903
0.005761613330896836
0.003835222011714603
0.006032028132689352
0.003830981073257123
0.005515638900362984
0.004177512866771672
0.005807886681621787
0.0036690714672582116
0.005845081282611835
0.004070515560207394
0.0055870123238844285
0.003930093375726382
0.005971838220952077
0.003745062801544468
0.005538665625469154
0.004182633407279593
0.0058068814221355685
0.003751659816922771
0.006050405532671766
0.003826488819928088
0.00550238204088849
0.004148423170389252
0.005844767139022392
0.003743994713340362
0.0057282512816979915
0.004017488122309419
0.005803205942139086
0.0038752439050096384
0.005848065646711543
0.0038910767419175645
0.005629830095125506
0.00403715351100855
0.006030897215767357
0.0037087163882459154
0.005569545940311399
0.004117322955034398
0.005746534438603573
0.003830698344026624
0.005910517392292807
0.003848290385035431
0.005521921772151843
0.004097154936592158
0.005910580221010696
0.0037546755953814233
0.00566589377919356
0.003987047608492394
0.005698156325829354
0.0037948859748301246
0.0060207503778283485
0.0037955142620090102
0.005480203503473816
0.004158632837046149
0.005640479562807623
0.003648306575996031
0.005899019736919194
0.003946146113146918
0.005718261515553704
0.003846813910165049
0.006039127777810763
0.003696841760564971
0.005563231654163595
0.004221681455447355
0.006041986484474694
0.003508198535104462
0.005772576942168396
0.00415835010781565
0.005616887379240455
0.003864531608609633
0.006229907179679484
0.0037270623738693853
0.005391803497404562
0.004415947851158893
0.005780273460109749
0.003687668767753236
0.005983053147095191
0.003839023149146863
0.005520099739333074
0.004203335469823885
0.005942214480467604
0.0036917212200570505
0.005724544387342564
0.004078243492507691
0.005656375228433438
0.003863714835277081
0.0059829903183773025
0.003884699627051872
0.005667684397653385
0.003975330052606171
0.0059349891779104155
0.0038329601778706135
0.005724827116573063
0.0039036110711363394
0.005765697197559595
0.0039002811490882437
0.005807446880596566
0.0038430756014506775
0.005718481416066314
0.003954690818779767
0.0058242535626317656
0.0038714427675773785
0.0058215833421215
0.003977057842348108
0.005609787734119044
0.003970963456712914
0.005905019879477555
0.0037804667840746916
0.005700323916596511
0.004045446901769844
0.00573299484989858
0.003825420731723982
0.005976927347101053
0.00383892890607003
0.005660207780224642
0.004012901625903551
0.005889187042569629
0.0038403111378635794
0.0056847109802011945
0.003942564876227269
0.0058636157543889705
0.003822247881470608
0.005628039476665681
0.004068756356106513
0.00578803280676899
0.00384251014298968
0.005862924638492196
0.003820645749164449
0.0057225024540111845
0.00400602188129475
0.005861919379005979
0.003812006800454767
0.00565427046638417
0.004059677606371611
0.005832923925700392
0.003827022864030141
0.005712167129918511
0.00394900481981085
0.005775404234473382
0.003912626992153353
0.00578291226626107
0.0038550758865673993
0.005759571397565456
0.003864782923481187
0.00565383066535895
0.003910427987027252
0.00570192604890267
0.003898113558321087
0.005631306569995888
0.0038024568353357004
0.005838044466208312
0.0038565837757967253
0.005665359735091507
0.004022200276151064
0.006080594731617236
0.003608693069367271
0.0055508858110984854
0.004282845212311903
0.00589518718512799
0.0037248947831022288
0.005851584054913305
0.004037781798187435
0.005602656674638689
0.0040169854925663105
0.006003786623998428
0.003697878434410133
0.005561849422370046
0.004238959352866719
0.005806001820085128
0.0037553352969192533
0.005946706733796638
0.0038259547758260353
0.0056059865966867845
0.00411251655811592
0.005914318529725068
0.003724706296948563
0.0057097482242798
0.004103877609406238
0.005819855552379564
0.0038202059481392287
0.005838295781079867
0.003938763738795008
0.005650752058182409
0.003975801267990336
0.005954057693789604
0.0037726446086975614
0.005633065774096769
0.004093165313006232
0.005657506145355432
0.003924344548039576
0.005905239779990166
0.003803273608668252
0.005534047714704342
0.004202173138542946
0.005749110416037005
0.0037616809974260015
0.005864086969773135
0.0039776547151680495
0.005521858943433954
0.003939643340845449
0.006057630835228954
0.0037211564743878573
0.005483721911675577
0.0041755337621581816
0.005897386190254091
0.0037199941431069186
0.005673244739186525
0.004081447757120009
0.005894778798461714
0.003761618168708113
0.0056671189391923876
0.004118673772469003
0.00568782100173668
0.0038384576906858657
0.005874453708224753
0.003889348952175628
0.005675600816107348
0.0040171425643610315
0.005767048014994199
0.003793032527652411
0.005835374245698047
0.003918124504968605
0.005565807631597027
0.004061531053549325
0.0058827156846271034
0.0036522019565051237
0.005729005226312654
0.00409863141146254
0.005483721911675577
0.003981110294651922
0.0059249051686892954
0.0037798070825368615
0.005524215020354777
0.004169470790881932
0.005698627541213519
0.003806195144050072
0.0058898153297485155
0.0038756837060348586
0.00555113712597004
0.004055279596119409
0.005740785610916766
0.0038282166096700247
0.005652291361770679
0.003965999987999715
0.0058343375718528856
0.0037681837697274715
0.005759822712437011
0.003975298638247227
0.005805750505213574
0.0038507092906741418
0.0058215833421215
0.003917621875225496
0.005767707716532029
0.0038790136280829543
0.005815143398537919
0.003847347954267102
0.005795917810864009
0.003906595435236047
0.005794943965736736
0.003990503187976267
0.005858746528752605
0.0037949802179069576
0.005769404091915021
0.0039009408506260742
0.005746785753475127
0.0039646177562061655
0.005853217601578409
0.0039060299767750503
0.005661087382275083
0.003924438791116409
0.005880359607706282
0.0037857129820183895
0.005637495198707915
0.003985633962339901
0.0058141695534106455
0.003766361736908702
0.005925879013816569
0.0038680500168113943
0.005682857533023481
0.004006838654627302
0.005759131596540236
0.0038674845583503968
0.005765948512431149
0.0038899772393545143
0.005734502739127906
0.003923245045476526
0.005800221578039378
0.0039028571265216764
0.005731801104258697
0.0039179674331738835
0.005772419870373674
0.003824132743007266
0.0056700090602152635
0.004011707880263668
0.005842756620049957
0.003811629828147435
0.005711664500175402
0.004052546546891255
0.005849102320556705
0.003773304310235392
0.005749613045780114
0.003888155206535745
0.00571398916273728
0.0038580916650260517
0.005752471752444045
0.00393445997161964
0.005657820288944876
0.004012493239237276
0.005756618447824692
0.0037757860445919913
0.005801226837525595
0.003971434672097079
0.005723759028368957
0.0038492956445216483
0.005707172246846367
0.0039864507356724525
0.005610667336169484
0.0038264259912101995
0.005923083135870527
0.003846719667088216
0.005496256240894352
0.004150182374490133
0.005902318244608346
0.0036936689103115967
0.0056526055053601225
0.004061436810472492
0.005694166702243428
0.0037835768056101774
0.00585557367849923
0.003881526776798498
0.005662720928940186
0.004039321101775706
0.005748042327832899
0.003828782068131022
0.005719203946322034
0.004016357205387424
0.005500811322941275
0.003876688965521076
0.006031745403458853
0.003719428684645921
0.0054388936214620634
0.0042891280841007625
0.005894621726666993
0.003623363574994258
0.005802169268293924
0.004054054436120582
0.005807918095980731
0.003821839494804332
0.005806284549315627
0.0038856106434612568
0.005750272747317944
0.003871505596295267
0.005785645315489223
0.003948313703914075
0.005741665212967206
0.003865913840403182
0.005734722639640517
0.004006650168473637
0.0057776032395994836
0.0038743014742413096
0.005761581916537892
0.003927643055728727
0.005700700888903842
0.003962701480310564
0.005724418729906787
0.0038338711942799983
0.005701297761723784
0.0039776547151680495
0.005800127334962545
0.0038259861901849793
0.005731612618105031
0.003920386338812595
0.005671234220214091
0.0038802073737228375
0.0058240650764781
0.003946240356223751
0.0056076201433518874
0.004015603260772761
0.005807823852903898
0.0037452198733391897
0.005722282553498575
0.0040590807335516696
0.005597787449002322
0.003866981928607288
0.005930653996376102
0.003759513406658845
0.005602468188485023
0.004096558063772217
0.0058054991903420195
0.0037612411964007813
0.005679087809950165
0.004054934038171022
0.005711664500175402
0.003794100615856517
0.005769623992427632
0.003985319818750458
0.005651254687925517
0.003785744396377334
0.00580527928982941
0.003929747817777995
0.005700480988391232
0.003820017461985563
0.005778577084726757
0.003919129764454823
0.005776001107293324
0.0039514865541674495
0.005699350071469237
0.003938857981871841
0.00573101574528509
0.003902637226009066
0.0057514664929578276
0.0038507092906741418
0.005713298046840506
0.003913412351126961
0.005732146662207084
0.0038666677850178453
0.005714743107351943
0.003954879304933433
0.00571823010119476
0.0038582801511797176
0.005697528038650468
0.0038534109255433514
0.005684271179175975
0.003917370560353942
0.005682511975075094
0.0038944380783246042
0.0058184419062270705
0.003963895225950447
0.005621253975133713
0.003966785346973322
0.005570771100310226
0.003921423012657756
0.005872882990277539
0.0038070119173826233
0.005615002517703797
0.004005990466935806
0.005833929185186609
0.0037633145440911053
0.005710941969919683
0.004093856428903007
0.005591159019265076
0.0039041765295973366
0.005891103318465232
0.0038310753163339557
0.005616761721804678
0.004032975401268958
0.005655935427408217
0.0038591283388712135
0.005965932321470549
0.003822562025060051
0.00556254053826682
0.004076767017637309
0.005781844178056964
0.0038372011163280936
0.005800535721628821
0.003917401974712886
0.005621976505389432
0.004049153796125271
0.005801603809832927
0.003718800397467035
0.0057399374232252704
0.0040141267859023794
0.005698439055059853
0.003820268776857117
0.005783729039593621
0.003954251017754548
0.005631023840765389
0.003935088258798526
0.005949031396358517
0.0038303842004371812
0.005554090075710804
0.004116726082214456
0.00586477808566991
0.003731743113352086
0.005724827116573063
0.003998765164378618
0.005674941114569518
0.003883568710129877
0.0058739510784816444
0.0039339573418765315
0.005539231083930151
0.003991131475155153
0.005839206797489251
0.0038198603901908415
0.005624112681797644
0.003971717401327577
0.005745309278604745
0.003855578516310508
0.00579767701496489
0.003840939425042465
0.0057224710396522405
0.003876846037315798
0.005681883687896207
0.003972659832095906
0.00570484758428449
0.0038813382906448322
0.005703339695055164
0.0038962286967844295
0.005687192714557794
0.004018681867949302
0.005663726188426404
0.003929465088547497
0.005743361588350198
0.0037946346599585703
0.005716502311452824
0.003892050587044838
0.0057777603113942045
0.0038581859081028846
0.005543032221362411
0.003984031830033742
0.005839866499027082
0.0037781107071538696
0.005601400100280917
0.004052138160224979
0.0056671189391923876
0.0038412849829908523
0.005904046034350282
0.0037948231461122357
0.005515136270619875
0.004041048891517642
0.0056351077074281485
0.003845808650678831
0.005826483982116811
0.003918438648558048
0.005353038178467297
0.003998608092583896
0.006077233395210196
0.0036912185903139414
0.005503670029605206
0.004181596733434431
0.005766074169866926
0.003661123634445304
0.005763089805767218
0.00400360297565604
0.005657286244842822
0.0038964485972970394
0.005872097631303932
0.003841002253760354
0.005641390579217008
0.00399125713259093
0.005815803100075749
0.0038494213019574256
0.005643589584343109
0.004009006245394459
0.005773927759603
0.0038449290486283908
0.005769341263197133
0.003818352500961515
0.005676103445850457
0.004049279453561048
0.005790326054971924
0.0037938178866260184
0.005787435933949049
0.003993895938742251
0.005625275013078583
0.003905401689596164
0.005935428978935636
0.0038136717614788147
0.005547053259307281
0.00413042274271417
0.005716785040683322
0.003823692941982046
0.005800378649834099
0.003972408517224351
0.005540770387518421
0.004039383930493595
0.005908883845627704
0.003735764151296956
0.005628133719742514
0.004044221741771017
0.005632971531019936
0.0037935979861134085
0.00589474738410277
0.0038904170403797345
0.005494968252177636
0.004012210510006777
0.005878568989246456
0.00378030971227997
0.005719455261193588
0.004034734605369838
0.005610698750528428
0.0038460599655503855
0.0058126302498223755
0.0038999355911398565
0.005490601656284378
0.004104505896585124
0.005869176095922112
0.0037029047318412204
0.005631337984354832
0.004063761473034369
0.005670668761753093
0.0038032107799503634
0.0056759463740557355
0.003945046610583868
0.0056947949894223145
0.00384967261682898
0.005777508996522651
0.0038947836362729915
0.005519314380359466
0.004098694240180429
0.005743330173991254
0.00370538646619782
0.00565917110637948
0.004087102341729983
0.005513659795749493
0.003941873760330494
0.005823279717504492
0.0038173158271163532
0.005595148642851001
0.004094264815569283
0.005612489368988254
0.003860227841434264
0.005737549931945503
0.003856018317335728
0.00560793428694133
0.004049248039202104
0.005629076150510843
0.003867107586043065
0.005510926746521339
0.003866887685530455
0.005817625132894519
0.0038442065183726722
0.005656375228433438
0.00398883822695222
0.0056992558283924044
0.003851683135801415
0.0057369216447666176
0.003934240071107029
0.005791739701124417
0.0038262060906975896
0.005692156183270993
0.003991414204385652
0.005653233792539008
0.0038194834178835097
0.005944633386106315
0.0038678929450166725
0.0055244663352263315
0.004113364745807416
0.005816274315459914
0.0037691262004958003
0.005679464782257497
0.00403467177665195
0.0056482389094668645
0.0039001554916524668
0.005932633100989593
0.0038134204466072604
0.005505460648065031
0.0041552715006391095
0.005709591152485078
0.0037267482302799425
0.005790545955484534
0.003986230835159843
0.005592604079776513
0.003936282004438409
0.005976361888640056
0.003751565573845938
0.005451333707604006
0.004248792047216284
0.00562986150948445
0.0038056296855890743
0.005917899766644717
0.003950387051604399
0.005412756874820408
0.004125207959129416
0.005974728341974952
0.0036823283267327055
0.00558914850029264
0.004227336040057329
0.005560404361858608
0.0038199860476266184
0.005889092799492796
0.0038449918773462797
0.005532728311628682
0.00409863141146254
0.005829436931857575
0.0037509058723081074
0.0056482389094668645
0.0040693532289264546
0.00558402795978472
0.0039042393583152255
0.00584819130414732
0.003919286836249544
0.005553116230583531
0.004056410513041404
0.005750775377061053
0.003819106445576178
0.0055305293065025804
0.004103846195047294
0.005591661649008184
0.003899904176780912
0.005845364011842334
0.003908386053695872
0.005482685237830415
0.004076232973535256
0.00574015732373788
0.0038044987686670795
0.0058186932210986244
0.003920197852658929
0.005501471024479105
0.004088892960189808
0.005816871188279856
0.003812446601479987
0.005665516806886229
0.003996754645406182
0.0055943946982363385
0.0038965428403738723
0.005745843322706798
0.003923967575732244
0.005578216303380025
0.003905495932672997
0.005776660808831154
0.0039792882618331525
0.0053549544543629
0.004023865237175112
0.006018959759368524
0.003647929603688699
0.005569011896209346
0.0042191997210907555
0.005573127177231048
0.0037904565502189787
0.006056814061896403
0.0038347193819714943
0.005350776344623308
0.004256519979516581
0.005766671042686867
0.0037481414087210093
0.005698941684802962
0.004078651879173967
0.0055987612941295955
0.003901883281394403
0.005802609069319144
0.003917119245482387
0.0055375975372650476
0.003999927495659556
0.005794190021122072
0.0037592306774283466
0.005686375941225242
0.004035802693573945
0.005737926904252835
0.00390873161164426
0.005724136000676288
0.00397115194286658
0.005636709839734307
0.0038897259244829595
0.005799813191373101
0.0038838828537193205
0.00563614438127331
0.003967947678254261
0.005709182765818803
0.0039034225849826736
0.005718952631450479
0.003933706027004977
0.005755738845774252
0.0038819979921826623
0.005726303591443445
0.0038828461798741587
0.005634322348454541
0.003924627277270075
0.005792116673431749
0.003925915265986791
0.005653485107410563
0.00394652308545425
0.005769152777043467
0.0038950663655034903
0.00555449846237708
0.004099416770436148
0.005697370966855747
0.003831640774794953
0.0057763466652417115
0.0038965428403738723
0.005532068610090851
0.004017582365386252
0.005891888677438839
0.003763094643578495
0.005528424544453313
0.004136485713990419
0.005632720216148381
0.003889129051663018
0.005766953771917366
0.00394740268750469
0.005562132151600545
0.00392415606188591
0.005678490937130224
0.003911904461897634
0.0057269004642633865
0.003927391740857173
0.005648992854081528
0.003897202541911703
0.005644908987418769
0.003933737441363921
0.00573657608681823
0.0038771601809052406
0.005557200097246289
0.004075447614561648
0.005654333295102058
0.0038899144106366254
0.005742576229376591
0.003903485413700562
0.00555851950032195
0.0039675078772290415
0.005657317659201767
0.0038992130608841375
0.005713203803763673
0.003989560757207938
0.005626877145384742
0.0039222712003492526