0.0001299297885936159
0.00017056426188806516
0.00018717722204310804
0.00020014873442385768
0.0002213518559933115
0.0002487388941209504
0.00026619630216285307
0.0002916037869004448
0.00031547346397162043
0.0003226160420502556
0.00033968346326469263
0.0003577179231619649
0.0003671758603192524
0.00038590744856844514
0.0004303641517933028
0.00045466983398799286
0.00046412313065692564
0.0005364682434182652
0.0005383181082568009
0.0005773189522167811
0.0005772253823047827
0.000654656677368882
0.0007712648531750025
0.0008206778755821958
0.0008403617463958384
0.0009454876271031307
0.0009577830818944915
0.0010779085571003928
0.0010612702049614578
0.0011182632182119596
0.001192130333813731
0.001261537826485113
0.0012644964879275035
0.001304592129370007
0.0013394786461321416
0.0013849630975350958
0.0014187904660297142
0.0014118414802414192
0.0014551823789888307
0.001535295901428276
0.0015496312503245021
0.0016285211156333282
0.0016282208354126996
0.0016750436053434995
0.0017434124516878143
0.0017960592902099611
0.0017984473191082664
0.0018031743864155268
0.001864759552480352
0.001983551001855741
0.0020095211045627146
0.0020121482902441547
0.002013901646897235
0.0020388634504136375
0.0021245799404005076
0.0021402322263402414
0.0021284253284895773
0.0023343154361039945
0.002316536891846704
0.0023008091155589873
0.002321146213634244
0.002493998116984818
0.002474483124730198
0.002476930413927846
0.002497472950430624
0.0024825720728380457
0.0024983333287688747
0.0025373553270138776
0.0025210883533065766
0.002535078630746287
0.0026082059109747155
0.002602988982708571
0.002586991824078716
0.0025932192467908385
0.0028110322327972383
0.0027917308373150334
0.002785028160824786
0.0027721782287081858
0.00281885655548498
0.0028240495577847814
0.002803365422755825
0.0028205795928231236
0.0028067635891460864
0.002845689525933793
0.002959709371647424
0.0029388337351007017
0.002939474786199822
0.002925553920895108
0.002950424238087071
0.0029371008476281662
0.002920058216523846
0.00291931998659328
0.0030259820451109844
0.003008243022849656
0.003006944079562531
0.002997403676533424
0.0029839612186513187
0.0030004790247373536
0.0030448272211733582
0.003032270368811171
0.0030553941425141506
0.0030701219118032053
0.003066724619022064
0.0030684346634049665
0.003059081207758897
0.0030560664849130247
0.0030465248954791497
0.0030447070110085762
0.003072136106803791
0.0030587184603084725
0.0030899030441857273
0.0030829328215736798
0.0030956521072986474
0.003142084022256425
0.0032682805198067317
0.003252487548991952
0.003237309295942249
0.0032479883417246063
0.0032324089740841657
0.0032295283015677093
0.003217456566092576
0.0032285443068558865
0.003216642635946311
0.0032358210959027413
0.0032254715664396263
0.003220154543577087
0.0032399864487954034
0.003317755855895676
0.003302719891993596
0.00329577947290142
0.0033090775418168302
0.0032954742996126074
0.003339354386517238
0.0033232671271451854
0.0033109491714869467
0.0033068195589472417
0.0033761405956687874
0.0033618558821638615
0.0033515188548633207
0.0033617645398746248
0.0033474657421831665
0.003379034416203144
0.0033658354704746893
0.003359736892596956
0.0033508797585264454
0.0033377429324716497
0.0033821286523016757
0.0033683999681003315
0.003362003487789532
0.003402183660258901
0.0033870395939196714
0.0033743371981542845
0.0033783712024919783
0.003397075748051291
0.0033833757079087716
0.003371840683998917
0.003366391917823861
0.00335710660278556
0.0033547717938934344
0.0033660550400930467
0.0034280300666798234
0.003414036902905868
0.0034029004948151033
0.0034058164575914273
0.0033954908596443277
0.0033952739445853985
0.0034251250499206373
0.0034112149294341417
0.003401306066992518
0.0033973311643085923
0.003400951199636539
0.003400407833335218
0.003396746381904458
0.00338764665482489
0.003454931989057265
0.003443727702998323
0.003452827266561185
0.0034426625348214527
0.003439486206134259
0.0034284413172776486
0.0034235611361487614
0.003421475917717738
0.003429958413374651
0.0034396880865022383
0.00343036428169592
0.0034523600187641797
0.00344904344930888
0.003463905291578924
0.003452707812552758
0.003447088844005043
0.003440117698241162
0.00347766590522449
0.00346709422995979
0.0034610907607112626
0.0034698532019813906
0.0034576061908566935
0.0034499228262340254
0.0034477619095886086
0.0034432279578080448
0.003435069991348798
0.003431899152552139
0.003423208853180204
0.0034169415246271787
0.003418985143525678
0.003410808965431551
0.0034435933809666315
0.003440205266253385
0.003431857414013805
0.0034358823801988116
0.003432620374434414
0.0035003373523242814
0.003490092454420287
0.00348234614003109
0.003476750706656241
0.0034652692794174553
0.0034603783180751978
0.0034657072126164684
0.0034570729628456923
0.00344895248858113
0.00346078855575589
0.003451374792752526
0.0035137001515972337
0.003503501172777118
0.003496681806727204
0.003487616126362904
0.003481320631994262
0.0034798074276381247
0.0034805588593954185
0.003471160594367315
0.0034771689337651473
0.003469219027356215
0.0034630899529814034
0.0034773013670653594
0.003482532466849382
0.0034743085909972305
0.0034980072378608465
0.003488027600561393
0.003480218240767954
0.0034759174553112998
0.003468237114450395
0.0034615259222158337
0.0034760332172077153
0.0034966003020713487
0.0034883718259473106
0.003485913958200617
0.0034774413236850726
0.0035088141039194038
0.00349978290701905
0.0034972794590485945
0.003490148347084812
0.0034838645471330604
0.003478520941433228
0.0034891632960956176
0.0034888711599604296
0.0034812378699035145
0.0034735954960149786
0.003476974862541305
0.003469266403485983
0.003468550096678884
0.0034663515883792207
0.0034818122790141797
0.0034761455773978083
0.003484756376004344
0.0035445879051589956
0.0035365628561571457
0.0035287885216087615
0.0035219464939581077
0.0035141822671768074
0.003522255818431016
0.003514041722217579
0.0035062794771254105
0.003500616818166015
0.003517673128776244
0.0035097569854005556
0.003503364150848015
0.003497827585307622
0.003509239858728384
0.003500974136557602
0.003499869789114821
0.0034941328680812914
0.003487096246919527
0.0035092757579803175
0.003500202859221926
0.0034945712295450936
0.0034911289644865185
0.003523210424744033
0.0035147126910063855
0.0035102982795825097
0.0035026737385380163
0.003497611354513355
0.003493688447819025
0.0034994978335111016
0.0034920827545335525
0.0034985091286982442
0.0034964723535806977
0.003488883692444496
0.00348445869347303
0.0034861607298011647
0.0034806318572747387
0.003474911042650845
0.003485364888284162
0.0034780799664560886
0.003472226191136177
0.003465116325230034
0.003465325968981554
0.003472682343769252
0.003475245486533307
0.003469359881998105
0.0034612867307414205
0.0034565581931588416
0.003452000368179924
0.0034494683841876186
0.003466636334567516
0.0034613586254154944
0.003455350109188409
0.0034548818067491214
0.0034882546784285704
0.0034808104498315257
0.0034747480530080265
0.0034780282829442307
0.003471690156808861
0.0034707001318977915
0.0034772508204146996
0.0034710592001162602
0.003465387240054305
0.0034587245815636347
0.003467511560442542
0.00346307037184871
0.0034569898835565514
0.0034562705997695383
0.003475655157386747
0.0034690425237332207
0.003464386164504977
0.003466446030418484
0.0034638884411522224
0.0034611631991848814
0.0034551318525622285
0.0034487631256331936
0.00344427003664964
0.0034418278482448977
0.00343614818281609
0.003462559074704292
0.0034559062664754267
0.0034501329280699857
0.0034534491350557764
0.0034473469243845698
0.0034433686229666926
0.003439250155659684
0.003433111556303345
0.003434483575022622
0.00342911785368989
0.00342495449994228
0.003418976594136598
0.003417592868324586
0.0034278406934161007
0.003421997181190984
0.00341674799239229
0.0034181921847479617
0.0034141135801284282
0.0034088133640229287
0.0034137661019140544
0.003407806574798207
0.003411728500423873
0.003405367687349947
0.0033999755521409354
0.0033956311022067163
0.003392837305267254
0.0034536685006137224
0.003447356754135652
0.0034418502203626853
0.003437098695932745
0.0034331448180960514
0.0034329560079639798
0.00342743213426306
0.003421217871658123
0.0034191241229038294
0.0034169219903478973
0.0034200357157559147
0.00341365664886789
0.0034085282970864783
0.003404977712709125
0.003402785022097535
0.003402464528687599
0.003397505296487097
0.003396044704312018
0.003390669686780632
0.0033982637830437565
0.0033930725202688185
0.003399638505506942
0.0033940327134780097
0.003390884383482183
0.0033865842555452753
0.0033825887404415984
0.0033763311024726118
0.0033740869783902127
0.003374359007418498
0.003368949206110283
0.003364473107101293
0.0033708396049178012
0.0033670885332343654
0.003383840760711026
0.003378082917293011
0.0033730433615543395
0.003370259251354763
0.0033651404144259094
0.0033801957775687467
0.003375957668536619
0.003370657617108878
0.0033759487692201057
0.0033711268069354407
0.0033657106463294635
0.0033740270455689253
0.0033694964579192525
0.003364592953037
0.0033615906741041915
0.003363014658754239
0.0033573788004864404
0.003353867981393722
0.003354681811165936
0.0033496227405504678
0.0033447534310571997
0.003341599479954612
0.003336870339875307
0.0033386044879106782
0.0033343688429993096
0.003330460664240475
0.00332565337377551
0.0033371793521959833
0.0033334495364383794
0.0033375219851473326
0.003332812897989884
0.0033285305810622397
0.003341675661571622
0.003339104378355011
0.0033341581480196046
0.0033314595504017924
0.0033270446509663645
0.0033238310334075703
0.0033232901835309227
0.0033185647577894228
0.003314330339543714
0.0033211183516844577
0.003319198122000607
0.0033269158213001114
0.0033219362356756705
0.003317206346737152
0.003313927360474785
0.003310996159015697
0.0033058184891397095
0.003303504108036521
0.003301672320126698
0.0032973092869581838
0.003297827183402222
0.003294959596456149
0.003290082772337696
0.0032889195583417357
0.0033033001317702643
0.00329890448405628
0.0032955139486524907
0.0032951457381154726
0.0032909106613705687
0.003295671625304504
0.003291442375921063
0.003289062528833168
0.0032852346158140995
0.003290376223905396
0.003285989302551492
0.0032813768619465405
0.0032790431112157147
0.0032786721282013517
0.003274123276803766
0.00327519677058601
0.0032709292027549397
0.0032673614126583045
0.003269729953887044
0.003264941050639977
0.0032613857956083413
0.003258494339510344
0.003254307554950221
0.0032513454429613617
0.0032502954650916465
0.0032484839071585
0.0032445956411166505
0.003242709297096171
0.0032410725899918546
0.0032366481624108486
0.003233136343364306
0.0032311206705314373
0.003231640909176458
0.003263157944473432
0.0032761221112772437
0.003271951254336161
0.0032672193699676087
0.003263668211204752
0.003260623876164993
0.003256253539644562
0.0032538931682777003
0.0032538218359307253
0.0032493035487143134
0.003245496146918925
0.0032422327213562077
0.003238117839412352
0.0032407300004753605
0.0032373817666436293
0.003233053912781311
0.0032311376718001145
0.003226991073157403
0.0032302570260589027
0.003226254910450579
0.0032228934503659135
0.003221089183939593
0.003221206155214829
0.0032170192094691684
0.003215847587624068
0.0032119704630692836
0.0032079418578505403
0.003217481064542008
0.00321318301540261
0.0032091917033249795
0.003205388340185155
0.0032040685891304194
0.0032003639359020324
0.003211029871710838
0.0032090430720397817
0.003205129913355892
0.0032221833387709614
0.0032178871778500337
0.0032146759139420615
0.003211529227362565
0.0032077195398061238
0.0032036798674524563
0.003200868141430942
0.003221025027427179
0.0032168534166240135
0.003213865075285469
0.0032109753289212197
0.003207293377718719
0.0032033201378649898
0.0032000427322938776
0.0032031850636907336
0.0031989033832377717
0.0031950825777354364
0.0031922897248141385
0.0031890284749894458
0.0031923777647400115
0.0031957501703353567
0.0031975161533120407
0.0031935705454186375
0.0031890806621689754
0.0031857962249290596
0.0031830125419324623
0.003180405748160609
0.0031764976138268443
0.0031742984893441857
0.0031706368146236018
0.0031798307951346042
0.003175961628490564
0.0031721817693273003
0.0031869554129349163
0.003183635812546911
0.0031798956373300436
0.0031765899036269134
0.0031728279899118812
0.003170358103263718
0.003168043411650521
0.0031679109282053003
0.0031666866120974757
0.0031630963161497563
0.0031592217217301446
0.00315624004886456
0.0031544419341802367
0.003153476985261008
0.003150361739021412
0.003151513336189103
0.00314778596562995
0.0031549981167440845
0.0031513552096547044
0.003148153077883563
0.003145431052151482
0.0031416793557116018
0.0031384602355138793
0.0031449002181166614
0.0031412373319723054
0.003146939754666877
0.0031435965042282857
0.003139654818215508
0.0031375315230990504
0.0031343535592612596
0.0031316986165286923
0.0031297172736500364
0.0031266170875143785
0.0031331228696941478
0.0031297624140016397
0.0031268657666702637
0.003123253527459032
0.00312006358861647
0.0031173830195517977
0.0031195631479572724
0.0031161401505594623
0.003114868613998794
0.003111851879257784
0.003121843823295961
0.0031180940879921098
0.0031149236317755792
0.0031135281048875105
0.0031101607228679346
0.0031071135595139494
0.0031049120520052174
0.003106506686546065
0.00312020632814997
0.0031163662591136387
0.0031133744023349643
0.003111592253432698
0.003111671403291471
0.003108346103008453
0.003106821401657376
0.003103991709667373
0.003102233011088321
0.003098768800461247
0.003095589424308225
0.003094496367065638
0.0030995949481345884
0.0030959645931323857
0.0030935338803615483
0.003097400703687918
0.0030944823174500523
0.003091274778797904
0.003089463838928312
0.003085841868445719
0.0030925833749714396
0.003089196404327385
0.0030863484301202736
0.00308299893369824
0.0030889757483228983
0.003085324259083514
0.0030823510667375687
0.0030787315024421234
0.003086751718388546
0.0030834391375702264
0.003080850309024614
0.0030778449985219922
0.003096680610794997
0.0030945440277106847
0.0030914060400279012
0.0030880338220372317
0.003086218982697272
0.003083917271388082
0.0030812581993876495
0.0030792828030776157
0.003100380323736128
0.0030969886299892684
0.0030944374598279073
0.0030913837282672855
0.0030879802797800773
0.003086732032863806
0.0030839162510905116
0.0030831700045944217
0.0030802095475582765
0.0030795537545769297
0.003076759964637745
0.003074325888929779
0.0030781481093079097
0.003075111559148852
0.00307353839402827
0.003072877811585031
0.0030696510654448024
0.003066573263460014
0.0030651652639193156
0.0030619876189011902
0.0030596025208961468
0.0030580640116634433
0.003055674273783824
0.003075530716557081
0.0030725039818350094
0.00306945959445535
0.003074406481922232
0.00307092564654361
0.003068047457551212
0.0030659728673081543
0.0030640079999880343
0.003065344458588589
0.0030619143139795192
0.0030590034666932156
0.003056450822072956
0.003053752548487857
0.003051914313317866
0.0030495468825354755
0.003058944299164352
0.0030558680136438103
0.003053748402443826
0.003053598982788721
0.0030507614342971897
0.003047839781133469
0.003046855543261879
0.003043457808520215
0.0030411341342000886
0.0030429929386530316
0.0030400318739699115
0.0030463784711246803
0.003043360894092859
0.0030407934751676595
0.003038011859320916
0.003036708822704484
0.0030378563719487676
0.003035381018633829
0.0030328285797214753
0.0030301655685492394
0.003032533094016824
0.003029807783478047
0.0030270761240227804
0.0030243185250341154
0.0030348941843127736
0.0030319111198418825
0.003029530512258619
0.0030264929079247445
0.0030262824374879737
0.0030243317955667647
0.003028681490939362
0.0030295833435849927
0.0030268702143300082
0.003023989326812162
0.0030226756073383665
0.0030200524191194705
0.003021045483795586
0.003018234541560229
0.0030269200846248325
0.003024040521476834
0.0030215446764309535
0.0030209437290707754
0.00301796304760027
0.003015577080149151
0.003015599714383459
0.0030170505044749977
0.003014376068598736
0.0030133177526832007
0.0030105208217847098
0.003008805707081485
0.003006225896953718
0.0030099604683649674
0.003007335977041818
0.003004587315850052
0.0030033694481703035
0.003010553823727817
0.003007467587320592
0.0030049987373398966
0.0030035734327675204
0.003001034989286957
0.0029981027160162752
0.002999014599128048
0.002995898572710588
0.0029937407629776836
0.002995164247699867
0.0029926342113031977
0.002993422309285423
0.002991060018306741
0.0029934529884690967
0.002994716189192001
0.002991829485882056
0.0029895498281152077
0.0029933110744743596
0.002990491055552694
0.002988430362786708
0.0029862372271790274
0.0029843076032041176
0.0029814837109770117
0.0029793012615542034
0.0029780730364307906
0.0029756043611523057
0.0029734629086454025
0.002970793994197469
0.0029705121194468468
0.0029678630565980035
0.002992361146995562
0.002989545642517884
0.002987040846298287
0.0029846144430017356
0.0029832477781319595
0.0029808086241781113
0.0029787133461177027
0.00297850012631351
0.0029763378717794025
0.0029735222090346886
0.0029714531191462625
0.0029706562999333407
0.0029684238937238727
0.002965752450924641
0.002963343822082038
0.002963349687541756
0.0029611628636575685
0.0029600830270849845
0.0029579044325197647
0.002955173734584711
0.002953167462474913
0.0029565874760521245
0.0029539334251055794
0.0029514055434816176
0.0029491844716713076
0.0029509319390141108
0.002948330493217952
0.0029461747630422737
0.002944005825693326
0.0029414224728525245
0.0029416154948266344
0.0029392787900257063
0.002936865784104757
0.002935750418217624
0.0029336328295633406
0.0029340021001842596
0.002935928711063317
0.0029336157541601476
0.002931490789719368
0.0029410247030957296
0.002939173829526034
0.0029366686510561447
0.0029344552789311346
0.002932438127770803
0.0029318561714843654
0.002931166955145068
0.0029286213335025946
0.002926758018994187
0.0029331214259499016
0.0029304310339953515
0.00292819877577662
0.0029256469266676424
0.0029235852734553424
0.002921679256541109
0.002920570577342277
0.0029180654989380923
0.0029159910316731356
0.002914927390340076
0.0029133612597737678
0.0029108010727138442
0.0029162577695170545
0.0029138468116358222
0.0029113805303975083
0.002909109349469914
0.002907872837989374
0.00290545599092755
0.002904031181199547
0.0029039812624299015
0.002901736005836936
0.002903795409773819
0.0029011395254289578
0.0028988528374921502
0.0028995516506072337
0.0029078582531790903
0.002905365369070965
0.0029032416299770184
0.0029010666143674466
0.0028992204321710655
0.0028969792831635118
0.00289571930498994
0.0028934826907352287
0.002901686730431736
0.0028990181571994676
0.0028969177543067084
0.002894405912110444
0.0028939968884039344
0.002891600898834699
0.002889089024655753
0.002887215030486505
0.002884875444472422
0.002884319449642693
0.002883288945193189
0.0028812950043819907
0.0028877111860470053
0.0028855548534076703
0.0028831396882832362
0.0028814658789611046
0.0028791374075177976
0.002878835225072897
0.002880022747500446
0.002877763197013578
0.0028765555910078414
0.002874010554838653
0.002871937810967965
0.0028715305998683067
0.00286942260983522
0.002866807673015265
0.002865287472356038
0.0028629871823413933
0.0028607666907934817
0.0028606342176882944
0.0028618250010321892
0.0028629121769306975
0.002860849967073114
0.002864291690704584
0.002862043130637309
0.002860552125006315
0.0028581759024530716
0.0028566833817735495
0.002854397790161508
0.0028524928474463924
0.0028513859587066476
0.0028608465258227636
0.002858595311248056
0.002856483073654521
0.0028543690336160226
0.00285253697468798
0.0028514487602502954
0.002849285424464888
0.0028484707722051506
0.0028464141522195467
0.0028447436763883
0.00284511282037193
0.0028432163336872475
0.0028419880598614953
0.0028397195555261347
0.002837977334137954
0.002838331517847469
0.00283906244802713
0.0028367675921122373
0.002835087573432174
0.002832854124438361
0.0028313185614918463
0.002829731238994097
0.0028280370342660707
0.0028258073434486433
0.0028238442458064844
0.0028223874991743264
0.002821019222471576
0.002829944705855279
0.002827765868789998
0.0028256737175402424
0.0028241010136556897
0.002822113888780868
0.0028219597599162525
0.002820138598732594
0.002818704112953949
0.002816403851724543
0.0028144117767102727
0.002816177352007451
0.0028146999282280256
0.002812582682765111
0.0028135327149744634
0.0028114014052145865
0.002809705091798366
0.00280785954329964
0.00280683948309654
0.0028046232691186957
0.002805078881275531
0.0028028596705978563
0.0028115999165807936
0.0028172745188316767
0.002815205854771261
0.0028139547843306213
0.0028117970977993983
0.002809798417280941
0.0028078351977908087
0.002805873333703654
0.0028054794095691347
0.0028033686207369086
0.0028014422432137065
0.0027997454356060766
0.0027978864255487033
0.0028029818958511758
0.0028010147353567743
0.002800209422125292
0.0027982231475022525
0.002804879992384317
0.002802659067216409
0.0028006070153081953
0.002799055298042019
0.0027999485495889855
0.0027978779827107104
0.0027959872133779618
0.0027941258239791095
0.0027921108191971996
0.0027920915594186226
0.002789981665184281
0.0027886805637652003
0.0027870427222280183
0.00278500851327561
0.002783178739818674
0.002781992122772162
0.002780071985148633
0.0027795292319852402
0.002778253205833896
0.002796977609046611
0.0027949552293871855
0.0027931880315151627
0.002791318161438793
0.0027896861854818738
0.002787863453492324
0.002786458230915242
0.002784691726123941
0.002782915178438977
0.0027914002870360953
0.0027892736567630898
0.0027873251805640258
0.0027856677721911126
0.00278376676063846
0.0027819882438325397
0.0027803560291177706
0.0027788352300902514
0.002777689379159486
0.002775853040958664
0.0027740998315337714
0.002772200890248318
0.002771104079949287
0.002771806764113131
0.002770774894838724
0.002768779349985913
0.0027668922236787808
0.0027656767439986902
0.002768777877771551
0.002766601011345899
0.0027655819756746687
0.0027636888137361347
0.0027619177487873637
0.002760085898300751
0.0027587248790566714
0.002760692437509084
0.002758617728077855
0.002756800061971271
0.0027550953676502756
0.002774591088371826
0.002772459066050808
0.002770660354564659
0.002769114821722211
0.0027676912663306577
0.002767751490135854
0.00276566921676244
0.0027639087125765007
0.002762054458220961
0.0027604884765786925
0.0027593038933483678
0.0027574694917781497
0.002755881971883273
0.0027578864878134855
0.002758109933974886
0.0027561302282620138
0.0027542201340397723
0.0027527016439988124
0.002750689741366805
0.0027497609090437664
0.0027478614467713876
0.0027460061380026814
0.002744641217309913
0.0027462401476807323
0.002744395786798189
0.002742644294886199
0.002741592698898246
0.0027395896435234222
0.002739763363477135
0.002737752552338258
0.0027362479119918573
0.002735592891962395
0.0027417658592726467
0.0027400006573379755
0.0027379895321400062
0.002736576983023301
0.002735010880345762
0.0027331873440356413
0.0027320754128032777
0.002730133523467498
0.0027306633417704352
0.0027286549888124673
0.002727358571909867
0.002728057160519594
0.002729789773753585
0.002727911678929986
0.002726815650015771
0.002725408246311402
0.0027237404309209704
0.002724992240757951
0.0027233668634358034
0.0027220293475296686
0.002721138102218698
0.0027193175127527168
0.002724435768779354
0.0027224627650163143
0.002721136218157421
0.002719236182426782
0.002718621270600629
0.002716895240736327
0.0027158509896150233
0.0027138309840963734
0.002712768129665199
0.0027204075083673337
0.002718664125319882
0.00271682885070699
0.002715278331247362
0.002714394170447281
0.0027126777546883484
0.002711274622698992
0.002709788325908339
0.0027082354071538963
0.0027100666100769617
0.002708369358433934
0.0027067730029103026
0.0027055045026021683
0.002703728393368349
0.0027146995669930104
0.002712837774698479
0.0027111697863921374
0.002709376117532613
0.00270802814902321
0.0027067173351714748
0.0027052213037777385
0.002704127759800856
0.0027049684971258195
0.002703274994947166
0.0027014877851322693
0.0026999303914806445
0.002698988791741932
0.002703158167650233
0.002701667474365553
0.0026998704813146015
0.002698311173430854
0.0026967010052073143
0.002695102321067917
0.0026941269220967443
0.0026926731760312404
0.0026915460140066617
0.0026899697268864277
0.00270605886591451
0.0027042793513005607
0.0027025896804357525
0.0027011647477183007
0.002699706234944431
0.002698028573599001
0.002696521769680744
0.0026959528389586362
0.0026943968333655952
0.0026926478795338262
0.0026914635854917244
0.0026897757259112653
0.0026954643823594356
0.0026937110836714696
0.0026919681071149813
0.002690509884707254
0.0026903130011578917
0.00268856239595481
0.0026871218505450834
0.0026858950309716924
0.002684311687591205
0.0026831908034303147
0.0026814541360882893
0.0026808509639933307
0.002680150971826631
0.0026785128832233834
0.0026781051295825305
0.002676358667306237
0.002675601172639739
0.00268180780346942
0.002680109186262376
0.0026851811335173222
0.0026834076785292316
0.0026818121901810866
0.00268017834348174
0.002678873284565258
0.002677202589941064
0.0026763256486490175
0.0026746012222211594
0.002673449341123725
0.002672219055398253
0.002670532375092966
0.0026720007747258988
0.0026704088068495698
0.002668916530259934
0.002668048134350536
0.0026671852025018294
0.0026655921280475184
0.0026653798676508174
0.002663818366292021
0.0026619562457562687
0.002664190782266164
0.0026637048927426483
0.0026620589255621856
0.002660642403675252
0.002659525877741197
0.002657797323066672
0.0026574237079231254
0.0026605857130092827
0.002658875412207966
0.0026574999101790153
0.002656468087945094
0.0026555953276447396
0.0026537331631754815
0.0026522659140385436
0.0026538850170369837
0.002652332011181056
0.0026508039158599467
0.0026498622560089066
0.00264814225511283
0.002646708781332675
0.0026456182016883164
0.0026507729084129217
0.0026493472790627016
0.0026479891671859776
0.0026465180865442284
0.002645651084712273
0.0026442443083625794
0.002643225980751392
0.002641518791722326
0.0026403112586605728
0.0026408212854246433
0.0026399075927185586
0.002638289934867659
0.002639172059287099
0.002637659840840432
0.0026365464326582972
0.002634889662658774
0.0026335521845151015
0.0026322087712652414
0.0026327951295563212
0.002631444061075042
0.0026301863006707366
0.002628665025083629
0.0026311571051194334
0.002629493789690758
0.0026284170628349582
0.002627060829695787
0.002625779224269638
0.0026279332180098904
0.0026263526166326353
0.002630564137737891
0.0026453835295036487
0.0026437569255432594
0.0026423736235543097
0.002641009989425411
0.0026394844497483554
0.0026383581373914918
0.0026367810919881505
0.002635603680350721
0.0026351831309997338
0.0026337192507821555
0.002632372240112297
0.0026319287819442276
0.002634817829223555
0.0026332486401400156
0.002631733512866657
0.0026315743062271546
0.00262983927231537
0.00262838316693384
0.002626934291760621
0.002626923784238227
0.002625409968277189
0.002623951542350115
0.0026225146546470005
0.00262439996135503
0.00262284707569794
0.0026217575231660016
0.0026202000699449336
0.0026198161713391842
0.00263296892508927
0.0026313474058432718
0.0026299501945336915
0.0026286773075268077
0.0026273836794731224
0.002626018750836813
0.0026247207349954487
0.0026244395683437164
0.0026229294594673734
0.0026216106665710136
0.0026203422306459454
0.002619364084253074
0.0026181092288545143
0.002617518859215213
0.0026159671899129893
0.0026172825360805257
0.0026158402153623164
0.0026146922508053015
0.0026132617329714825
0.002611766899427253
0.0026121497164682496
0.0026107266693710155
0.002611175205080051
0.002609667057714331
0.002613321320597149
0.002611774910444605
0.0026102860345291606
0.002609118521822391
0.002607613935012198
0.0026064424927947916
0.0026063321420153004
0.002604806425048824
0.0026034194601971187
0.002602180395652534
0.00260103034790553
0.0026010008326492404
0.0025998715425335993
0.002600632567341246
0.0026024488102260016
0.002601969810819515
0.00260041780469108
0.002599233815063291
0.0026057679941550375
0.002604318031291203
0.0026032498419999344
0.0026022278990808687
0.0026008263371316426
0.0025998294530766935
0.002598205481817441
0.0025969166549951574
0.002595542233208881
0.0025947875674193935
0.002595438012119306
0.0025951785904010233
0.0025938359532001066
0.0025975278043070624
0.002595962776051384
0.002594695139576215
0.0025932841694740125
0.0025922399206308945
0.0025908357041489753
0.0025894178315392113
0.0025892760507255203
0.0025888321651319946
0.0025874189455237953
0.0025860148957680255
0.0025851244669300184
0.0025848563409858745
0.0025833116709529386
0.0025821873551597745
0.0025810819208928262
0.002579688093697336
0.002578955081194578
0.0025774803963190887
0.002576423940626615
0.002577243821807013
0.002575734286769082
0.0025745847618216943
0.0025734142351231115
0.002572014628137835
0.0025765483130601023
0.00257509217774358
0.0025738990745727184
0.0025727260000420423
0.002572834203780449
0.0025721351413031893
0.002570801817638033
0.0025772093284437297
0.0025758419634215966
0.002574547727394323
0.002573539143466008
0.0025725021554080674
0.0025709815415347038
0.0025697649391850106
0.0025698152996047772
0.002568511677600207
0.0025671394491454756
0.002566372680175428
0.0025648973671469548
0.002563916093365472
0.0025639147627105146
0.0025625330665899203
0.0025611098021208743
0.0025616929753720106
0.0025602646035611377
0.0025592817704852607
0.0025675005484518034
0.0025664009261961913
0.0025648970905761443
0.0025636748661951154
0.0025628316701322585
0.002561500086787156
0.002560126173239664
0.002559061979179372
0.0025588065664189485
0.0025574198967808722
0.0025568083362895204
0.002556397512978185
0.002554907236026825
0.0025546732086812445
0.002553333517683447
0.002552244711943655
0.002550887732652169
0.0025503417802112045
0.0025512391642301814
0.002549887487774493
0.0025486256626703094
0.0025472976327029456
0.002551550793104461
0.002550110562617126
0.002548792263929725
0.0025486553304716972
0.0025473981577363667
0.0025463253289687796
0.00254528612793736
0.0025440045944700985
0.002544912607500001
0.002543536524056315
0.002542251408624922
0.0025410152691553675
0.0025453807084880376
0.0025439198949114036
0.002542931993024688
0.0025418623210289796
0.0025406187770117545
0.0025394804704294686
0.002538256681395325
0.002537373039844665
0.0025371825467150133
0.0025359435459731128
0.0025348542161261734
0.002535473853300234
0.002534324620691717
0.0025343905440912587
0.0025368378553480148
0.0025353920534763735
0.0025340763210942746
0.0025331928665422443
0.0025319191639361143
0.0025319298324905045
0.0025306831300704407
0.002529737371218505
0.0025344847060283977
0.0025331541145492253
0.0025320579332385666
0.002530657170329854
0.0025295724447603235
0.0025282333841689956
0.002527949785018829
0.0025269924200909083
0.002525913298490185
0.002525438221010343
0.0025241845200673304
0.0025231312475364346
0.0025229006522204623
0.0025223618489253175
0.0025210415125191676
0.0025208431377238675
0.00251948279824905
0.0025183715840302098
0.0025171869686454493
0.002515881038809898
0.00251505021855684
0.002514099472215674
0.002514485439324727
0.0025190608671847754
0.0025176895920746268
0.002516383277268008
0.0025157463218181157
0.002514394789280219
0.002513293479555602
0.0025123008555403533
0.002511773600554314
0.002510526249222257
0.002510079199129029
0.002509336467624001
0.0025081531358261576
0.002508469346632183
0.0025124174892717857
0.0025110615724745697
0.0025099139918122225
0.0025085743249475467
0.002507934950920331
0.00250680494322876
0.0025095368003701228
0.00250817105411749
0.002512007161412879
0.0025106070259973516
0.0025095602673555198
0.0025089256418454105
0.0025075823153731624
0.0025068730186394114
0.0025115943399533153
0.0025102526128827356
0.002509064719869321
0.002507806233234576
0.002506532374859264
0.0025053673959996342
0.00250526060217778
0.0025040015656494705
0.002502805018571564
0.0025015292332318763
0.002500408813668455
0.002500117120530301
0.002498851850721789
0.0024992725322265526
0.0024980333331160337
0.0024969799325436017
0.002497821149314941
0.0024967085769298527
0.0024953382628545803
0.002495823654076758
0.0024945558755054406
0.002496457735988759
0.002495159381528243
0.002494110893316285
0.0024928418214864496
0.0024916166068886343
0.002490527732797616
0.0024897289727074112
0.002490864865029389
0.002489636777929842
0.00248841962333005
0.002487352593320354
0.0024864810641290727
0.0024852087594325204
0.002484076251820459
0.0024830154484556397
0.002482318537598191
0.0024810388519320124
0.0024819958701206733
0.002480902043854435
0.002479844130102297
0.002478866079027566
0.0024791092798415837
0.0024780778674405365
0.0024768937654753003
0.0024804678190441325
0.002479310650095324
0.0024781946925997757
0.0024772099593146192
0.0024761107072170225
0.0024748240095336963
0.002474771852838481
0.002473648121809451
0.0024732052958160665
0.0024731064745476825
0.002471820926932484
0.0024710414479391938
0.0024710853447986025
0.0024699119136150425
0.0024690136313787617
0.0024678999609908077
0.002466820720368177
0.0024656943005835806
0.0024654188902860784
0.002464098525253196
0.0024631213901512164
0.0024623900741477496
0.0024617897383035874
0.002460577968774988
0.0024598915087482246
0.002458660561319157
0.0024584470771044594
0.002459746480336584
0.0024585535945061505
0.0024574935372178295
0.0024567518316650472
0.0024556601112296662
0.002454513160108475
0.0024571874381364473
0.002455997928567064
0.002455170219543585
0.002454027626372287
0.0024528045656236927
0.0024528207599049823
0.0024518943599123855
0.0024506497263476128
0.0024517505404629144
0.002450550911481252
0.0024494563566171473
0.002448237761405972
0.0024472180274434942
0.002446131835320768
0.00244503306839248
0.0024449403696508534
0.0024444101132228167
0.0024432620766244545
0.0024421105064647924
0.002442130520586399
0.002441119444140649
0.0024405268837848653
0.0024394405341469404
0.002438355577264961
0.002437256655461707
0.00243651234109468
0.0024407284080080853
0.002439526734963078
0.0024385987081774565
0.0024375995895133517
0.002436828683217197
0.002435690322680995
0.0024345695108163447
0.0024345976912688297
0.002440785189814373
0.002439595371319168
0.0024385166064767277
0.002437522458420083
0.002436703219382538
0.002436641615687965
0.0024354636751986645
0.0024345047193433597
0.0024334182767392896
0.0024323091913121837
0.00243266723414108
0.002431447553444943
0.0024303205610065586
0.002429490215116231
0.00243066253687002
0.002429497883137687
0.0024295144478591576
0.0024288521804381484
0.0024276542312435785
0.002426559579329304
0.002425452896587944
0.0024250802769829427
0.0024239077985554773
0.0024229219270569817
0.002422751563762142
0.0024227170310811594
0.0024223028744323485
0.0024214782348741816
0.0024203992451141383
0.0024218705651760353
0.002420758477615603
0.0024286044004315313
0.00243255963604194
0.0024313403977296527
0.0024302741331158925
0.0024292125803410643
0.0024280989619105253
0.002427686323225419
0.0024265527800744206
0.0024254584983784866
0.002424763860906531
0.002423604872130745
0.0024233946201166466
0.002422167613096644
0.002421197622558854
0.0024202420125386628
0.002419208009201097
0.0024196075884842694
0.002418480564985543
0.002417310118933407
0.0024220259314433504
0.002420892897113019
0.002419775698383694
0.0024186991628073707
0.0024198598619463033
0.002418734482618743
0.0024178622649379485
0.0024166812010755555
0.0024157737679006176
0.0024147751323250707
0.0024136538358754717
0.002412886574391018
0.0024119806674285913
0.0024117917090921478
0.0024107313343084903
0.002409882958614236
0.0024102764770037237
0.0024091430992606378
0.002408304145489111
0.002407253938047903
0.0024114338645684786
0.0024103271655119755
0.002409278753344729
0.0024085022692823623
0.0024073589234661096
0.00240655281043599
0.0024054744457569226
0.0024044382208146375
0.0024033800300423533
0.00240278687401959
0.0024017680308545514
0.0024006182982950733
0.0023996244250063864
0.0023993883001496253
0.002400019819632244
0.0023989116702344557
0.00239868720941749
0.0023976158358684115
0.0023966431403152034
0.002398046750387976
0.0023968782911730734
0.0023959454848275006
0.002394998688178582
0.0023940217850568534
0.0023928577201785253
0.00239286194720816
0.0023929995906788663
0.002391910440093827
0.0023910508334379237
0.002389941430465343
0.0023890481987075803
0.0023884527996430238
0.002387391703947452
0.0023862661572998903
0.002385461499572321
0.0023852756490221603
0.002385233417207133
0.00238420849797826
0.002385730466591972
0.002384617688680245
0.00238351750351942
0.002382868923926056
0.002381848025231449
0.0023807244701513244
0.0023803231569357796
0.002384536597205353
0.0023834498699731007
0.0023823374080283346
0.002381416553679927
0.002380376875473026
0.0023806929226838675
0.002379712326982655
0.0023786172150840083
0.002377684937131384
0.002377323647190018
0.0023763090089978177
0.0023754218349298028
0.0023745427731310773
0.002373638989685258
0.0023727030996468427
0.0023715343182811213
0.0023706667495028157
0.0023703324543889463
0.002369293830228847
0.0023683436476074934
0.0023676087342474326
0.002366950613782348
0.0023695845066089597
0.0023685675750751297
0.0023675528800802042
0.0023670002497423273
0.0023659458187526177
0.0023649802599656953
0.002368068426780397
0.002366951344622345
0.002366025679878018
0.002365233776496855
0.0023641716587340486
0.00236321954824289
0.002362325127231378
0.0023614261418002415
0.002360381362986828
0.0023594680306757744
0.002358533326896486
0.0023581865816904705
0.0023571924581769384
0.0023565511921487653
0.0023608007823301552
0.0023597537635006638
0.002358761105287525
0.002357788722089264
0.002356772099546127
0.0023560792229709655
0.002355299533197013
0.0023541806704489134
0.002353567192218445
0.0023526395171765335
0.002351737328986761
0.0023511055940032416
0.0023509274574391053
0.0023498792160491036
0.0023489794938215563
0.0023482236555030433
0.0023486038339064043
0.002347562657413535
0.0023570867323319225
0.0023559624661029935
0.0023551138766273938
0.002354238399506413
0.002353237762865193
0.002352263565698213
0.002351359782282177
0.0023507077534941053
0.0023496801048193293
0.0023490300983637358
0.002348294854211005
0.0023473064680659575
0.002346292741822329
0.002345589186190014
0.0023451296949948105
0.0023443486437380798
0.002343326345996498
0.0023423930719641823
0.0023417601829053363
0.0023407639604075504
0.002340565093835983
0.0023395621594288203
0.002339694918986864
0.002338650031615774
0.0023376441641249175
0.0023384372704745022
0.0023374106753826476
0.0023363930874826687
0.0023356495302744216
0.0023349259072677053
0.002334022643470484
0.002335109772002084
0.002334299914747008
0.0023333307353005043
0.0023327061731886877
0.002331651577656772
0.0023358035884741804
0.002334792609080039
0.0023337655415220752
0.0023329034017845326
0.0023361911215230144
0.0023351799204904982
0.002334241868148909
0.0023332588580008634
0.0023323499012105984
0.0023316406013319056
0.0023310568740016065
0.00233008082921336
0.002329338818598253
0.002329291603301501
0.002328357054908019
0.0023272938334780433
0.002326493016121169
0.002325483508657937
0.002325780372031379
0.002326435528293854
0.0023255246088455337
0.002324608375157946
0.002323661290134719
0.002322734921120165
0.0023217832775913826
0.0023211174679867424
0.0023201677543948146
0.0023192703540227803
0.0023199598844120704
0.002319031308197259
0.0023180534107098516
0.00231706513865196
0.002318332291467106
0.002317331835155374
0.0023179282124712844
0.002316991078604678
0.002316637437300793
0.0023156781933809712
0.002314695286343475
0.0023139494029201222
0.0023141697349483917
0.0023131899794019877
0.002312296154808221
0.0023119473720184763
0.0023136734543962026
0.0023126688278673644
0.0023120328553659654
0.0023110257071726576
0.0023103356400730525
0.0023093199845587663
0.002308518976600682
0.0023077495371820332
0.002307356264781937
0.0023063016137751546
0.0023054801603925638
0.002306050828220817
0.002305147545066821
0.00230440209400099
0.0023038386321086635
0.002302913177710209
0.0023022034270433218
0.0023012128082529927
0.0023006689252910604
0.002299754908415106
0.0022988231795420077
0.00229787995846746
0.0022973721025052146
0.0022964250967876664
0.002297536279910367
0.0023002063222100706
0.002299215947314136
0.0022984452534265004
0.0022974779582860907
0.002296632926526599
0.0022965341855013255
0.0022965555411535114
0.002295609656477887
0.0022949435475066713
0.0022940329876663737
0.002293067009097676
0.0022937556916109887
0.0022929824877065516
0.0022920420533409647
0.002291129763426311
0.002290715424452635
0.002289779684166506
0.0022891119341604473
0.002288106131235977
0.0022871988389466546
0.0022863568395454638
0.002287147155172206
0.0022861633341338563
0.0022852568023946293
0.002285161108173337
0.002284280575632711
0.0022835477099807074
0.002295649845729831
0.0022948496664935624
0.002293929877813061
0.00229309933127205
0.002292196890197609
0.0022912470598878674
0.002290566360444603
0.0022900134072309196
0.002289055035622306
0.0022884203636759247
0.002287486014161
0.002286815160863633
0.002285828380671401
0.002285022176120361
0.0022844067378730783
0.0022838795549228693
0.0022859532381233434
0.0022850132312758273
0.002284101802973321
0.0022833453768972274
0.0022824534645306195
0.00228159084549522
0.0022814991500192013
0.0022805338484512354
0.002279683344003093
0.002278813626901089
0.0022779638468736997
0.0022771294706236994
0.00227651618356696
0.0022755946510616357
0.0022764669421617475
0.002275948419135431
0.0022750693055157696
0.0022744071000538315
0.0022744408764186342
0.0022735969531593563
0.002272875728551386
0.0022721058964463676
0.002271225966711031
0.0022731564015929296
0.0022722753839933482
0.002271685003892357
0.0022707334664317748
0.0022699662054990266
0.002268990368387188
0.002268350436648507
0.0022673901852533766
0.0022666129063358457
0.0022657221782871775
0.0022648996376288056
0.002264638276156664
0.0022646622436953605
0.002263703616867679
0.0022628589997786
0.0022622175154250732
0.0022629339478619963
0.002262060891512355
0.002262363845623595
0.0022614835154720777
0.002260805911672138
0.0022598627793769966
0.0022592318634378477
0.002258737942722508
0.0022579602479868553
0.002263765325599461
0.00226281423714315
0.0022619440043211876
0.0022703718952696455
0.0022694408326221025
0.002268707166967596
0.002267948323203298
0.002267050078211596
0.002266221688877282
0.002265274287903136
0.002264645831450491
0.0022638312052836247
0.0022630156605329345
0.0022623750547431975
0.0022616515571929037
0.0022608183270809573
0.002259954196787128
0.002259113142416406
0.0022596580149669234
0.00225880550619503
0.0022580388869560303
0.002257334085141122
0.002256526032954774
0.002255714870423424
0.0022590114412031855
0.002258133833003965
0.0022573670829018817
0.002256462929923916
0.0022558092396916733
0.002254935228451669
0.0022541280865307455
0.0022539367072327257
0.0022530322853913575
0.0022521562968080434
0.002251370684441158
0.002250619680562168
0.002249864671475935
0.0022489652907547067
0.0022482869252673557
0.002249424189021049
0.002248560992038567
0.002247776496588842
0.0022469943120107696
0.0022466953989341036
0.0022458476999481316
0.0022449785305661573
0.0022444042000464588
0.002244932524026235
0.002244090650977165
0.0022432071014081277
0.0022424836554872023
0.0022420263262011926
0.002241174917109531
0.002243335872705549
0.002242434832056403
0.002241741883847394
0.0022409277453410287
0.0022401915979271035
0.0022397466595305707
0.0022388396792932847
0.0022380591684170114
0.002237239365146654
0.0022367305733240663
0.002235893151150009
0.002235213948892072
0.0022343648749597244
0.002234357966430172
0.002233544314643301
0.00223576145771103
0.0022348413333439575
0.002234069546266093
0.002233283762959016
0.0022325411397213853
0.002231916663770943
0.0022315181773171835
0.0022306342614506125
0.0022301777439251943
0.0022293602345606358
0.0022284738320584242
0.0022277462645490854
0.002226985190265397
0.0022261142426527156
0.002225320441022958
0.002225194261033931
0.002224479550757153
0.002223691806390931
0.0022228863434567373
0.0022223154629503043
0.0022214889708493143
0.0022214230529952693
0.002221115269261593
0.0022202317914420634
0.002219390373136272
0.002218947671262127
0.002218114838609883
0.002223338562079721
0.002222446033652955
0.0022216943818012653
0.00222092902241772
0.0022201714316115607
0.002219320078207271
0.0022187080029091766
0.0022178798227624925
0.0022170792738290157
0.0022162583342293044
0.0022157299804067333
0.002215437382109756
0.002214782600758817
0.00221407087033558
0.0022253941372436243
0.0022245445253391595
0.002223876224485624
0.0022229973150934366
0.00222217547062418
0.0022215522474555997
0.002220691632491467
0.0022198957205923253
0.0022191470701674433
0.0022188255126370147
0.0022179689274502154
0.002217304218709359
0.0022164779661393054
0.0022156867290653985
0.002215603636664954
0.00221481478997729
0.0022141872891096462
0.0022136504607448634
0.0022144008494371635
0.0022137432408916424
0.0022129388732400035
0.0022121419378465113
0.0022113861265768277
0.002210537179743095
0.0022098895883273105
0.0022096268716704395
0.0022092295848824585
0.002208382282010526
0.0022076465831239343
0.002207012193104026
0.002206344220795329
0.0022055111273517882
0.0022047908879043315
0.0022040164851299536
0.0022038211959298413
0.002203467199959441
0.002202824205993982
0.0022020925798497274
0.0022013509170372113
0.002200602012659979
0.002200118255074011
0.0022068002118491286
0.0022059976502094535
0.0022056180436856756
0.002204747475981888
0.0022041543981574704
0.002203339094204979
0.002202536815778475
0.002201832328607754
0.0022010483608842324
0.0022003622682731094
0.002199591911055754
0.0021990055294235653
0.0021981839481884933
0.0021979871367104995
0.00219725451396138
0.0022078435641900546
0.0022070105419701802
0.0022062860926975614
0.0022054943500294947
0.00220477794239334
0.0022041146448095288
0.0022033643032694818
0.0022026294128775674
0.002201796622375068
0.0022010076727146965
0.0022003459716652463
0.002199588902188512
0.0021988918920878074
0.00219819345019257
0.0021987522708741087
0.002198023730868448
0.0021972204856914217
0.0021965371466189194
0.002195687429782084
0.0021952419489169937
0.0021944096351747106
0.002193635927950975
0.002196380603227799
0.002195568867185144
0.0021962720916142904
0.0021954993307936642
0.0021947287967832834
0.0021939712621371855
0.002193484085622847
0.002192657837227628
0.002191989286903781
0.0021911789835221593
0.0021918402583669594
0.0021910388997403826
0.00219030204279847
0.0021896029052637556
0.002188843394560018
0.002188187905155872
0.0021874102985726374
0.002186837258700244
0.0021860434621045494
0.0021854046391692914
0.002185972815703938
0.0021852003271497097
0.0021844236789400747
0.0021841867890551596
0.0021833727253512134
0.0021827683798749187
0.0021819860363514057
0.0021814799353141283
0.0021807754478814175
0.0021800201537832743
0.0021797075283933893
0.002180518837551104
0.002179768577563143
0.0021791600420376657
0.002178378948912759
0.0021795828793138906
0.0021788194633812455
0.002178071081713837
0.0021773119383573505
0.0021791708127722955
0.0021785209364019154
0.002177723721975631
0.002176986887289753
0.002176278717637912
0.002175819710052135
0.002175223430428083
0.0021744609646889026
0.002173837749195249
0.002173090718661121
0.00217274407783137
0.0021719485399255816
0.00217135812694781
0.00217084920389357
0.0021700932188653517
0.0021695040930092752
0.002168731580176959
0.0021682099391392862
0.0021709690035114867
0.0021701945104591284
0.002169446798696509
0.002168700214968907
0.00216895610118076
0.0021681954971506977
0.0021677237192586985
0.0021669426544086738
0.002166334951668882
0.002167296073277262
0.00216688966618575
0.002166104926603362
0.0021654783301706263
0.002164737289076228
0.0021641690866218213
0.0021644160186252313
0.0021636643146793386
0.0021628795687220924
0.0021633902511681937
0.002162616570546615
0.002161890456568976
0.0021612104354149456
0.0021605176563555257
0.0021605952629815094
0.002163508165596927
0.0021628493443961168
0.0021621079247901107
0.002161475840817602
0.002162074312078784
0.0021613192130464365
0.0021605699556317428
0.002159918451166059
0.0021592337545285317
0.00215844552204356
0.0021580792067988166
0.002157532500453784
0.0021568533901657333
0.0021561248229037
0.0021554267572940827
0.0021618688922837703
0.0021610608706871086
0.002160413242072972
0.002159994710304723
0.0021592333779188178
0.002158580621873686
0.002157836925523289
0.002157289728627664
0.0021575432227891565
0.0021567851135815023
0.002156070622756394
0.0021555260797941154
0.0021551602162625783
0.0021544296807701094
0.002153728672665623
0.00215306171029041
0.0021524209120006347
0.0021517258853606135
0.002151026338427925
0.002150643406470261
0.002150464820081846
0.0021512948132232372
0.002150560969075776
0.0021499007519170613
0.002149167439912142
0.002148520617730689
0.002147976889074411
0.002147240414306773
0.002146749759167564
0.002146044516885714
0.002147884658204112
0.002147172088308561
0.0021465958982900928
0.0021458516829553206
0.002145212576819619
0.0021446758827282785
0.002143935268581101
0.002143187295964951
0.0021427836127816506
0.002144522720512857
0.0021438478501443394
0.0021431109823839877
0.0021425944989312234
0.00214186412472107
0.002141283782102556
0.002141991925676916
0.0021422840318665974
0.0021415036861739223
0.0021408918237295215
0.0021401218665802533
0.0021395510698308815
0.0021389898152601593
0.0021382288543857486
0.002137552917021176
0.0021370098880840868
0.0021362374733170006
0.002135770046057484
0.0021350979816279606
0.002135276331099996
0.0021345196858926665
0.0021338486110885116
0.002133251918286605
0.0021339647109708555
0.0021332520169796117
0.0021326187492168697
0.0021319666097524954
0.0021343497407128455
0.0021335974839694002
0.002132907506467131
0.0021323323670369276
0.002131620272175936
0.0021309333845417502
0.0021304617027829765
0.00212976663498993
0.002129592524281939
0.0021304878551193602
0.002129821546890698
0.002129130912602689
0.00212849932816125
0.0021278027226767212
0.002127257551431414
0.0021265140815872924
0.0021262883200125773
0.002125543859095192
0.0021252541975012164
0.002124556672016016
0.002132383195735097
0.002131626883463249
0.002130951017357999
0.0021304071218223573
0.002129897295290524
0.0021292066118206144
0.0021287282087793357
0.002128350600803968
0.0021276637942638883
0.00212697977338727
0.00212631862027307
0.0021280618574211845
0.002127310675688746
0.0021266784038486784
0.0021259830499988945
0.0021252995443299797
0.0021247621014643826
0.002124126410682142
0.0021235008964708983
0.0021230618436494674
0.0021223303037715903
0.002121915407344069
0.0021216977415787763
0.0021210201106155162
0.002121616545706439
0.002120971629868435
0.0021202895606520986
0.0021195789716055478
0.002119053688861817
0.002118559262566162
0.00211788690402269
0.0021177984314503955
0.0021174263129948427
0.0021167118489366548
0.0021161611613475747
0.0021154656551654136
0.0021148022095585583
0.002114119728540868
0.0021139946210362993
0.002113349839359892
0.0021129535671782873
0.0021136622366879137
0.002113176104277494
0.0021124402177005704
0.0021119951153737147
0.0021118700413285335
0.002111186292336111
0.0021130281023428316
0.002112385591080849
0.0021117061666902455
0.002111307212991524
0.0021107256171069605
0.002110047425424005
0.0021093647843991228
0.002108817636366142
0.002108240625230979
0.0021099495327528486
0.0021092896437507934
0.002108637034975834
0.0021080900758505025
0.0021160798173571285
0.0021153558796305335
0.0021148608456104064
0.0021142377261767716
0.0021135292214705154
0.002112997423948834
0.002112353235934253
0.0021117760512905205
0.0021111291812604314
0.002110563792990471
0.002109886508324631
0.002109249844975939
0.0021089013096093814
0.002108262101680275
0.0021086833779058118
0.002108117158100896
0.002107423544298539
0.0021068661272524475
0.0021072960006272125
0.002106632886067788
0.0021060518905252792
0.0021063060807697716
0.00210570942914339
0.002105033769038482
0.002104399859416787
0.002103802914871365
0.00210379403617644
0.0021031513232088826
0.0021024894646158323
0.0021018501476228707
0.0021012492409602417
0.0021017300012578675
0.00210112133031201
0.0021014264428412567
0.0021007429706386034
0.002102060531908808
0.002101365148204437
0.002101395246658084
0.002100815054797583
0.0021001386638015763
0.0020999764215274687
0.0020992930854886837
0.0020986789899867858
0.0020981668167260876
0.0020977398278585165
0.002099816238129021
0.0020991523181758524
0.002098501198710852
0.00209783677396776
0.002097220720856006
0.002096604722516519
0.002096082347496413
0.0020954859582381653
0.0020948374834701316
0.0020949552636680257
0.002094293712687607
0.0020937135791017675
0.002093126794344344
0.0020926465307472743
0.002092270265174803
0.002092309660999424
0.002093191580267125
0.002092525013766677
0.002091933929970022
0.002091305879554713
0.0020906610514076656
0.0021057229651371065
0.002105037382336823
0.002104444350794096
0.0021037990446694564
0.002103147703841493
0.0021026138319752245
0.002102171001171934
0.0021014856627374462
0.002100966989132938
0.002100307028247407
0.0020997657411881026
0.0020992071616165666
0.0020990455210322715
0.00209840143655734
0.002098690439363411
0.002098041925987892
0.0020974063508678023
0.0020967763118434524
0.002096194438664625
0.0020957180778888957
0.0020950983429453116
0.0020946582814630483
0.002094185553858416
0.0020935251330735714
0.002093109224066082
0.00209324735970701
0.002092621222201892
0.0020937679160908215
0.002093106914286433
0.002092515481182259
0.0020919278256156504
0.0020912908007951953
0.002090889346212399
0.002090377261686985
0.0020897851551138213
0.0020896619090749443
0.0020894945056828588
0.002088972346789015
0.002088343039461125
0.00208766214540336
0.0020870935459377524
0.0020866010381849747
0.0020883673654731646
0.0020877766347308494
0.002087288904200488
0.002086680465722778
0.002086118759568426
0.002085579182086996
0.0020863096340718594
0.002085671823867974
0.0020850776629026103
0.002084418120516699
0.002083889258707005
0.0020833713814523533
0.0020827129274098703
0.0020821351386915822
0.002083306999787001
0.002082674316229226
0.002082140399414664
0.0020814840722196263
0.00208138550130843
0.0020807404774414538
0.0020801001935794147
0.0020804898076583526
0.002080015598401624
0.0020793634898386855
0.002078784570790495
0.0020781839961206104
0.0020798106334818027
0.002079259531707068
0.0020785786259262242
0.0020780045558956048
0.0020774022836618916
0.0020767851471016454
0.002076142855159991
0.0020761655283072344
0.0020755304319873603
0.0020749046254395537
0.0020744468181627365
0.002074053302273975
0.0020734310750404185
0.0020730786721259073
0.002073310614146936
0.002072749732960364
0.002074482868931785
0.0020738511919958335
0.002073259249502572
0.00207271683921531
0.0020722294884411964
0.0020716445992819766
0.002072202613941886
0.0020715582026813346
0.0020709328589869295
0.0020703934864918765
0.002070453597512998
0.0020698475823507367
0.002069215021646503
0.00206874350319552
0.0020686654389861997
0.0020680591028151628
0.002067537631259241
0.00206693149936214
0.002066619598254267
0.0020669941238593086
0.00206638909456123
0.0020657629763576593
0.002065188246040544
0.002064689774453851
0.0020696599284854584
0.002075286484367357
0.0020746565972785957
0.0020741223230444
0.0020734542329415686
0.0020729341048889532
0.002072285685495992
0.0020719243564358554
0.0020714804247655627
0.002071605595609336
0.002071118684792138
0.002070510590249321
0.002069978601683331
0.002069426692006598
0.0020690582247223995
0.0020684455777802632
0.002069628259664106
0.0020690061695139363
0.002068514034125307
0.0020678567446286754
0.002067306482523362
0.0020671515936619123
0.0020665011957394885
0.0020659857083924404
0.0020654156930867765
0.002068412115605435
0.002068356204058891
0.002067698223371684
0.002067364543018942
0.0020667898757693285
0.0020661692226107277
0.002065676781914044
0.002065047095105181
0.0020644995887602355
0.002063928571673671
0.002063679336905352
0.0020631993309608255
0.002062683488796187
0.0020624985109929748
0.002061951511596363
0.0020625117538122712
0.0020618950670570004
0.002061526589698843
0.002060897492836654
0.0020603353508033655
0.0020599116234540213
0.0020605712365397975
0.0020599763478111213
0.0020595482092823397
0.00205888409075779
0.0020583367232589176
0.0020604617768272297
0.0020598609749967653
0.0020597345475210985
0.002059173674195699
0.0020586134135480052
0.002058122378855653
0.0020575534030114607
0.002057190994667252
0.002056667763537846
0.0020564654811751804
0.002055858234193821
0.002055326343842611
0.0020547468364406313
0.0020542397770575444
0.0020587552632202154
0.0020581346102305762
0.0020575250041503903
0.0020571046032876656
0.002056451680465178
0.0020560027595876856
0.002055414318374998
0.002054954048985617
0.002054761549245667
0.0020542304156170033
0.0020536401800050636
0.0020531266713872272
0.002052549767258413
0.0020520228497903728
0.002052362443615306
0.0020525059924497704
0.002052214571573781
0.002051611871750556
0.0020512036752334153
0.002050678771061612
0.002051259024253726
0.002050674069298459
0.002050099059533021
0.002049516003588442
0.0020492546659859777
0.0020521905428041685
0.00205176801594058
0.0020513760683433715
0.002050800480756376
0.0020502609339131377
0.0020497053746753326
0.0020490979938752375
0.0020492937917783714
0.0020486532942146796
0.0020481142609595337
0.0020479455170983813
0.0020473490552608293
0.002047904812933991
0.002047282041209619
0.0020468018336197583
0.002046221545483424
0.0020456659165420934
0.0020453454969772775
0.002044736574470989
0.0020442816316483935
0.0020461912844689082
0.0020455831925876296
0.0020449929149565175
0.002051886033780355
0.002051295979965489
0.0020506908870089133
0.0020501213701153865
0.0020496227804998914
0.002049013063831632
0.0020485343207212302
0.0020480633513886887
0.002047472592534342
0.002047308732211412
0.002046719617456347
0.002048589926931869
0.0020480072565013615
0.0020474667395983855
0.0020469715620343655
0.0020463882118458942
0.0020458578471203755
0.002045938433142881
0.0020453239103753796
0.0020447995131821135
0.002044217230349994
0.002043663184923892
0.0020433501892983944
0.0020434723185977265
0.002042868125249086
0.0020423186051330092
0.002042261660588408
0.0020417230950233486
0.002041188298805462
0.0020406277356568416
0.0020405616645339008
0.0020408199382723137
0.002040209722433142
0.0020400297449702505
0.00204197457147761
0.002041404116666309
0.0020408228909288896
0.002040360456973361
0.0020397661950483977
0.00203959686950505
0.002039307973554415
0.002039446452470455
0.002038881286788541
0.0020384226924451865
0.0020378545221726046
0.0020373380835815927
0.0020374311332680486
0.0020369027718152768
0.00203689271986675
0.0020363397303143557
0.0020358729934337825
0.0020353643326460145
0.002035488043877146
0.0020366151851676038
0.0020360413088897178
0.002035996040697272
0.0020354111594958666
0.002034933494825253
0.002035378915074684
0.002034779864454155
0.002034221060026946
0.0020337067322359526
0.0020333854612118152
0.002032926888932237
0.0020334106227223106
0.0020382814669512718
0.002037688471893223
0.002037196380368501
0.0020366069957056115
0.0020360999948046787
0.002036946497660913
0.0020363482980910144
0.0020358649862915186
0.0020353605870729553
0.0020348652041048913
0.002034307941155946
0.002033808456707406
0.0020336273633884258
0.0020331843979677967
0.002032673200163122
0.0020321801137516307
0.002033033857965976
0.0020333243753568966
0.0020327699771943496
0.002032236628437763
0.0020333909506152115
0.002032810390891708
0.002032297122686878
0.0020318031844635412
0.002031221389491588
0.002030728510874268
0.0020302457156969973
0.0020308560343986234
0.00203027377386793
0.0020297377795387562
0.002030323803003527
0.0020297425296965125
0.0020292011202059056
0.002028919830599873
0.0020285001549696733
0.002028474021282713
0.002034317848592985
0.0020337423332169933
0.002033211073746747
0.002032722111319097
0.0020321748808820868
0.0020317019906332698
0.0020314842907157285
0.002030903381976702
0.002030358281106959
0.0020297949047969254
0.0020295378311639724
0.002029102561753196
0.002028778492047817
0.002028287260236899
0.0020277021056594774
0.0020282054490383945
0.002028097111882497
0.00202752563809823
0.002027028411511802
0.0020266665409621803
0.0020261259628236035
0.002025667405722901
0.0020251841802071888
0.002024803528610439
0.002024515485982198
0.002023945033889566
0.0020290533201339327
0.0020284691100739237
0.002027913059022699
0.0020273956381802265
0.002026903469815557
0.0020264761944409227
0.002026469047595494
0.0020259741506904144
0.0020254325259970317
0.0020248631465108607
0.00202449261878873
0.0020243763337845465
0.0020243189060954736
0.0020243795534639272
0.002023817571816984
0.002023263149571577
0.002023293614209737
0.002026145227980415
0.0020256209519846228
0.0020251318925395825
0.0020245866695521738
0.002024269370968599
0.002023685561792253
0.0020233492544499505
0.0020229135865999686
0.002022494539705645
0.0020219953719884205
0.00202229773716646
0.002021813768999487
0.0020212772405230946
0.002020716296540976
0.002020595563137459
0.002020149408272665
0.0020197362218135053
0.002019587302721352
0.0020195175041562113