0.015611581040223057
0.026114544495879046
0.021532366998890922
0.018945444411596422
0.0159424627611659
0.014193424644132141
0.01304837809307091
0.011859304128193754
0.011142688169690468
0.010492913908756077
0.009818932858568616
0.009288844646663963
0.008982583145638684
0.008497931756108957
0.008216135119210346
0.007848443864915344
0.007571297978750981
0.007412808517625238
0.007188313714070541
0.0069897228094504575
0.006804432146223556
0.006621200119258209
0.0064472067986559465
0.006322174465918226
0.0061323569786687175
0.005955118099802966
0.0057973792245275425
0.005715777221493387
0.005562123333942721
0.005442820849601383
0.005343905542412091
0.00527687018872047
0.0051581281311728604
0.005068810963781591
0.004981829096008047
0.0048804411331518785
0.004780708714076152
0.004688100862996024
0.004612691065013482
0.004526161584799766
0.004447797077983527
0.00439500187845784
0.004331150327357826
0.0042552979448344415
0.00419494056291606
0.004150755678056081
0.004103899000765208
0.004051422262144695
0.0040049356322106
0.003947460556902382
0.003892460281543265
0.003849995344857689
0.0038119562756633142
0.0037784543944890166
0.0037352719194931254
0.0037013920226642506
0.0036708497631605954
0.0036307772805402507
0.0036237940430917277
0.0035768276923486943
0.003534757813120904
0.003508107025412325
0.0034693688244908146
0.0034475898883506912
0.0034176897203341138
0.003384756091839988
0.0033734167782621836
0.0033399466534696884
0.0033141462676471462
0.0032861271176616723
0.0032675957751757342
0.0032356942875791514
0.003211700343904264
0.0031876265779468677
0.0031661632172214323
0.0031377452700066958
0.003111560855227183
0.0030949697268797924
0.003076033501264913
0.0030642374954461564
0.003042967153468686
0.0030200031103770285
0.003003988598286462
0.0029932187309333383
0.0029705453394355545
0.0029516829766749993
0.0029315246983417785
0.002924317407755432
0.0029052622244254613
0.0028890306526671724
0.002868900349971954
0.0028511753885915136
0.0028392611519818924
0.002823484993641672
0.002812470108738451
0.002799442615088492
0.0027787780949398173
0.0027615948092609005
0.002756182630078329
0.002749557634114037
0.0027336361320667293
0.0027168361422554247
0.002706181095616062
0.002688254498260582
0.002685357216827883
0.002668693576510838
0.0026626968877085455
0.0026542563351818786
0.0026463142657014195
0.0026371721650288995
0.0026280132682471122
0.002616859217929429
0.002606655892602427
0.0025969917847457526
0.0025978222762338458
0.002581567200909689
0.0025728018682775453
0.0025617068635706477
0.0025554369184569567
0.0025480184435048626
0.002549676947360716
0.0025412487268597285
0.002541620742903928
0.0025313427685164404
0.002518395438717143
0.0025111631426842696
0.0025107223340306516
0.0025011797784434417
0.002490343015700378
0.0024819740698897703
0.0024685792956426166
0.0024651010311308183
0.00246828454651293
0.0024587901160082856
0.0024501029709101036
0.0024427603226279903
0.002436421414212577
0.002434098384823068
0.002424616808181878
0.0024225804916730214
0.0024196449016063754
0.002413691535258625
0.0024058855970743604
0.0024009077386103824
0.0023949089288349927
0.0023895672368928612
0.002381953710035676
0.0023707342955960366
0.002363066702254953
0.0023656454719154668
0.002356259828535436
0.002347982512684271
0.0023467037146966633
0.002337682987303954
0.0023298929134739333
0.0023294024611098603
0.0023243334958528115
0.002320728690233859
0.002322047205356642
0.00231384750363049
0.0023119322379137022
0.002305048725107266
0.00230437055146436
0.002301726981827936
0.002297638244146191
0.0022897487716336006
0.0022859408514562503
0.002286592327422339
0.0022819748901706043
0.002273535869329786
0.0022695066351415424
0.0022656867584349405
0.002262042397898263
0.002264538677169722
0.0022554057833813006
0.002250714274191588
0.002248627182847311
0.002248220711228325
0.0022522995003911223
0.002254772622505209
0.0022503829825157866
0.002243916144622123
0.0022363894509879667
0.002237624170389872
0.0022346200265355074
0.0022304962591106928
0.0022275311896268407
0.002220642185851882
0.002221159882139266
0.002217925249598788
0.002212265421417809
0.002208904391567783
0.0022119320613411216
0.002208475934774309
0.0022074911040714045
0.0022028489752911385
0.002200105420145224
0.002199311487185023
0.0021980417005077442
0.002205641085914012
0.002200062664436419
0.002198188017888874
0.0021915445909424435
0.0021925553735918876
0.0021899220179165445
0.0021891024134101504
0.0021823740133064895
0.0021881440942216465
0.0021817540111075044
0.002179268654802732
0.002174648261902623
0.002169246673061992
0.0021667089558602957
0.0021633529431055445
0.0021624265516516626
0.0021552167032956064
0.002159679282432838
0.0021525227680075972
0.002153321387513741
0.002150887642668923
0.0021498240715131407
0.0021481867541001576
0.002147199857025244
0.002143522794174983
0.00214537497871608
0.002139882340765175
0.002139069188799396
0.002137247496844397
0.0021371833002852224
0.0021381215967298064
0.0021336681074383035
0.0021312839950741154
0.0021298862153161123
0.0021239107514563066
0.0021208358036842495
0.0021191322752423286
0.002114975672850848
0.0021128564304980935
0.0021105352637843283
0.0021109475357168387
0.0021161518530885787
0.0021122546162361863
0.0021102805742907733
0.0021070507088067013
0.002103786222400662
0.0021039425614506097
0.002101322969193968
0.002097690528926452
0.002096407436026674
0.002096540437995521
0.002095792774217939
0.0020941183889024413
0.002091627935494739
0.0020875177945703237
0.002085888658370403
0.00208179693931334
0.0020849087328866584
0.0020836945143807234
0.002086655398707506
0.002081262376871949
0.0020783944821944136
0.002075760702011527
0.0020750711238615408
0.0020765571005626534
0.0020716447208050824
0.0020744127799144545
0.0020757042841947826
0.002074886112648948
0.002070998898635668
0.0020678293354625048
0.0020692783367372374
0.0020639263757353064
0.002061897050284697
0.0020620791335817863
0.002058751054956827
0.0020586876340751206
0.0020565940248145178
0.0020564606882802977
0.0020525863531555967
0.0020535726446668364
0.0020512979057493077
0.002048623146978737
0.0020468829651719735
0.0020430059591389576
0.0020441859556411526
0.0020414936098547185
0.00203785366049695
0.002035138921929746
0.002032332217791663
0.0020329728561120143
0.002031865369853111
0.0020321873674794223
0.0020272174499403324
0.0020276135590517434
0.002024741604829992
0.0020269027344585484
0.0020259796589712133
0.002024220409815187
0.0020252349576505672
0.0020261238874667922
0.0020231199397423715
0.002022354670163403
0.0020197971466948323
0.0020183388843730394
0.0020138707599852103
0.002013602654393312
0.0020148475617527677
0.002016612323606586
0.0020157093943939937
0.0020156185603376134
0.002015280766801498
0.002012300658313527
0.0020121034801824094
0.002011851712242825
0.0020129901574916795
0.0020117888114249494
0.0020093090481582616
0.002008079022580063
0.002009663497739048
0.002009244350956109
0.0020049236188895304
0.0020043789824516914
0.002000070770691847
0.0020032896172662443
0.002002263924820909
0.0020002966757160477
0.002000636535330094
0.001999752417340619
0.0019953275201305925
0.0019960195256540423
0.0019999519552745806
0.001996771640229142
0.00199822251515634
0.001995837445737203
0.0019960075712681475
0.0019946121842790306
0.0019963103124530967
0.001996277590298301
0.001994531036571542
0.0019938511486129505
0.0019939414342296374
0.001994195880615786
0.0019915472191794153
0.0019890842216029945
0.0019895807738531477
0.0019889050214621194
0.0019888471640756773
0.001988974618510112
0.001991878082955963
0.001988445069614986
0.001987616256799666
0.0019872798043734275
0.001984192269428773
0.0019825649150395906
0.0019823001712335553
0.0019805988378646
0.001979599941260281
0.0019786880775529278
0.0019758895112607917
0.001976462525223876
0.001975140475252414
0.0019761073952697036
0.0019765797073578112
0.0019742637486169458
0.001971769384818001
0.0019696085457654167
0.001970290104477622
0.0019671439532841957
0.00196593991997061
0.0019686513770168293
0.0019678122514641795
0.001967084401957944
0.0019677404848468267
0.0019654723091497637
0.001964324789306514
0.001963814513458149
0.001962047890357057
0.0019610978477838997
0.0019590115950091323
0.001958085787907822
0.0019567165046799045
0.0019569692840241512
0.001955174725485382
0.001954179939959689
0.0019525576846730498
0.001955062536229243
0.001956750320940695
0.0019541161344024563
0.001953847416514744
0.0019537032430195695
0.001953313405548961
0.0019548067457048597
0.0019534908227112954
0.0019512827897762888
0.0019500957649569585
0.0019502497818041724
0.0019495415118781017
0.0019493237787474426
0.0019468840389356742
0.0019494864779785197
0.0019486519380528034
0.001949695239383057
0.0019462617377033738
0.0019474047124431793
0.001945976424201484
0.0019488490306537349
0.001948932813600339
0.0019458459351168788
0.0019466354311612857
0.001944486091031903
0.0019449483026235854
0.0019451308079336076
0.0019434086754486104
0.0019421808314321449
0.001944549593105466
0.0019432561453047203
0.0019409714413217833
0.0019402846223588455
0.0019381097873094834
0.0019381090541359133
0.0019373213850131159
0.0019357466716985018
0.001937572439113513
0.0019394584793242624
0.0019413790636584245
0.001942326249304184
0.0019395039016589888
0.0019391194600308576
0.0019377269335011315
0.0019388699142884197
0.0019374389377157899
0.001936836679852969
0.0019344630941873684
0.0019358831281653275
0.0019365609903521975
0.001936149945801577
0.0019360164807136536
0.0019341946050979832
0.0019344519280494927
0.0019316652475356263
0.0019299419236467998
0.0019308627384566639
0.0019294116850617797
0.0019288723753923531
0.001926613511755837
0.0019246163558411088
0.0019233037774941569
0.0019256765329754163
0.0019233360296479617
0.0019229956253389614
0.0019220219445244718
0.001921368007093327
0.0019233623796256428
0.0019260490525650027
0.0019241576870194085
0.001922802042513692
0.0019222494305921967
0.0019200122862131862
0.0019214137238265899
0.001920383234979915
0.0019187915371512711
0.0019182225923744854
0.0019168947918506217
0.0019173270414200494
0.0019184439885026815
0.0019182832148214434
0.001917977616066949
0.0019194473833214485
0.0019175612672123863
0.001915489837096696
0.0019145984589767414
0.001914608439021676
0.0019132348452870738
0.0019152157172287315
0.001915542691272391
0.0019173091356709821
0.0019205453667372279
0.0019187253321652207
0.0019180829701567204
0.001915871771226232
0.0019147888184512327
0.001913516147778976
0.0019127041454598261
0.0019108201319628123
0.0019102389559173226
0.0019101649265816953
0.0019103528212340807
0.0019092998720581518
0.0019114126457847164
0.0019096119857016072
0.001914158296294168
0.0019146361352084243
0.0019132392915611582
0.0019119827868018951
0.0019105077155342474
0.0019115245764556935
0.0019112463025599022
0.0019105903603485266
0.001909651585460755
0.00190814539059646
0.0019068711251216863
0.0019061948942909338
0.0019055083814183461
0.0019038938729486826
0.001903530928165832
0.001903446201887043
0.0019048137761263951
0.001904882573427771
0.0019050284554680324
0.0019044464225104981
0.0019101607567709319
0.0019083551663649902
0.0019062978138679274
0.001904946494447591
0.001904964844643041
0.0019044573505534745
0.0019063795046412747
0.001906770145378987
0.0019053512739972771
0.0019039218332070125
0.0019027229049918494
0.0019019824154647398
0.0019004729161315715
0.0019000547440409848
0.0018992176572015657
0.0018988717849040871
0.0018977648579006315
0.0018958627743802087
0.0018974290728672933
0.0018975643016429678
0.0018968845499029705
0.0018983473099724996
0.0018974627032788396
0.001897084804759158
0.0018969932359433278
0.0018970052424021392
0.0018963088881710638
0.0018967520704524783
0.0018971830052013185
0.0018958933645521119
0.0018940212215877077
0.001893817758452663
0.0018915555084659788
0.001891533846176481
0.0018932884836804103
0.00189109431419844
0.001890761227335032
0.001891938105917638
0.0018926210933147393
0.0018937852178422653
0.0018928092246175937
0.0018919692891506965
0.0018916646634218803
0.001891112470820176
0.0018897418533906107
0.0018884442827574806
0.0018893317724923725
0.001890368394195895
0.001889559560154412
0.00188869266149588
0.001888723264123822
0.0018888355129740922
0.0018883809770241767
0.0018877298141325946
0.0018872835265178539
0.0018864699671675518
0.0018850411342333547
0.0018838664706276533
0.0018833991099278988
0.001884058243021848
0.0018845450046068532
0.0018852671313483328
0.0018845614264732867
0.0018848035897142965
0.0018832443908143202
0.0018822630724977998
0.0018803637074306225
0.0018827814737494546
0.00188233434201168
0.0018811964504337
0.001879744635266043
0.0018795965861610289
0.00187834029742194
0.0018771701523566007
0.0018780167002297003
0.001878166543310344
0.0018781735266790338
0.00187693244066977
0.0018796699881461416
0.0018779334937699121
0.0018769065398661217
0.001876751955258695
0.001877239638635692
0.001876095962443314
0.0018746694075484735
0.0018732263503214205
0.0018758646438354505
0.0018747982052372072
0.0018754244705289811
0.001873550824952889
0.0018738861947664174
0.0018737030433298402
0.001872842607574837
0.0018739654558265963
0.0018732376039112336
0.0018720515801736478
0.0018723364750917381
0.0018721749947572235
0.0018730526120142844
0.0018739949635747468
0.001873465473768842
0.0018730661036931013
0.0018729927256407727
0.0018730866591299587
0.0018712853572889986
0.001871895605689043
0.0018722072461399336
0.001870508082577179
0.001871106533118833
0.0018704870795354493
0.0018695732430953707
0.0018713577682111162
0.0018702210159148086
0.001870190931703965
0.0018701271701738256
0.001871169034181656
0.0018704506117340535
0.0018691704074391782
0.0018691445483124964
0.001867601215123825
0.001867663305638655
0.0018682914733103495
0.0018676480696118419
0.0018695407010321588
0.0018677995006523773
0.0018682600235851747
0.0018691179846124719
0.0018683163375695043
0.001868838861414519
0.0018676056886122098
0.0018682275228661955
0.0018672829176470595
0.0018659396415922154
0.0018648794500395608
0.001866093389925536
0.0018653126175440723
0.0018648099289983984
0.0018639668364316079
0.0018641471015518477
0.001864097729431151
0.0018641847405817978
0.001863830743679616
0.0018629378174515388
0.0018643363130969074
0.0018636688869401946
0.001862896087956795
0.0018632427360685795
0.0018615284325032137
0.001863582382829145
0.001862400284531617
0.0018633137127326584
0.0018628842458908446
0.0018620271404631832
0.0018627302400344831
0.001863930706159562
0.0018632032902214403
0.001863314682143441
0.0018627130433005931
0.0018629516869987609
0.0018620251381528715
0.0018611652494968977
0.0018612760992985481
0.0018600791356576608
0.0018620852430748863
0.00186171005359828
0.0018608006020767434
0.00186011264061067
0.0018604815802958643
0.0018630347614939724
0.00186191739243465
0.0018606789319409178
0.0018608481718485823
0.001860491269696814
0.0018614040582378528
0.0018618391461270212
0.0018605227032677779
0.0018632766555413687
0.0018622259564300624
0.0018619486815319001
0.001860680164638958
0.0018623041994677268
0.0018613058159116299
0.00186134878868318
0.001861126935585006
0.0018596086059234616
0.0018611798416254895
0.001860379993169508
0.0018596923792910261
0.0018591351190034328
0.0018580525912584285
0.0018575102132770327
0.0018567410961186105
0.001855323735159569
0.0018558351417779213
0.0018553417533705666
0.0018541237536715569
0.0018541480245311348
0.001854603762610209
0.001854141130719345
0.0018534011026294858
0.0018528157177096286
0.001852800860918771
0.0018528595640757417
0.001853502498979815
0.001852146640141508
0.001852147832912082
0.0018525242555641162
0.001852080471582576
0.0018507074984363736
0.0018502502350590411
0.0018499891024018249
0.001849485579486426
0.0018533610553608567
0.001861334102593646
0.001865446035096414
0.0018749800248415958
0.0018794689355610343
0.0018882398505951732
0.0018960875470503615
0.0018975319459916303
0.0018976291577528631
0.001902656398614505
0.0019032876721458028
0.0019073815689303452
0.0019071097885721441
0.0019088707996072019
0.0019162910181592377
0.0019163298631252534
0.001917658791510748
0.0019177810198632858
0.0019184897421480917
0.0019178503368802561
0.0019243592694089108
0.0019264931405566965
0.001925360966607589
0.0019268252871304783
0.0019295721071861322
0.001930913910337639
0.0019298997536412736
0.0019318075785474248
0.0019318534024355442
0.0019315363132819167
0.0019314211655865777
0.001936306145336658
0.0019354401220999188
0.001936758651634424
0.001938767071309574
0.0019427675221513853
0.0019424318633149778
0.0019431565799468936
0.0019453658662533394
0.0019481650043073916
0.001947361814169784
0.001950657267424052
0.001950758169956804
0.0019494322064552779
0.0019539938729391877
0.0019544638215955915
0.0019537137978637197
0.00195348633988271
0.0019545149144119364
0.001956184360257576
0.0019557191268509025
0.0019591209837735526
0.001958994497616964
0.0019587139003756754
0.0019592950331010156
0.0019609956261991703
0.0019605613578474695
0.0019636606792264406
0.0019635668087301557
0.001964627645490308
0.0019648372139121216
0.0019674518278488757
0.0019686640110466915
0.0019713147690283922
0.001971471318377429
0.0019738022071451697
0.0019732611299885247
0.0019721202364377704
0.0019718535424320775
0.001976694016762224
0.0019819185463747376
0.001996842379175549
0.0019952227398945623
0.0019944704176211286
0.0019978893598490664
0.001996986254617927
0.001997091064546338
0.0019968337119437365
0.002001421627494566
0.002002042778699994
0.0020035764814923273
0.0020037540230846682
0.002005951305034208
0.0020078944826804833
0.0020068100901051607
0.0020061016826316744
0.0020085173109195818
0.0020117504785289587
0.0020112004653260506
0.0020107279128005534
0.002013504584288558
0.0020142542001845443
0.0020173841250150765
0.002017412082261294
0.0020194999159044934
0.0020202090308416953
0.002020070814725118
0.0020210745608787483
0.0020254375352148596
0.0020266292319252254
0.0020303458830977
0.0020311936800413363
0.0020370846090718977
0.00203555108445965
0.0020380846233709134
0.002037568105042763
0.0020372006376760416
0.0020373408929089984
0.0020387094130666144
0.0020385387771522465
0.0020390608084210676
0.0020400624962111547
0.0020425872912095207
0.0020420367003513916
0.002043369881839798
0.0020428542528226875
0.002044222315661418
0.0020431393154491263
0.002042470837746458
0.0020486899258049863
0.0020480118404373284
0.0020484336973295904
0.0020500409766748577
0.0020510428049641347
0.0020506981037007187
0.002052083162814101
0.002052550938394574
0.002052472656525863
0.002051400444006856
0.0020522759616994016
0.002057527316395039
0.002058684586963584
0.002058488960294936
0.0020582098145396077
0.00205997601276428
0.002063078393426644
0.0020645118577890076
0.002064568356623962
0.0020688685947192155
0.0020713907526309656
0.0020704064871583487
0.0020726599929145884
0.00207296592221794
0.00207436616927319
0.0020750745259693303
0.0020765660076244277
0.0020752976610772995
0.002076207804347469
0.00207810889671164
0.002077702183564773
0.002079916167878257
0.002081171904176834
0.0020832434555930353
0.00208296028613707
0.0020832335742564843
0.002082208965625458
0.002084267219944963
0.0020848839659141946
0.0020873271985297165
0.0020865530288395923
0.002086802966194304
0.0020965804611986893
0.002095592166084828
0.002097480283572339
0.0020963489090199457
0.002098962070667739
0.0020996831702663117
0.002103863516377391
0.0021063683100805996
0.0021061709326815623
0.0021056374967779222
0.0021080635518050967
0.0021105305021627617
0.002110206566543557
0.0021099501209666392
0.0021099091875228055
0.0021112539040666943
0.002112933872124496
0.002113605318936481
0.00211193469968718
0.0021136839065391926
0.0021144904758912102
0.0021152493033429775
0.002119229979296639
0.0021196992687259678
0.0021188739901129767
0.0021180697557075237
0.002121687488512889
0.0021215327391970484
0.002120664846162343
0.0021240150957711995
0.0021237313963415197
0.0021239394098246144
0.002125187548714306
0.0021259993696736367
0.002128604369729647
0.0021272175975495665
0.002131163424490081
0.0021300019416288507
0.002129098494489142
0.002130103689704559
0.0021302921610921173
0.002129932345244386
0.002132518302821235
0.002132349825978396
0.0021330112402768602
0.0021321505546417767
0.0021328293022779346
0.00213701634938764
0.0021385639509982762
0.0021387994513858252
0.0021376175605546826
0.0021382013797684495
0.0021404428037661376
0.0021418229828286603
0.002146737465224507
0.0021450813726430415
0.0021445061713277593
0.0021447059578725155
0.002146445549967243
0.002147818599144745
0.002147534542107486
0.0021487705535924314
0.0021480452251498865
0.0021484146470525174
0.002151148968431743
0.002150078439964951
0.0021501927354833205
0.002151521002373722
0.0021515608610295986
0.0021520549691878364
0.002151649547624185
0.0021530895311668934
0.002158320469063796
0.0021575614209360717
0.0021603069612273216
0.0021598171821466286
0.0021590217586688115