0.015611581040223057
0.019654160283254486
0.014360466822790796
0.011375281617927722
0.009327247773868634
0.00803229863787629
0.007076901634651293
0.006338301319876517
0.005757569639824621
0.005255714744426643
0.004861935176470788
0.004513301433337667
0.004228607018671422
0.003961840559968591
0.0037370750341711614
0.0035569206498905714
0.0033671834017661136
0.0032154566410819737
0.0030668797461661317
0.002942075120345151
0.002813480437712075
0.0027072089442585104
0.0025991991418695725
0.0025271885937161506
0.0024412923490239667
0.002378827713985475
0.002312479197132479
0.0022463049132021226
0.002181093465177581
0.002123037975223823
0.0020627599156771022
0.002009567063653242
0.001958982345166915
0.0019181700220569098
0.0018774610409050725
0.0018505353334747497
0.0018058746861953706
0.0017687373292290703
0.0017354519536846797
0.0017015076707619509
0.001674139602962854
0.0016452638755837072
0.0016124161966473
0.0015886634774986321
0.001572950480274259
0.001547463524590127
0.00153627422263486
0.0015106946340689036
0.0014938753100657075
0.0014686092656218846
0.0014459975544970174
0.0014341034263765224
0.0014108696719374364
0.001398789314893591
0.001391206231804931
0.0013729539133702728
0.001366161748499496
0.0013470389177105387
0.0013295154701003502
0.0013174050487854553
0.0013024903044597629
0.0012992792871227327
0.0012904510032335794
0.0012865983650218466
0.0012801814624105734
0.0012670067609648955
0.0012512880638655632
0.0012392335167147428
0.001237321357486307
0.0012246871920660377
0.0012179196899076246
0.001206500443441661
0.0012124459009321467
0.0012050507963157638
0.001197988075851432
0.0011873489293806629
0.0011789543699742598
0.0011790181523364332
0.0011685717074646663
0.0011587150244446612
0.0011554460480970126
0.0011548514488662672
0.00114650601640645
0.0011399769572608218
0.0011319628761423974
0.001132589820293238
0.001123428724639155
0.001118629025684377
0.0011138110226274788
0.0011211196079312306
0.0011144613980976774
0.0011123272735511015
0.0011062302961953728
0.0011054599014554902
0.0011021500337885324
0.0010999639107094664
0.001092872598815952
0.0010867271838763894
0.0010838444392491083
0.001090758476529601
0.0010851809164877139
0.0010852876086927968
0.0010790038933281036
0.0010773258387986625
0.0010834437887796509
0.0010854263587882856
0.001078869520914573
0.0010738161140543957
0.0010717529874647918
0.0010692648989237316
0.0010789550573294742
0.0010727544421620411
0.0010702679545343424
0.0010711584628159245
0.0010705375998624448
0.0010758166229961118
0.0010734729486784303
0.001071984751912525
0.0010699044444386354
0.0010683855174186709
0.0010646143977278526
0.0010634916708786102
0.0010615545472889413
0.001061814913861536
0.0010573354387430594
0.001057657285717745
0.0010623027290387328
0.0010637765067779623
0.0010587735719127642
0.0010614939509018882
0.0010596105992067392
0.0010599072962035618
0.0010596335103440482
0.0010599253760652562
0.0010590568492019167
0.0010575072411284894
0.0010583377449675554
0.0010540628478203533
0.0010501407288207463
0.001053198280014854
0.0010562248425957158
0.0010568554279125218
0.0010524958937330564
0.0010502652379821569
0.0010476371087399868
0.0010471439844435995
0.0010446339552215276
0.0010438081774484104
0.0010422067674148627
0.0010465986063042017
0.0010440860064265766
0.0010416923684055343
0.0010406238432515058
0.0010442801216534853
0.0010494967917769103
0.0010456080850929108
0.0010498842479083512
0.001048861182436503
0.0010514761728984549
0.0010477385024688596
0.0010469342773336485
0.0010446458148125038
0.001049630760286777
0.0010465372166999223
0.0010442012779408674
0.001044080855300308
0.0010463133795921608
0.0010526752800637147
0.0010525463075515677
0.0010516055045022973
0.0010519162373367156
0.0010492085412598454
0.00104903678519906
0.0010453551286499399
0.0010426051778803793
0.0010499761438543369
0.0010489774062452356
0.001047616133602335
0.0010458801671605791
0.0010476100214092668
0.00104897361563859
0.0010476849510870432
0.0010488462924975602
0.0010502149148238656
0.0010468749350953524
0.00104699556271458
0.001046055397084906
0.001048212806252237
0.0010461493748574703
0.00104481832042433
0.0010558399255095046
0.0010524936551016928
0.001052151202624676
0.0010520257644090496
0.0010532917654594038
0.0010527836574743942
0.0010528717960128873
0.0010492556965955963
0.0010490190090134937
0.0010500801300299153
0.0010509328408436999
0.0010516319264633586
0.0010506780722427578
0.0010492677096677605
0.0010489809350362287
0.001051467626072872
0.001050289402573879
0.001052160915342518
0.001050584586836452
0.0010530296360168531
0.0010512262415284794
0.0010505522072872821
0.0010478789317267746
0.0010467339596078528
0.001047832733046415
0.001045294117959913
0.001044875736174928
0.0010455567011893535
0.0010449189759961517
0.0010436576206541018
0.0010412737151831392
0.0010465190080763914
0.0010471395233158317
0.0010454124044680004
0.0010453852948925887
0.0010441339897411161
0.0010437020320950667
0.0010447013388131953
0.001045482178739188
0.0010453592672098027
0.0010426474777143447
0.001047826575311271
0.0010442187191358528
0.0010419515925333513
0.001042041466376802
0.0010408662140927653
0.0010429070198185412
0.0010454499896410904
0.0010435396915952743
0.001043144142405342
0.0010423709238537118
0.0010431670503803462
0.0010416412878920542
0.0010415522530290357
0.0010422676837845556
0.00104149916043194
0.001040714429297984
0.0010401834442198183
0.0010405080480435035
0.001039454020750801
0.0010400159600135385
0.0010429916317698626
0.0010414086892331753
0.0010409343827149486
0.0010383839686382654
0.0010378694774945873
0.001039645503398304
0.0010395229394300274
0.0010391439973021445
0.0010386730070485154
0.0010395253881398104
0.0010382397715610933
0.0010381609877088587
0.0010379874103323232
0.0010361247999448328
0.0010352321472590072
0.001035615564021472
0.0010350532680249952
0.0010333759949530113
0.0010332195649197047
0.0010354926251564382
0.001036574668715548
0.0010402861338709346
0.001038387036728902
0.0010410049272233455
0.0010396064852002565
0.001039249362733519
0.0010380810771547266
0.0010364445114099128
0.0010361125199254016
0.0010350097248113088
0.0010342012395142877
0.0010344217076509797
0.0010351419374539695
0.0010360211996233509
0.0010370498491305928
0.0010354792849806046
0.0010357948053517868
0.0010353168951062182
0.0010358808452638046
0.0010353496806214143
0.0010345345204844578
0.0010332834027749107
0.0010315379974165503
0.0010336026447359602
0.0010329767250870081
0.0010316149392861143
0.0010305429265406187
0.001033815896450404
0.0010335440052905063
0.001034476066234813
0.0010347995471402965
0.0010330755725485423
0.0010328370583635085
0.0010322075033813495
0.0010322887695942392
0.0010328923201437766
0.0010326269495367882
0.001030329932380081
0.0010303919143016646
0.0010298345613242862
0.0010331326980735742
0.0010310571430418945
0.0010308221895083914
0.0010298758981776336
0.0010304202557782974
0.001029373235075853
0.001027790560613353
0.0010279998988834225
0.0010312583581386268
0.0010298326409459424
0.001029368872374005
0.001029059200756441
0.0010281739921476417
0.0010276522881138904
0.001027044530993789
0.0010285954747163355
0.0010286828354277046
0.0010277948516378825
0.0010305392474095993
0.0010299577617986578
0.0010282993268730047
0.0010285101165747258
0.0010279843217395914
0.0010272299107582663
0.0010309880350984823
0.0010293699544571759
0.001027596521560924
0.001028517414367753
0.0010279877598913883
0.0010274642075608041
0.0010282948479096974
0.001029901294495221
0.0010284854877010158
0.001027874134110835
0.0010264941521268705
0.0010269536597040997
0.0010281949319282527
0.001030373070613968
0.001029751713932419
0.0010277871468012008
0.0010306577428313608
0.0010295315072281449
0.001028079910004604
0.0010268164993032084
0.0010267247091470728
0.001027692854280416
0.0010271509258782958
0.0010262935765469664
0.0010289087812840392
0.0010276423891137376
0.0010259863519014097
0.0010268786894417903
0.001029346856276895
0.0010271708064713656
0.001026983720517115
0.0010290864854312464
0.00102931854043802
0.0010273583869467643
0.0010261933330699819
0.0010280866361883083
0.0010271604206844136
0.0010274046654220013
0.001025860432535993
0.0010253046692275537
0.0010239645423701215
0.0010236145055793919
0.0010239743897447052
0.0010240878585144168
0.0010251553425851163
0.001025019232556084
0.0010242643782763202
0.0010231251108388645
0.0010242167881254873
0.0010262648539564434
0.0010255346248452997
0.0010244824697096756
0.0010234686978624037
0.0010234301279677574
0.0010224961949689734
0.001021297274691023
0.0010236329760392648
0.001022865647186599
0.0010234464962175227
0.0010233070739798045
0.0010225858272024909
0.0010237961098013217
0.001022157998730492
0.0010211687418982488
0.0010208342927613115
0.001019904456947693
0.0010189393721746392
0.0010183519917774972
0.001020170332674169
0.0010203936546516737
0.0010206602938267891
0.0010199124727995929
0.001019162436507852
0.001019434150934191
0.0010193383620898306
0.0010198397749189283
0.0010200690521081197
0.001018268394664453
0.001019858391669656
0.0010192501717666443
0.001019134009842008
0.0010180315998551154
0.0010183702065120466
0.0010211537004350402
0.0010214659312138905
0.001021322201193869
0.0010199071416508167
0.0010188599976042364
0.001020671188998156
0.0010200011892877979
0.001019377971554144
0.0010184115097802778
0.0010187426552789984
0.001017645995725196
0.0010192153145686794
0.0010184980354457516
0.0010178778404739853
0.0010173715878250928
0.0010164008289897223
0.0010164212879312463
0.0010155446417385743
0.0010156813148348173
0.001015450971282168
0.001018505225053748
0.0010173104716835518
0.0010163689414040607
0.0010169252749916019
0.0010173423291990052
0.001016509421986226
0.0010171242957182011
0.0010158159330422112
0.0010149173878878665
0.0010171917714496383
0.0010169957538115515
0.0010163376763991342
0.0010162336914443762
0.0010164712785688925
0.0010175323981285163
0.0010180750098545007
0.001018203617516408
0.0010175267103377877
0.0010172125172140639
0.0010167073897096163
0.0010174101424940548
0.0010169112888767525
0.0010167054965230288
0.0010168592056778686
0.0010154068910053738
0.0010166543403602073
0.0010178482120334733
0.0010165283666347211
0.0010182154637143354
0.001016586893548924
0.0010163831597636286
0.0010173687360723427
0.0010160002657932452
0.001015921704976445
0.0010167771898859223
0.0010159261600721408
0.001015024786344565
0.0010156972305251533
0.0010155427992834083
0.0010143638198486878
0.00101313427629389
0.0010158653564738378
0.0010156022230286264
0.0010156671375600743
0.0010152767269000047
0.0010143783987735585
0.001015646912079263
0.001015357306085438
0.0010149551608145157
0.0010143909985466562
0.0010136544393016186
0.001013670741632931
0.0010146555195159241
0.001014285738684073
0.0010142885423300085
0.0010136770716765422
0.0010149551342937923
0.0010142861744116918
0.0010135082754590761
0.001012866611826124
0.0010132859012666347
0.001013845154194596
0.0010149742062825803
0.0010142759032654937
0.0010132007330162297
0.0010119794166110444
0.0010119251841289904
0.0010120823079162713
0.001011418172802801
0.0010123318814612152
0.0010111465705146029
0.0010106643897710875
0.0010100582999772645
0.0010098043877514581
0.0010104628064203818
0.001009634860459632
0.0010109833694200336
0.0010104145879430235
0.0010113849723737862
0.0010111532782938408
0.0010106668168976339
0.0010114316523232264
0.0010117111276066854
0.001011573508582028
0.0010126563146982237
0.0010127900732428614
0.0010117750970400775
0.0010116896970901554
0.0010107169411886485
0.0010112136197739795
0.0010105690925827696
0.0010101711325012455
0.0010103474578595417
0.001010242166607909
0.0010094673474254185
0.0010098423304519065
0.0010106019307391289
0.0010116216713160666
0.0010113264767360917
0.0010145611276869185
0.0010132889219211774
0.0010123663488126517
0.0010124998004345986
0.0010123797121820886
0.0010113967447647578
0.0010101337086007118
0.001010812210167356
0.0010109072959490915
0.0010115374393767013
0.0010105739221291834
0.0010105138103294177
0.0010112362450146874
0.0010106969872043243
0.001010077417958802
0.0010111825513808665
0.0010102804352833603
0.0010108935885865661
0.0010108900949336577
0.001010200038090612
0.0010092941482573146
0.0010089758110355938
0.0010085608470895603
0.0010079543312247275
0.0010082692041987395
0.001009934537831793
0.0010104030681866885
0.001009468529170338
0.0010089137192914226
0.0010101977902356731
0.0010088187646772747
0.001009901718910743
0.0010098701889651523
0.0010091764800059342
0.0010099851963552807
0.0010096068114004264
0.0010095646790774632
0.0010107749217116869
0.0010108331410737521
0.0010104955004574018
0.0010093752783552578
0.0010090023381405223
0.0010091606218129796
0.0010084080381631932
0.0010085298520318125
0.001009205001424474
0.001008683681635218
0.0010076698138593342
0.0010076229908521567
0.0010082109572228505
0.0010089570004438203
0.0010079054329628515
0.0010071934981977957
0.0010074149686742086
0.0010084341403915245
0.0010084738691804132
0.001008535042861947
0.0010078433568405664
0.0010076782349451733
0.0010070826919087237
0.001006700158119012
0.001009192467332243
0.001008575004616009
0.0010088191760382267
0.0010080851791442154
0.0010083318102344504
0.001008977882851545
0.0010095436232948943
0.0010083879945042376
0.0010075353031371455
0.001006892930157117
0.0010067255876537908
0.0010067848933607436
0.0010080623113881682
0.0010069452757028195
0.0010076487631343908
0.0010067875772151783
0.0010070338530898577
0.001006410097273244
0.0010072409776068342
0.0010074281575402722
0.0010072321885641067
0.0010071446785539003
0.0010066929431141159
0.001006871161461635
0.001006053440650311
0.0010052859753948297
0.0010077725298390022
0.0010069973559204918
0.0010066499723711548
0.0010066579674357788
0.0010071206601966233
0.0010065326490409727
0.0010060476527644776
0.0010062683005478638
0.0010061694512954271
0.001005439025560642
0.0010058959735625352
0.0010053061838992958
0.0010054413127902437
0.0010044920324734413
0.0010041253855128205
0.0010060073660865295
0.0010056723990487333
0.0010047123184860152
0.0010048326462771383
0.0010055209049158922
0.0010057487931772217
0.0010050983283362582
0.0010048014130733332
0.0010044347596606495
0.0010039267689192252
0.0010044560584502708
0.0010065316053531972
0.0010060867145817577
0.0010056694161537291
0.0010066084145371544
0.0010065850357092343
0.0010054379931054274
0.0010050913060058685
0.001005282610894294
0.0010050700147120311
0.001005416399607032
0.0010045482724751224
0.0010043732752932552
0.0010040834187339239
0.0010036228923257014
0.0010031515938673417
0.0010031209750399589
0.0010033375402977729
0.0010040662987150797
0.0010056084119942472
0.0010056914689355325
0.0010046319924428594
0.0010043016392511793
0.0010047893568356
0.0010063094864778423
0.0010054450674830443
0.0010050026972954775
0.0010043813282411516
0.0010044768915493912
0.0010042348077720802
0.0010036650860197067
0.0010037182186696941
0.001005343800615677
0.0010044548072681144
0.0010041555152262172
0.0010036879017148205
0.0010033285362650323
0.0010033194459284256
0.0010029518175771487
0.001003874980712167
0.0010030150883394077
0.0010042013885819977
0.001003707287872978
0.0010050435616567976
0.0010054526412686497
0.0010047807251371123
0.0010041688129996424
0.0010047163431604164
0.001003711971142332
0.001004780177506313
0.0010046050924446253
0.0010037426587300579
0.0010035146869450415
0.0010036004526679915
0.0010034080006908824
0.0010028865550312713
0.0010025747712752648
0.0010023357415676615
0.0010022736096631907
0.001001663797560017
0.0010020284567661473
0.0010036123465580087
0.0010025017102092742
0.001002908075290493
0.001002671549483456
0.001002030121986231
0.001003060255079789
0.001003018253893454
0.0010026403252845083
0.0010019083620978347
0.001002024761419104
0.0010020535684662794
0.0010017531331400432
0.0010038290130007113
0.001007662643264615
0.001008481154448185
0.0010084486199279678
0.0010076319662653
0.0010078808259143478
0.0010097597993059312
0.0010108570126757665
0.0010137574371971872
0.0010164346290358875
0.0010156865237011803
0.0010161873897600504
0.0010186655844342763
0.0010184104943548585
0.0010212566747318885
0.0010199969187379863
0.0010189674411919798
0.0010185613721475004
0.00101794952472501
0.0010176581647537185
0.0010172353729601459
0.001019069226583305
0.0010192118452191793
0.0010200736639797091
0.001019814570329963
0.001019580041266064
0.0010194457010109083
0.0010189578110760785
0.0010188520223686156
0.001019537241727738
0.0010194685646696042
0.0010193326370973909
0.001019637981885806
0.001019208445226394
0.0010212168571727583
0.0010199994966375778
0.001018900172783362
0.0010184431336827866
0.0010181433987148708
0.001017533349365646
0.001017115045544993
0.0010169188707212587
0.0010178895859954014
0.0010174957894479439
0.0010186676209913295
0.001018678718381373
0.0010176903071001157
0.001018317903249248
0.0010179668798261533
0.0010167881457878985
0.0010163732928852622
0.0010157475302889883
0.001016056778730466
0.0010158811848951488
0.0010164527754743587
0.0010169065879528797
0.0010160698062540389
0.0010182514837605227
0.0010174816504692574
0.0010165530292300753
0.0010161329782033168
0.0010166188099865199
0.0010155742538530506
0.001014860605282748
0.0010146852601134002
0.001013836149948086
0.0010134590571589655
0.00101335696045824
0.0010129392291693547
0.0010130272943382672
0.0010120112905194101
0.0010123135485748764
0.0010121357137588458
0.0010114566519831233
0.001011473906446144
0.001011573008877377
0.0010108465167303776
0.0010101742073036796
0.0010099641994894444
0.0010101218093912442
0.0010105310355996778
0.0010104640176088972
0.0010101788802974662
0.0010101496507186707
0.001010983013230706
0.0010101192253781262
0.0010107527244553923
0.001010388018260563
0.0010101505790383674
0.0010096106150422302
0.0010095758401390226
0.001009539462747725
0.0010090086326886127
0.001009000310584668
0.0010089726570306882
0.001008750971485477
0.0010087358046727889
0.00100853109684618
0.0010094298775773886
0.0010095680176182694
0.001009210118530822
0.0010098548009215022
0.0010090777830455504
0.001008317663099311
0.0010098094006923426
0.001009414333112165
0.0010090230502634264
0.001009142277879458
0.0010096803797761933
0.0010088428244053693
0.001008192730903068
0.0010079421978691928
0.001008053127180866
0.0010080792117718679
0.001007678847117684
0.0010084622817955488
0.0010081498501500472
0.0010075508287422387
0.0010074495079314565
0.0010070114761809791
0.0010067574032055551
0.0010070069090797839
0.0010078760385068134
0.001007927640586195
0.0010070480587807847
0.0010070322124995353
0.0010061796158170292
0.0010053022508804462
0.001005796218206044
0.0010057571828517818
0.0010055130548504456
0.0010067973367297134
0.0010069786870559462
0.0010063187315849692
0.001005804973764647
0.0010055507342158362
0.0010048237592044345
0.0010048846298002833
0.0010051617946805285
0.0010046909283843869
0.0010046955118366357
0.0010047513026653651
0.0010047075039650033
0.0010050496908294015
0.0010056723355634178
0.0010063509910905718
0.0010057418667362497
0.0010058092870420465
0.001005940008593176
0.0010052040678390408
0.0010047106305088834
0.0010045525824365629
0.001004701935974995
0.0010046813031449574
0.001004695427637228
0.0010048027404717308
0.0010039480633200711
0.0010033620075981797
0.001003169786304449
0.001002652138394356
0.0010020165809143092
0.0010023236851314315
0.001002845554359988
0.0010026830662485781
0.0010045875081015796
0.0010042541434809773
0.0010034387304508584
0.0010038631151391875
0.001004503988076815
0.0010039414534406294
0.0010034807645996774
0.0010034349208319416
0.0010034351129920517
0.0010034389987865543
0.0010026145984482716
0.001002780354598551
0.0010035968609900614
0.0010039715143402425
0.0010039039059994014
0.0010030128947597105
0.0010042670997505879
0.0010035433376935968
0.0010030918260680367
0.0010026603661601487
0.0010021336412095274
0.0010019212696150265
0.001001721496474849
0.001002557689312741
0.0010022671985502206
0.001001807732107414
0.0010011205818432302
0.0010006207327629888
0.00100049945179859
0.0010003684724647615
0.0010014307825666452
0.001001728753361514
0.0010026233839196947
0.0010018408358742439
0.0010014168589671238
0.0010012420594325447
0.0010007516837300607
0.001001154957986579
0.0010007158992749131
0.0010004932960527948
0.001000151675509882
0.0010006793691155432
0.0010014801010357793
0.0010016170135021872
0.0010019040554197472
0.0010013077065112567
0.001000832073592286
0.0010012984501731798
0.0010018152750170715
0.0010016382440138955
0.0010019508246987881
0.0010014898638162212
0.0010011198852580396
0.0010011131567365017
0.0010007123885062371
0.0010009771867268038
0.0010010134011282043
0.001000755399028334
0.001000296743186511
0.0009999106242848186
0.0010001393653950965
0.0010003741542598404
0.001000680276554985
0.0010008630383374333
0.001000651550243707
0.0010010499450757446
0.0010004892235884798
0.001000088114730075
0.0010010340239613065
0.0010005359220100745
0.0010002655862676008
0.0009997994059355387
0.000999691128689855
0.000999166108115299