0.0001299297885936159
0.00018405672905464108
0.00019662247263236023
0.00022888501926815412
0.00025248348570711067
0.00027937312981813153
0.0003157816238736455
0.00033919654070105603
0.00041060661430793573
0.000471180828369629
0.0005424003215322466
0.0007407715268125061
0.000801319884440299
0.0010334785560806375
0.0014686233749365207
0.0016765647028828359
0.0021174959520612003
0.0023667787457693624
0.00284897317282031
0.003034320784019465
0.00364447552012668
0.00375316199445047
0.0040991804798232185
0.004655789937040493
0.0049246644404567054
0.005558642741268577
0.006083839718546704
0.006496408649900652
0.0074867945977870835
0.008133448741310932
0.008914288472263757
0.009334868058278788
0.010238356534165384
0.01069072397492817
0.011317911387264868
0.011923728323974524
0.012755024429762545
0.01338193657132407
0.013655663150298786
0.014293200327450711
0.014704953387079209
0.015056288166080692
0.01553197063381927
0.016084233171228673
0.016659093188297846
0.017554280266434904
0.017642642857159902
0.018168302082486126
0.01818965238673833
0.018532656027188753
0.019448244642525776
0.019559683610138903
0.01997894964112358
0.0200863096946251
0.021033983233876757
0.021322286891372767
0.021546268328009856
0.022078455600092774
0.02199109219442775
0.022492023396870023
0.022586885971727824
0.023225270441579994
0.02328817684285135
0.023578889403141942
0.024124201201419924
0.02430874461871198
0.024290484912461958
0.02452933764714571
0.025126285119709327
0.025569547825172935
0.025786103549221395
0.025803157127715772
0.026066881107363694
0.026307589812109098
0.026655939710232487
0.027002214710652186
0.027107907269164712
0.027338026089211074
0.02751610620843713
0.028110821030920614
0.028301920830163196
0.0284652432877328
0.028886003408107454
0.02928944121794294
0.029319758516196632
0.029678182664373057
0.02980148437171804
0.029978215470042747
0.030494497451533594
0.03082115078385125
0.03085857472500438
0.03102426977626533
0.031532494161157505
0.03185016265944001
0.03237579242369092
0.032684365558381695
0.03350201895178465
0.03368676596395483
0.034104705269876724
0.034375434637289974
0.03466732421087783
0.03497882336812675
0.03517607593098944
0.03617691742692979
0.03629438453808469
0.03646131339092451
0.03690965367093478
0.03718964130269347
0.037541106556896554
0.037666382403844276
0.03803084867803567
0.03820826465873982
0.03891064648779386
0.039086112726043384
0.03909592119227828
0.04000782209954936
0.04014696244995412
0.040339211332072085
0.04054959248854039
0.040692489856120236
0.04086132157284206
0.04125376798434004
0.041453786082049644
0.04160562742720066
0.041788584819884345
0.0420712855421016
0.04237220951502744
0.042575986209818936
0.043046716166798046
0.04325444363779618
0.04355263630886563
0.044173373177745
0.04436901724590932
0.04456675020255777
0.044809153051442056
0.044998087826450074
0.045266221052517486
0.04543117683442996
0.045833859775273496
0.046077019732691696
0.04667969568069207
0.04671384729062525
0.04684621792199979
0.04705215718685502
0.047081072172460714
0.047270449363181664
0.04742536698359365
0.048023222214114744
0.048172917133279244
0.04836956094799779
0.04837650419260703
0.04853340304411055
0.048744968426034534
0.04888859386318072
0.04929886560814319
0.049407541783536
0.04954229470105497
0.04975997554846269
0.050033538256092046
0.05036749596961625
0.050400615836790355
0.05061970064561588
0.05084460133769764
0.05097340180171014
0.051104672557374886
0.05130294268962186
0.05145814319051896
0.0515957681310175
0.05186628047311106
0.051980133433746155
0.052230890819840586
0.05247252571214319
0.052709407462559484
0.05276558766146727
0.052973932602799555
0.05337160254814655
0.05351315908423455
0.05369917448849874
0.053811483610978934
0.053927540959062124
0.05421491663358866
0.054285983075254486
0.05439903155361052
0.05450488797932569
0.05466203295363022
0.05490129393754911
0.05502533552173683
0.05510856799443387
0.055286556810011815
0.055466230975300915
0.055614907230222846
0.05593276167079819
0.056032059213372426
0.05666640647480973
0.05678585486295678
0.056839787852217764
0.05691394727913655
0.056992885913475615
0.05719877460706129
0.057300690735782984
0.057347271564314246
0.057497536794672045
0.05762442081920921
0.057870950111585204
0.05799648059113593
0.05811643716954009
0.05839169859059454
0.058418924986331264
0.05863320880277115
0.05880064073384704
0.058883569739657284
0.05895738373764614
0.0590481550916211
0.05957893298939057
0.059707202935022186
0.05982259992706583
0.05988531261181875
0.06003890954254735
0.0601350106265158
0.06017135998760009
0.06027762645545037
0.060409541548674554
0.06050709096806692
0.06081885202629277
0.06086259759756314
0.0609386693686707
0.06118894592162985
0.06133148956288041
0.06156795760178959
0.06163982440132756
0.06166863878600504
0.061816619279785226
0.061988721390075184
0.06208793602457959
0.062202536273827734
0.062285837699419394
0.062400630310210564
0.06253118233156517
0.06255096842547342
0.06271531584870847
0.06275631952273242
0.06291780226036887
0.06303835534306637
0.06312338702169328
0.063566521036302
0.0636204594681966
0.06381431478415414
0.06391122579014044
0.06403001193213359
0.06425351927995018
0.06430619138515303
0.06444925564327203
0.06449927724940915
0.06469316541011863
0.064858790759554
0.06490637818138315
0.06500260008398125
0.06504277609364056
0.06521030739277345
0.06526611075672087
0.06544646125387141
0.06544780961124501
0.06558486586793348
0.06575278890895607
0.06587721754352464
0.06591235207116251
0.06597975363461715
0.0660079500627635
0.06615912925328596
0.06619622535557645
0.06632909552344458
0.06645210236799791
0.06654385868585205
0.06656408030298117
0.06665439701770122
0.06674510572585132
0.06676464900485148
0.06688097899422542
0.06713032828243909
0.06718019068506899
0.06732239336019298
0.06739697157518981
0.06744437914109647
0.06758241191047505
0.06764406668688833
0.067707621344325
0.06793813005141117
0.06798116393205193
0.06811889517391401
0.06818382638164278
0.0682352394989547
0.06819928484902021
0.0683917857163413
0.06836756484116392
0.0684383507871964
0.06867279083396316
0.06871668030002774
0.06881349650625194
0.0688761435749518
0.06893351099619317
0.06896926791574119
0.06905062075202878
0.06922978169300092
0.06926461067326022
0.06935570715888283
0.06941273018616655
0.0694742569908541
0.06954052602623557
0.06969579702085436
0.06984765496173019
0.06983269325662833
0.06986205646079692
0.06996142727517071
0.07002401523093454
0.07005218235673748
0.07018086108947322
0.07029256780835132
0.07033066823178294
0.07038162425097505
0.07045934931689629
0.07050165901103678
0.07057335726204465
0.07078444922447077
0.07081262117262394
0.07087082490271615
0.07095284904752906
0.07103724761065526
0.07105749668825419
0.07118644630733632
0.07128103950829609
0.07129782102289435
0.07131643617113158
0.0713851357944357
0.07144122624220275
0.07146556146113148
0.07151088219123683
0.07155589191441014
0.07161764553263565
0.0716966979398843
0.07174715192663457
0.07174802906544595
0.07176917941090853
0.07186099818489379
0.07189247146785914
0.07193837716735221
0.07198980647414964
0.07199933669821364
0.07220875642115225
0.07229376729506107
0.07229953830002511
0.07235253632656514
0.07236638107330334
0.07234854453445215
0.07238863168666472
0.07246698107192441
0.0724651203222381
0.07263674255088148
0.07263301690441068
0.0727130643571744
0.07274579940892346
0.07273651518133785
0.07293295353109558
0.07291679072579957
0.07297631046264404
0.073082812539313
0.07311175587074385
0.07333811014254796
0.07338832146771336
0.07341133598514671
0.07343191434257951
0.07359941629147299
0.07360782739434926
0.07364301182728689
0.07368530346307443
0.07371571674305012
0.07379489160267907
0.0738169791826798
0.07389961094119256
0.07406433374401819
0.07409861047957912
0.07410978189364549
0.07411627592102968
0.07408157887966996
0.07419110139643001
0.074192208002072
0.0742603455696905
0.07439871411810713
0.07439964199173148
0.07444614135362923
0.07449170582508795
0.07455349136438758
0.07458465579049371
0.07479121185124649
0.07482063394900632
0.0748382237956728
0.07490704682371727
0.0749532178335936
0.07497645900684108
0.07502987121910377
0.07507733869614136
0.07505937100167992
0.07506542450121573
0.07512306494631749
0.07514334309002048
0.07517713615547499
0.07519361260177543
0.0752841971436055
0.07529808637085653
0.07536127131280136
0.07543172265042176
0.07545742593092236
0.07549599648684499
0.07552187947534171
0.07556688729455066
0.07562540181732769
0.07562550924337183
0.0756232887042561
0.0756563816150177
0.07576489486358597
0.0757509498913046
0.07579064540767395
0.0759624947136799
0.07597394098005747
0.0759812665769386
0.07605897457519327
0.07609394257916903
0.07615046662750098
0.07619315642247843
0.07618614863918945
0.07628943733873927
0.07631135899355214
0.0763749649833158
0.07643520140327122
0.0764238620911646
0.07647009980467133
0.07650845930627448
0.07653775844930341
0.07659116184899595
0.07658646786703156
0.0766207951484304
0.07673895229122515
0.07673449339911308
0.07678169388687081
0.07684293220452452
0.07682394455017195
0.07684178381159654
0.07689292399849879
0.0769424829599205
0.07700639855072289
0.07701531023810398
0.07702875956845667
0.07706454233586262
0.07708646033673966
0.07708559674049006
0.07711983285495289
0.0771919243295948
0.07722941699751522
0.07734494801034916
0.07734184818560658
0.07735957965599066
0.07740537008583111
0.07749818174200401
0.07751846389446673
0.07760536525478935
0.07761607797240618
0.07761353248048496
0.07764865233803683
0.07776557103051308
0.07778283556324751
0.07780984629061778
0.0778391700324179
0.077832760679653
0.07795708507417537
0.0780813010340369
0.07807227347135937
0.07807021842736128
0.07809386822107618
0.07814600021348116
0.07816734298669545
0.07821408879861234
0.07827701391455273
0.0782675900583521
0.07827950370441404
0.07828932625210788
0.07836353117770466
0.07840196941627
0.07838290291759291
0.07840346350012518
0.07849766904104333
0.07850894634109688
0.07851485402693631
0.07854882768966694
0.07857991735249316
0.07858015644057972
0.07861671019622694
0.07863233342584046
0.07863863299663862
0.0786444663314717
0.07864429792594785
0.0786685881573458
0.07882740054018209
0.07883626706793696
0.07902758959835122
0.07907569085145512
0.0790651262947413
0.07907059166552731
0.07908683489059717
0.0791034214395211
0.07910123905166899
0.07919093725409461
0.07917520907385651
0.07919461474561101
0.07919373883784786
0.07921810655334925
0.07928435946828624
0.07929825152624044
0.07930571874380793
0.07932227511778041
0.0793291722080483
0.07931612383222279
0.07934916675620039
0.07936830005904026
0.07939484017548178
0.07939700786437152
0.07944417419868177
0.07948296670403641
0.07950133786538974
0.07955041664573918
0.07965665794329285
0.0796952603403976
0.07968240390979858
0.07969178922954594
0.07971199797367406
0.07971778355067094
0.07972814667892887
0.07976879730669262
0.07983827461435386
0.07981756852141689
0.07986118203201337
0.0799033281627276
0.07996358120244394
0.07997528647915146
0.07998075584834906
0.07999169933080887
0.08002606347336988
0.08003470490602771
0.08006071295679353
0.08005703049398857
0.08008984868066246
0.0801502466539802
0.0802202368252727
0.0802153087053564
0.08022061591470345
0.08025308169448783
0.08025369071405018
0.08026685017832262
0.08027753372867515
0.08029749311896694
0.08032691442888437
0.08033371750626045
0.08036638310594114
0.08037182376668003
0.08040576013125383
0.08038987150875951
0.08050882496605608
0.08051577867483438
0.08055263233172114
0.08057795081886271
0.08059140158476832
0.0806024973018799
0.08065556291005305
0.08079823377955692
0.08077065416547412
0.08079982097107885
0.08079549155215912
0.08081506702237767
0.08090245186860572
0.08089789615997842
0.08091162952435046
0.08094194212339177
0.08093659575607824
0.08093536917020631
0.08099168690543067
0.080985702033813
0.08102154046909314
0.08103479644801988
0.08106003350253393
0.08107680408166563
0.08110734616632707
0.08111478850259142
0.08111639569782664
0.08112996702394833
0.08114446340384704
0.08118407117870777
0.08118939761805974
0.08119566274014227
0.0812417253891187
0.08124246134249559
0.08132140987945231
0.08134339181315206
0.08141782153582205
0.08141619602156791
0.08143063775309468
0.08146590161684725
0.08146364146608114
0.08151527627125058
0.0815302239007627
0.08155375454059627
0.08158200362324
0.08158649719431636
0.08156152702302534
0.0816253024532131
0.08168576552507553
0.08168181865260096
0.08170712765480231
0.08172794153244696
0.0817815554060683
0.0817776270527002
0.08183615329195876
0.08186309497322658
0.08184456261222152
0.08186435217645804
0.08187578088693412
0.08186353985407577
0.08191877527226275
0.08194438506453139
0.08201116117211665
0.08202416823727106
0.08203240970437846
0.08204578848156337
0.08206500048392773
0.08206958805165719
0.08209975732600765
0.08210052678719681
0.08211532911733388
0.0821326262023568
0.08212386893702214
0.08214593041500888
0.0822024400458504
0.08219985216520478
0.0822236126374317
0.08221642293387567
0.08221855971542766
0.08219408277702736
0.08228197759788337
0.08227886254870845
0.08228608118833573
0.08232544003429618
0.08232434823241623
0.08233338434783573
0.08235078366600261
0.08237494715427872
0.08242867827150019
0.08243209901428117
0.08244612995525527
0.08245716191286306
0.08247852387031837
0.08247105494119839
0.08260508083772533
0.08260177601877923
0.08261124213011292
0.08260749856703038
0.08261543756028275
0.0826227978273697
0.0826580572767429
0.08269039345500726
0.08264402523401017
0.08266387227591768
0.0826590269008073
0.08266891821160471
0.08276382760503989
0.08278815471093674
0.0827860030696306
0.08283033470455109
0.08283528597949379
0.08286408190425414
0.08286047861381642
0.08289399224120166
0.08293695795182628
0.08294364153685546
0.0829719673312456
0.08295490143289456
0.08298118893684288
0.08304321520678826
0.0830348374997776
0.08304358232960439
0.08305179129810047
0.083043823715268
0.08305161721591052
0.08304710260830578
0.08309701664735619
0.08309099647674138
0.08311186932173219
0.0831066968171761
0.0831129712217489
0.08312221083213389
0.0831373596212981
0.08315502194398147
0.0832518373741827
0.083244050673533
0.08322497549597876
0.08325568945609221
0.08332249916664816
0.08332013965955802
0.08337176473545871
0.0833695954484689
0.08339532078402033
0.08339243124113271
0.08337223380269136
0.0833838334418086
0.08337408216417277
0.0833791465872393
0.08340290310782454
0.08346787876681006
0.08345772029994007
0.08346833711126882
0.08350507078132435
0.08354121721923462
0.08354540016871645
0.08354523570652508
0.0835436051161816
0.08354820717867563
0.08355967603806508
0.0835477482653777
0.08356121553043615
0.08363924651217947
0.08363349212087484
0.08366161523981963
0.08367357955101092
0.08367696164396404
0.08372404947642109
0.08371235508425962
0.08380119712039909
0.08380008819951902
0.0838071380193208
0.0838382725013325
0.08382915017792332
0.08382990625608021
0.08387291880715263
0.08385769018102829
0.08385445067044937
0.08386620212768892
0.08387943102555424
0.08388324502231766
0.08392493078636103
0.0839344286263217
0.08395869526556944
0.08394862748296252
0.08397358670919146
0.0839789198761172
0.08404355667929539
0.08404775271070336
0.08404061749769237
0.08407330778675492
0.08406450444134711
0.08408809326696047
0.08414117561966009
0.08414903155296605
0.08413524443540395
0.08414330219173359
0.0841528118611858
0.08415752628810212
0.08425288756230676
0.08427199902495346
0.08426541445631762
0.08430583032938663
0.08431605372352413
0.08432451186490746
0.08432553556789342
0.08435606187538419
0.08434578237859772
0.08435546473114217
0.08439059639521632
0.08436827940904663
0.08439345739956079
0.08437636409263252
0.0843839545170888
0.08440648213628169
0.0845143648986173
0.084513287183594
0.08448190549711973
0.08450913444462138
0.08449506656792742
0.08450934039864824
0.08453375103289627
0.08452470644971978
0.08453295253027834
0.08455340017955217
0.0845524022611586
0.08456879312621592
0.08458409185472412
0.08462134795102974
0.0846334168258341
0.08470543769542073
0.08470186604609395
0.08470553723728233
0.08470695031047033
0.0847052170677707
0.08470936960784939
0.08473696941815287
0.08476211203941406
0.08473662165855539
0.08472875124536734
0.08475595649054823
0.08474307295419573
0.08475727546401937
0.08476950220900116
0.08477827627419984
0.08484052780634724
0.08485574737934902
0.08489524947879457
0.08485961563113378
0.0849016061479769
0.0849134883816712
0.08489900381215182
0.08495575203925053
0.0849510076051986
0.08503601449601772
0.08502807205315634
0.0850355780295717
0.08503977222585968
0.08506606974761934
0.08505347605498309
0.085059913927444
0.08505158934090264
0.08509240228781617
0.08509168528648983
0.08507654392120677
0.08509385783201442
0.0851058918106713
0.08510728769488755
0.08512389817730519
0.0851151093582213
0.08511557216357818
0.08530710246250019
0.0852934444346056
0.08527259486578652
0.08527643531082696
0.08527171444433765
0.0852773691629833
0.08526813945174305
0.08529406970625382
0.08530131621102266
0.08530106341787144
0.08527872321103375
0.08529483151685052
0.08534961121238312
0.08533563237570721
0.08533018384973866
0.08535408120910028
0.08534504711270408
0.08534962200261843
0.08536118759055555
0.08537751501686738
0.08536828601755025
0.08536839356262592
0.0853978850856289
0.08545544191197373
0.08546145533213705
0.08547940354778168
0.08547989641041935
0.08550647108545381
0.08549594933825992
0.08554104063681296
0.08553141869966409
0.0855804936064378
0.08556567915810118
0.08556383891833219
0.0855772690632142
0.08561340698602372
0.08562008420106607
0.085643243431251
0.0856316297571782
0.08563905977611828
0.08567563072257693
0.08567363881151988
0.08569223297042362
0.08568103247755647
0.08568911515038376
0.08568017150537884
0.08566771452976436
0.08569913355031519
0.08570677640884664
0.08569992347449353
0.08571656696468814
0.08573863930249123
0.08576604792913754
0.08574307270077314
0.08577108957510213
0.0857743665228953
0.08577356113323208
0.08578467655159912
0.08582334670150114
0.08582644754146027
0.08583999488723043
0.08583997699763209
0.08585376892813053
0.08584839683801285
0.08592368336887356
0.08592210014567414
0.08591544766289705
0.08591555161923728
0.0859224910820061
0.08590111794365336
0.08591372367714327
0.08590997627614569
0.08591617727197116
0.08594220336504313
0.08592199357116544
0.08592529427177195
0.08594993173119599
0.08593452003201585
0.0859479679160523
0.08594410328632773
0.08595866213242913
0.08595184447126522
0.08598277344213888
0.0859901199789261
0.08599124412362781
0.08609859726951755
0.08608133300793645
0.08607468370362216
0.08608147853087089
0.08607499114978273
0.0861026230234923
0.0861375522157353
0.08612837819734814
0.08611303197052399
0.08611093830931145
0.08612238769215583
0.0861467577256986
0.08614474955610889
0.0861402965497388
0.08615279362493426
0.08614338818478784
0.08616312844983191
0.08616997109998548
0.08617732245382582
0.08618596949022192
0.08623260893485882
0.08621640576359343
0.08622029379490558
0.08623139298624664
0.08623931281711689
0.08623188075935474
0.08626554868398581
0.08625506405972122
0.08628098488340115
0.08626696821701071
0.0863203830465876
0.08635202846326204
0.08635115062347917
0.08632679026649603
0.08635516740360871
0.08635077283032674
0.0863931468367757
0.08638512381633864
0.08636912842797696
0.08638682028307956
0.08638749693173318
0.0863805570831227
0.08639209716634248
0.08639880626589483
0.08641077127004142
0.08641536435760028
0.08640685549751044
0.0864058803892806
0.0864184113161184
0.08643706957368268
0.08642649304972559
0.08647745564882957
0.08646299747241173
0.08646191469324259
0.08643627130178544
0.0864631061475971
0.08647529010744612
0.08647888554574787
0.08658934071935852
0.08656554635259764
0.0865961497588472
0.0865983977714908
0.08659653225873161
0.08659714476583376
0.0866682426982376
0.08665744858069527
0.08664513527014375
0.0866338299540314
0.08663985047577066
0.08665788146934579
0.08668245845547874
0.08667130588150203
0.08667978674447538
0.08666389351525337
0.08667898368816342
0.08668217537369179
0.08669713324430849
0.0866994856293433
0.0867502901062378
0.08674436033028442
0.08676777236728257
0.08675814398254007
0.08674009510719226
0.0867656765821291
0.08678435901801629
0.08677922945046457
0.08679497324348191
0.08678695285912946
0.08676785569137645
0.08676427823889322
0.0867805340011606
0.08682693204511824
0.08683194406329527
0.08681929339410067
0.08683327316049175
0.08683320374391837
0.08687793344238219
0.08688588138312503
0.08687834290874545
0.08688243375684794
0.0868776034060954
0.08690980967764549
0.08691339013969958
0.08690793840697271
0.08691045767163288
0.08692953909541358
0.08691754627360054
0.08690862060434201
0.0869012121830448
0.08693735660023823
0.08693940935785505
0.0869366055442727
0.08693664614580637
0.08695181528268636
0.08694684244571077
0.08695771229780622
0.0869626033536183
0.08703422715995986
0.08704139772230944
0.08703636441046068
0.08704835117012831
0.0870280860314841
0.08703339592491187
0.087041272186076
0.08703121363334702
0.08704412515103437
0.0870900657132893
0.08709710303308008
0.0870878695724601
0.08707370519096902
0.08708273486174677
0.08712257649272921
0.08711577223441681
0.08710481478287853
0.08711596581556422
0.08713955464360877
0.08714653661628485
0.08719491006781252
0.08721146413776085
0.08721098477518734
0.08722779295716625
0.08726691418403655
0.08727449738650082
0.08726019767202357
0.08726096310291388
0.08726183703188306
0.08730976207809447
0.08730073041385532
0.08728881533509694
0.0872821451781753
0.08730494725811115
0.08730148717748423
0.08734041583020004
0.08731950032239494
0.08732359282602871
0.08732634907826616
0.08734175064708397
0.0873299591784093
0.08733121695776262
0.08735957804806956
0.08734795189938992
0.0873483260120133
0.08735103562201856
0.0873478861347815
0.08737180575475681
0.08735420535392911
0.08736001019902383
0.08734244670400367
0.08734263977642062
0.08735741885324337
0.08738576588068608
0.0873924279096466
0.08738629220806945
0.08738678357476015
0.08739560350012937
0.08739687223061389
0.08740069249569783
0.08741370009429807
0.08740436890417903
0.08739919035706366
0.08745481943344895
0.08745166466503705
0.08748384728324628
0.08747176285706466
0.08750051656701927
0.0874977633065272
0.08750539127845712
0.08751089514492474
0.08749863809255941
0.08749981758603785
0.0875201165066763
0.08750576111031931
0.08752824452865031
0.08751370590169798
0.08752859690618604
0.0875690028773299
0.08756930058110675
0.08761246361489482
0.08759580893300051
0.08761117026444715
0.08760212651020985
0.08761382990196133
0.08760857485685447
0.08767511042140375
0.08767336698866733
0.08766406841645263
0.0876663859310482
0.08765800939173415
0.08767909524044855
0.087675636390128
0.08767846703386102
0.08767231927567168
0.0876958575704561
0.0877124867699948
0.08771884137708266
0.0877224929220366
0.08773070567494332
0.0877170218773758
0.0877645595910906
0.08774845977071546
0.08780131860162367
0.08779147838448259
0.0877922657241668
0.08777732974772959
0.08776561884795155
0.08779190380946114
0.08779754278179286
0.08782443166429935
0.08781667352212805
0.08781422541612426
0.08780282645395131
0.08781712208245551
0.08790096882533083
0.08789830633284804
0.0878965055985152
0.08788822928077815
0.0878708966847103
0.0878700633194707
0.08786356899604175
0.08788802731534658
0.08788202721620249
0.08787911367921744
0.08786938356402642
0.08784849498937532
0.08789007877596024
0.08788645092444171
0.08791034075727337
0.08790706691560984
0.087882798611219
0.08790287443016324
0.08790910808561779
0.0879161951904239
0.08795202377465786
0.08795608866498265
0.08796375152179493
0.08794656877931029
0.08793884076894014
0.08793522894719097
0.08796599267298752
0.0879459229147394
0.08797170895565701
0.08796772438073487
0.08800609693088925
0.08799374458568858
0.0880122226588733
0.08801547045676913
0.0880041173646466
0.0879948786361024
0.08807322449378509
0.08806128939675689
0.08807874208537367
0.08805824437865478
0.08805411392163383
0.08804647582540562
0.08805447222099483
0.08803645224104459
0.08805816573182634
0.08806782738349099
0.08806944160701063
0.08809080802740549
0.08807179471101777
0.08807239021879967
0.0880856042130099
0.08807392760863386
0.08810362239456201
0.08809870075924646
0.08808887007907518
0.08809843962313138
0.08812512041646486
0.08811464871192713
0.08810604610158372
0.08809879606452001
0.08808935540920527
0.08810663886981641
0.0881374157199916
0.08813261071739266
0.08813621654542929
0.0881330829850741
0.08813316750078058
0.08812629371328459
0.0881610289039309
0.08816885998799356
0.08815991553272616
0.08817910543442015
0.08816501203511504
0.08817035795032961
0.08819165097414255
0.08817513581530012
0.0881730184721499
0.08820111976902678
0.08818611714118031
0.0881892935038135
0.08819590825412645
0.0881909206567248
0.08819207236535721
0.08824231532263292
0.0882471689352016
0.08823794954970109
0.08822540942675688
0.08824492861726539
0.08825759388647066
0.08827486151528725
0.08825538425038021
0.08830414968944202
0.08828858277244594
0.08828198232270043
0.08828081343625631
0.088316342628024
0.08830749692407312
0.08832293746642671
0.08831559302283318
0.0883114267678029
0.08828893874644733
0.08832870718275515
0.08833396587197222
0.08834729870737833
0.088342261125068
0.0883733692420059
0.0883757592034545
0.08838293392465753
0.08836859118673719
0.08839434889376921
0.08839579144218922
0.08841160276815692
0.08840865302067237
0.08840170174929955
0.08840998332920816
0.08840712046697508
0.08839943037882926
0.08840282781639257
0.08838631376224043
0.08838245327765687
0.08839669780631992
0.08840358979859352
0.08851466813418814
0.08849929793866304
0.08850368229213625
0.08849001849048163
0.08849929247806493
0.08849404926332471
0.08850933851801417
0.08849106153280166
0.08851614402311243
0.08850936121566515
0.0884958219191793
0.08856144590224031
0.08855708086861501
0.08854620852018995
0.08856656656133881
0.088550254489741
0.08854971163514314
0.0885362492679949
0.08853224320847193
0.08854928309416459
0.08855124549934208
0.08860875247100908
0.08859990707624871
0.08859914282897902
0.08858923704333331
0.08858390280031131
0.0885818891663188
0.08857987787930773
0.08858900735084889
0.08859664066884168
0.08861525328176412
0.08861627224143824
0.08862728243761643
0.08862569571703383
0.08862291349801524
0.08862344231716088
0.08863296836056776
0.0886592700915389
0.08865877775665587
0.08867153972944858
0.08865302716605145
0.08865666002014207
0.088648564020487
0.08864988077015558
0.08864510111225142
0.0886644124878756
0.0886476692833676
0.08865613770613014
0.08875547928755632
0.08874943149802073
0.08873752343654372
0.08872602189177414
0.08873689384410138
0.08873599144460015
0.08874085666584412
0.0887262200292723
0.08873610241426433
0.08873007985415551
0.0888041063264389
0.08879111834954316
0.08882116177757911
0.08880368910003891
0.08880880723576916
0.0887992711288088
0.08878274406190312
0.08877548658164336
0.08878953823583204
0.08877055316799974
0.08876903171420349
0.08877940652174178
0.08876794464474914
0.08877693432641401
0.08877014930105068
0.08879995747873647
0.08879377086622879
0.08878389659155848
0.0887810507246502
0.08883455680406047
0.08882309546875748
0.08883074499226001
0.08882104650427601
0.08880797665176621
0.08885441820008927
0.08884417422281435
0.08884496117755991
0.08882969192516796
0.08885298084449038
0.08884453609804562
0.08885087798047676
0.08883367202920338
0.08882413259606914
0.0888150497258676
0.08881991366420616
0.08881389888901753
0.08880738435297889
0.0888515316950707
0.08883782361019474
0.08882943414647401
0.08881640348864789
0.08881822488075752
0.08881735238963485
0.08882521525040214
0.08884884803739353
0.08884426670150877
0.08884440945763915
0.08884675121687746
0.08883035599352983
0.0888878644668712
0.08889426274915004
0.08888937565926439
0.08889932132511547
0.08891304469368741
0.08890594134635169
0.08890257701519218
0.08890288556556965
0.08890098220483648
0.0889158661617345
0.08889710966302203
0.08894757885977127
0.08894351200482918
0.0889393160426622
0.08893787249935721
0.08893280354332954
0.08894127713790344
0.08893267108544373
0.08892757290773463
0.08891860893682232
0.08891712621796771
0.08892222732578281
0.08895478194650601
0.08894370581307674
0.08896396621066316
0.08897156769671388
0.08897286918714085
0.08898068090498779
0.08897681044245477
0.08897128877467943
0.08897874024724689
0.08897806676076167
0.08900841240540518
0.08899736492309296
0.08900376300739377
0.08899052347153562
0.08902549858952341
0.0890258499509575
0.08902609003672209
0.08903678614220346
0.0890393153330073
0.08902701968528583
0.08902499021484056
0.08902141897457133
0.0890245604286716
0.08902560679173745
0.08907991247740951
0.08906643302975482
0.08905286681716003
0.08904340950814287
0.08906708930090165
0.08906485513059618
0.08907246043380186
0.08906299989324082
0.08905292225879322
0.08906533797463635
0.08906415578849444
0.08906420595541077
0.08905876519814679
0.08906273078100675
0.08905283202634973
0.08904053125412009
0.08906382378068321
0.08908558190024528
0.08907170415291414
0.0890718798456251
0.08912017792508302
0.08911169457451236
0.08910759651005216
0.08911274834733852
0.08909866342563874
0.08912274910749383
0.08912278660206809
0.0891166574107283
0.08912091765424834
0.08912216118660833
0.08914856024296652
0.08915005433382923
0.0891544650913536
0.08915179705747822
0.08918436569641354
0.08918066816645447
0.08918106840457701
0.08918001398018285
0.08920155876964057
0.08919396696291357
0.08918514454275664
0.08920566779209675
0.08921369944738325
0.08920389068869984
0.08919826895528633
0.08917836960719318
0.08917995177085959
0.08921727949538304
0.08920705801012746
0.08920769339441766
0.08920372264137609
0.08919771889892629
0.08921773143317618
0.08921044811369766
0.08919837565703365
0.0892045523270628
0.0892030818304381
0.08920046203439809
0.08924808942700052
0.08924377685114615
0.08929049094514994
0.08929174092358215
0.08928344476442437
0.08927325284729586
0.0892847771196428
0.08926986027780244
0.08929614795852804
0.08928951697388887
0.0893004263838475
0.08929528016800191
0.08932103518125227
0.08930536464354445
0.08930884740626652
0.089294570045858
0.08928817821214777
0.08927853737528296
0.08929940376407225
0.0892937552545821
0.0893399340002917
0.08934061641094337
0.0893228997537143
0.08932591930097372
0.08933827802612763
0.08932817856740148
0.08932089039199835
0.08929906146147078
0.0892875830689336
0.08933098725821326
0.08932391623788924
0.08933768964305483
0.08933929256466352
0.08933518788113116
0.08935051020374613
0.08934429532759214
0.08934023182221479
0.08937156645208001
0.08937274243260708
0.08936120285627235
0.08937697769772661
0.08936696560547175
0.08937624825406582
0.08937802213112876
0.08937364943785847
0.08938040055652854
0.08938352066342736
0.0893935448212398
0.08937600591826823
0.08936991504288364
0.08939686920338155
0.08940176788565536
0.0894050582452292
0.08944686950284479
0.08943718727978699
0.08945815044561627
0.08944906338947764
0.08944722316000506
0.08943901740332018
0.08943637462137459
0.08945082520042753
0.08944842849858561
0.08948383469478824
0.08947715948732168
0.08946025552888617
0.089456596699056
0.0894803262469696
0.08946369529152999
0.0894595154225646
0.0895445191015418
0.08953902514836276
0.08952849944209954
0.08952249643750171
0.08951701709660106
0.08951596490016274
0.0895094427386488
0.08952125620335362
0.08951737596124248
0.08951062075329991
0.08956195700345344
0.08954841504828204
0.08955062745732428
0.08953360455861759
0.08955350099990272
0.0895354404321264
0.08952788354197072
0.08954446114021242
0.08953348531982282
0.08953799100233052
0.08954062178538616
0.08953219835438515
0.08955826408786986
0.08955377989554973
0.08955186551896535
0.08954431201385604
0.08956526530762433
0.08955714120460254
0.08955094805648631
0.08955170427433702
0.0895370224737845
0.08952992778039358
0.08954369791959635
0.08954424701450404
0.08954645531460095
0.08953674299054816
0.08954848067403745
0.08954100913293436
0.08952462885212402
0.08952407714575059
0.0895983438617046
0.0895919697370122
0.08959199764234718
0.08960085609493548
0.08960050823397042
0.08959625947477966
0.08959596697119436
0.0895897340853703
0.08959912562351054
0.08960067993729216
0.08961728613650484
0.08961098018521335
0.08960508176910174
0.08959654594501376
0.08959124502693491
0.08963968489057976
0.08963082560874593
0.08961636447060244
0.08961080387918736
0.08962835586222377
0.0896333851660252
0.08964676556980791
0.08964910534532407
0.08963851155606929
0.08962720044876447
0.08962645997488344
0.08961184987037377
0.08962497775634472
0.08961966491414482
0.08963495720566697
0.08963963841564661
0.08968636241855202
0.08967684062130263
0.08967803940764006
0.08967439231065866
0.08968703742904258
0.08968967354618525
0.08967174425943153
0.08966828674149957
0.0896882526222551
0.08969148033790567
0.08969563491177504
0.08969208208977879
0.08968259713896086
0.08967804878512961
0.089726755639047
0.08971613119064456
0.0897058643683418
0.08968629756878975
0.08971817329676822
0.08971487179554731
0.08970506168202082
0.08969628216487083
0.08972630700952415
0.08972674455022513
0.08971972290749315
0.08970983838920174
0.0897168700236977
0.0897169531771782
0.08973975954908157
0.08973800376740212
0.0897254131217332
0.08973784770425296
0.08973189188785063
0.08977172352612721
0.08976722791546538
0.08975337675319299
0.08975990066490869
0.08974885980400034
0.08975031148569952
0.0897497054245356
0.08975618517079773
0.08976440370872796
0.08975957261954072
0.08975194204713963
0.08976655684627839
0.08976259796300019
0.08977002867501956
0.08975769344087489
0.08978696419347759
0.08977332735065975
0.08976469717254959
0.08977861713301116
0.08980249377401367
0.0897995178008455
0.08978798206908054
0.08977947166020704
0.08976661859121006
0.08976465245205455
0.08976349103145295
0.08977898487235632
0.08976867062573371
0.08977955609015628
0.08979587945972305
0.08978190509020122
0.0897920844694918
0.08978318516372669
0.08978197202041625
0.08978227711218557
0.08980543210641659
0.08980631580063149
0.08981159184753883
0.08980330845134142
0.08980280638192659
0.08981033297466127
0.08981938535149987
0.08980541992267492
0.08979867165399696
0.08980956534654165
0.08980767325575063
0.08980303027850087
0.08981239139125087
0.08979930147599344
0.08979197993951755
0.08980791739073943
0.08980983505545574
0.08983382913173937
0.08982885493545331
0.08982747767744907
0.08982494692165684
0.08982320341484917
0.08981404188802036
0.08981734470870179
0.0898374026480582
0.08984549542874794
0.08986097343048738
0.08985290028075535
0.08984436962365923
0.0898479012249055
0.08984515991215064
0.08984613951589104
0.08986055229348627
0.08984375818902245
0.08984280385553138
0.08985410308102272
0.08984901539649862
0.089893452429025
0.08989166489127311
0.08988933160709647
0.08987932180917994
0.0898870130654481
0.0898809471561651
0.08989538970553795
0.08989766530392157
0.08991040557337018
0.08989960013748725
0.08990164705480336
0.08989734164379094
0.08991802680804353
0.0899169630541909
0.08992005481703037
0.08990893269252556
0.08989985097366733
0.08989133642494862
0.08991170797378073
0.08992368774046654
0.08994055366613898
0.08992907901806058
0.08992000094372754
0.08992203462736008
0.08994625586660682
0.08994899279804587
0.0899431835524729
0.08993987359622455
0.08994438091430007
0.08993187177673308
0.08994786551882486
0.08994291811665439
0.08993543870248207
0.08993527309949674
0.08992457053538702
0.08995042457387589
0.0900016821734601
0.08999233483757126
0.08999082318273885
0.08997455152491493
0.08998043133735448
0.0899787650812812
0.0900008780249504
0.08998596990274603
0.09002018766003116
0.09000827123700146
0.0900084526615612
0.09001588158290641
0.09001516575811963
0.09001986892919991
0.0900080924376958
0.09000914732281796
0.0900024704473996
0.09000473443830347
0.0899985773183454
0.08999436333037422
0.09001333193064603
0.09002206342919142
0.09001448829461457
0.09002671141044055
0.09003384895947761
0.09003101646776104
0.09002382953447575
0.09004506813805571
0.09003721168416756
0.09004640085714521
0.09004516681176536
0.09004094003850885
0.09003888197593213
0.09003013113616481
0.09005633166998149
0.09006714605672991
0.090058702421619
0.09006764137346043
0.090068995897768
0.09007359793171182
0.09007430282849596
0.09007385215882385
0.09007757512811296
0.09007565632819363
0.09009190232005283
0.09008086334870596
0.09007475450381848
0.09010105228052474
0.09009557505223292
0.09010650218943968
0.09010034061289933
0.09009124215302651
0.09007683135320771
0.0900858801795142
0.0901105479818005
0.09010698384151788
0.09010695640134478
0.09012460379869522
0.09011663150281114
0.09012114572706234
0.09013070581994563
0.09012090963583726
0.09010965073654656
0.09011203974967057
0.09011526647736988
0.09010694614748299
0.09009532426990043
0.09009510633433349
0.09009659760153502
0.09008337575356748
0.09008372413478564
0.09009565037153903
0.0900893930734343
0.09010421737887896
0.09009553186456706
0.0901055386610917
0.09009960785357844
0.0901074423747361
0.09010096096389773
0.09010513614882161
0.09011244046913511
0.09013159898962071
0.09013113419879644
0.09016755656944128
0.09016381590571301
0.09016987893448157
0.09016572045677815
0.09016953155866196
0.09016198434269053
0.09016541343065615
0.09016789637578972
0.09017544932986861
0.09017766887886444
0.09017800550445051
0.09017258973139312
0.09016521848278984
0.09017230074608537
0.09017219721685714
0.09017817227492914
0.09017257045275359
0.09018187470418088
0.09018037671761689
0.09016682734495769
0.09018714377104549
0.09019194670401008
0.0901893369936964
0.09019283190801147
0.09019767716168162
0.09020010152370497
0.09020393842027523
0.09019684040254712
0.09020298009603488
0.09019081915424766
0.090213733961388
0.09020689255511713
0.09019851739928965
0.09022213770471053
0.09022148685949294
0.09023900125788753
0.09023541093903598
0.09023436600906348
0.09024116590419806
0.09023255338045152
0.0902344482749031
0.09023798406866272
0.09022719090934064
0.09025678976071809
0.09025331336760621
0.09025301182049003
0.09025788988279065
0.0902679296827708
0.09027027056053619
0.09025681948255833
0.09026037762345678
0.09025788270464671
0.09025986658501857
0.09024587123783327
0.0902442681539327
0.09024973607364935
0.09024346338188066
0.09024091525878383
0.0902407200699636
0.09024519596296184
0.09027874180591795
0.09026938830389711
0.0902742095572277
0.09026540019996679
0.09026956459277678
0.09026058384688597
0.09025174181237777
0.09026830041737437
0.09027559053767334
0.090294293387679
0.0902848596008983
0.09029708793879626
0.09028354565174848
0.09028441518684054
0.09028502776523355
0.0902849884793525
0.09028423696877601
0.09027001598655632
0.09029153088977465
0.09028557801361438
0.09029801325301895
0.09029210503473739
0.0902890546307572
0.09029987671019887
0.0902989315690122
0.0902985137013139
0.0903050209967898
0.09032246369733778
0.09031978491725845
0.09031399101842798
0.09031061074149109
0.09031665616816613
0.09031186183022055
0.09031285427329984
0.09030501617429064
0.09032873140743551
0.0903271532227581
0.09033307658803955
0.09032296923802823
0.09031813123527903
0.090328234233875
0.09033274436162753
0.09033565473789944
0.09033854481570681
0.09033260036513018
0.09032513357945152
0.09032034571347447
0.09032523035142591
0.09032982311063491
0.0903119016672969
0.0903167062431152
0.0903340179669734
0.09035552886383375
0.09035417956219906
0.09034505580530276
0.09034421747145926
0.09037429622840316
0.09036351848685728
0.09036635797022974
0.09036016525432611
0.09035526233414626
0.09035108153193129
0.090353091353446
0.09035037380848325
0.09035550891405668
0.09035238834635359
0.09035661265732339
0.09035540052045432
0.09034871890329263
0.09034590883407129
0.09038600025327004
0.0903772421471555
0.09038272317544532
0.09038061410232287
0.09037381646819924
0.09040598823190563
0.0903954502482973
0.09039995232248133
0.09040862621997202
0.09040194904811347
0.09040706164415234
0.09040214740045885
0.090408154559289
0.0904069152448279
0.09039275118199994
0.09039359894097772
0.0904165962956487
0.090422802578984
0.09040669758666944
0.09039851552722893
0.09040012951328996
0.09039929217794727
0.09041095493643746
0.09040937488700308
0.09041493075261565
0.09041456470251767
0.09041440000678214
0.09041646066422834
0.09042374021883308
0.09041439155790948
0.09042381783456198
0.0904194172276418
0.09041846048684107
0.09042804426134123
0.09042039125717304
0.09042102653120695
0.09042254585916869
0.09041658636121853
0.09045704313472289
0.09045335957867104
0.09045024085114627
0.0904493096602402
0.09047105531968976
0.09046502552093974
0.09048043677356817
0.09047592762616513
0.09047205367051558
0.09046918952735626
0.09047522605227144
0.09047578835690583
0.09049606742488232
0.09048053554628423
0.0904827056487341
0.09047332115481267
0.09048781678827549
0.09048026405364691
0.09050585695409658
0.09050484239589157
0.09050809961360155
0.09050300037489492
0.09049676871932413
0.09049472517895567
0.09049104760096403
0.09049513401768862
0.090487881247607
0.09051148804027455
0.0905000572089657
0.09051496573226037
0.09051476618714242
0.09055269112190685
0.090549291709385
0.0905488249793486
0.09053629032168949
0.09055497069826875
0.09055100737709339
0.09056402707016752
0.0905525652414541
0.09055358152491122
0.09054956186363126
0.09057049423860436
0.09056207689566569
0.09056758840333291
0.09055512585414778
0.09057690529793241
0.0905626488997607
0.09057207947061444
0.09057156920872167
0.09058086858197313
0.09057848122027398
0.0905766263531006
0.09057417610244858
0.09057373989153837
0.09056571018496865
0.09055831515173651
0.09058815564765986
0.09058485920841172
0.09058380098347175
0.0905850931059949
0.09061645316738491
0.09060670735047424
0.09059745051066158
0.09060533638591023
0.090603252254579
0.09060309015823947
0.09060173014356283
0.09059382542935242
0.090594501750763
0.09058914208685412
0.09062467350539902
0.09061971407033975
0.09061191932386557
0.0906066415176808
0.09061024500617028
0.09060355406904938
0.09060132770789461
0.09061797736703342
0.09062358319202805
0.09061174280854663
0.09062083280453129
0.09061111488731785
0.09061100458098666
0.0906109613222121
0.09060823936141035
0.09062009398139807
0.09060939930991121
0.09061382785837743
0.09060105975480309
0.09060800681487999
0.09060976091465071
0.09060937896207563
0.09061583896925011
0.09060907619218936
0.0906123757505737
0.09061263286002257
0.09060620221418696
0.09060830049856777
0.0906081000897743
0.09060229404040315
0.09062165427056235
0.09063483474794479
0.09062557589777767
0.0906308616656193
0.09064448533872102
0.09064211545607516
0.09064092169386694
0.09063963843624775
0.09063137147390954
0.09062211667800281
0.09061579743664153
0.09062233015666887
0.09061569332661354
0.09063341173246778
0.09063542962139114
0.0906674957060983
0.09066470602798202
0.09065778248528235
0.09067574221640418
0.09067059994548209
0.09067121415199558
0.09067460300305862
0.0906727029956294
0.09067192023788354
0.09066942493295363
0.09066914290107608
0.09070107704858653
0.09069380613338922
0.09069807506552371
0.09068961519830095
0.09071396212890383
0.09071322394727091
0.09070719990865873
0.09070596278306871
0.09070366811027132
0.09070673787852016
0.0907040761321837
0.09070481162067738
0.09070817246290688
0.090698251005735
0.09069299401507437
0.09068556520751449
0.0906868174278442
0.09069168409235721
0.09068465796036633
0.09068993882224986
0.09068717933353701
0.09070243722352582
0.09070711862587318
0.09070080227533923
0.09069470950938618
0.09070511984360781
0.09070786904593255
0.09072669959115315
0.09072715959734574
0.09072170360450871
0.09072723589118965
0.09073188497467277
0.09072370999488787
0.09071712989238631
0.0907250258486132
0.09072080033793559
0.09071729107201498
0.09074703195126486
0.09073971039081799
0.09073156167861365
0.09072917062679815
0.09073357280391013
0.09072683308765232
0.09072342138336155
0.09071810867521735
0.0907187461343022
0.09071662981292175
0.09073403589091364
0.0907268129084593
0.09074273840829788
0.09073943429662554
0.09074196497052729
0.0907413923191505
0.09074642798140675
0.090752982334224
0.0907555235486517
0.09074867688709803
0.09074522777262274
0.09075758267246531
0.09075679161070482
0.09075531220462775
0.09074624767311278
0.09076018771416418
0.09075053150608266
0.09078318899850915
0.09077368427897196
0.09077479886591117
0.09077450456916661
0.09085549914938917
0.09084639648849074
0.09085030864918774
0.09083932105225076
0.0908399766453574
0.09084206729431821
0.09083352709322406
0.09082564636299201
0.09083615830428161
0.09085468425733922
0.09084926855859764
0.09084730884638764
0.09086682762126222
0.09086595790277084
0.09085942326993308
0.0908511263992142
0.0908568306871145
0.09084746968671298
0.09087717659175808
0.09087201983709554
0.09086875649534369
0.09086276993910103
0.09085404330141449
0.09084354617608897
0.0908614244998952
0.09086837039882063
0.09088462752761559
0.09088201595420582
0.0908774930333521
0.09087988401955571
0.09086902253080269
0.09085916202092109
0.09085757785388617
0.09085148944813565
0.09087259579691989
0.09086298760609922
0.09087861421480896
0.09088689217110535
0.09087667434714476
0.0908716830001614
0.09086416635983144
0.09086691438288132
0.09086854177984968
0.09089451340106564
0.09088345906294223
0.09087394153274987
0.09086757401142666
0.0908644062803153
0.09086885419740842
0.0908774207985973
0.09086497788509174
0.09086908668874023
0.09085923304409585
0.09085394447656228
0.09088453075601027
0.09088331266876999
0.09088173198679583
0.09087278442481782
0.09086957469270306
0.09088033862582089
0.09088013919268173
0.09088034374511442
0.09087737432750435
0.09087418723419838
0.09087417754666674
0.09086786339503664
0.09088147432126217
0.09087875502747984
0.09087540396081027
0.09087170373106636
0.09087886995774211
0.09088214103464425
0.09088650434527518
0.09088017406795561
0.09088225478270778
0.09087511232592617
0.09092131797148932
0.09092338495042268
0.09091766688310887
0.09091742776864539
0.09090757018660812
0.09091200822922715
0.09093237341281472
0.09092592376311917
0.09093629160388647
0.09092911504414723
0.09092852338121225
0.09091761161836914
0.09093295606553718
0.09092856822635577
0.09092333692805322
0.09091771325118958
0.09091853479727129
0.09091200933328128
0.09091626329353805
0.0909076102730504
0.09091150581010154
0.09093301935795517
0.09092190688778387
0.09091970879922279
0.09092025483772172
0.09091371569143811
0.09090992969951471
0.0909273804256333
0.09093085250832418
0.09092771307497106
0.09092402606469961
0.0909267382153716
0.09091985778807826
0.09093061347726947
0.09091619200244011
0.0909118774569405
0.09095631673462269
0.09094723691760939
0.09096065230917856
0.09095446542313147
0.09095786651653498
0.09096080638654516
0.09095108143881647
0.0909662945458825
0.09096109763821975
0.09094961780302417
0.09095401032334668
0.09094712289962198
0.09094933575810864
0.09096623460237416
0.090960188156
0.090954255475127
0.09095506658956519
0.09095544513043237
0.09094966201384953
0.09097089208283342
0.09096548039400677
0.09096507319128945
0.09096050450264985
0.09096850100678239
0.09095896185916673
0.09095337178695019
0.09096351074507646
0.09097543839003598
0.09096519198223975
0.09095909576038594
0.0909661913813234
0.09096408827017553
0.09096048048319906
0.09096496880974739
0.09097856115946214
0.09098264238756577
0.09097875473121411
0.0909834548222701
0.09098083266358209
0.09098137194303885
0.09100846491288202
0.09099703906978958
0.09099572480388529
0.09099605993353463
0.09099108546137442
0.0909888207257582
0.09099874394170503
0.09099229044456955
0.09099445886883102
0.09099057201577727
0.09099606064056665
0.09099579635626195
0.09098957110575918
0.09100154815365845
0.09101233028603233
0.09100497936551498
0.09100936113361878
0.09100335119062511
0.09099731044841795
0.0910119038702817
0.09103593186792834
0.0910299619496867
0.09102507376646507
0.09102097103710444
0.09102976395079648
0.09102703071778832
0.09105134804884672
0.09104989477265604
0.09104358897684386
0.09103730961084938
0.09103195424153565
0.0910322741235226
0.09102842654169176
0.0910319573740748
0.09102493991750624
0.09105122499273119
0.09105161484858534
0.09105236967619688
0.09105646435577425
0.09105756559890527
0.09104806749469169
0.09105964058086463
0.09106710467146986
0.09105707980086811
0.09107952594758581
0.09107516596563033
0.09107655020260426
0.09107081598328236
0.09106553871284716
0.091072533203571
0.09108071857182422
0.09107791371479612
0.09107380405712254
0.09107973692561888
0.09107533759304151
0.09106842573645244
0.091086992029397
0.09108464874295608
0.09107559851275371
0.09106813237539275
0.09106034540878201
0.09105678492741133
0.09108665490312932
0.0910846961808683
0.09108345091147695
0.09107644045098871
0.09107133063451338
0.09106814425999174
0.09108169766643492
0.09108050061202785
0.09107758557063922
0.0910762683454582
0.09108616959245433
0.09108287782276878
0.09107954250315277
0.09108118483050673
0.09109653177101004
0.09110076885525999
0.09110039996189512
0.0910993120821751
0.09109764485969651
0.09109846011893775
0.09110895370013815
0.0911117633872501
0.09111860831258362
0.09111857148136202
0.09110783850788973
0.0911160072248744
0.09111392849001347
0.09111318891830808
0.09112463942522454
0.0911180298632905
0.09112097815907765
0.09112394826707568
0.09112853253750182
0.0911235164640656
0.09112370324658302
0.09111820253741904
0.09111820850884862
0.09112767710046234
0.09112369463473144
0.09112283418184935
0.09111671594378777
0.09111302646521321
0.09112559212690405
0.09112747553192375
0.09112632669543601
0.09113864216944849
0.09112590385864114
0.09115184236757234
0.09114400286487248
0.0911387161801273
0.09113409278358424
0.09115746072717068
0.09115483592383704
0.09114798254379278
0.09114451951087246
0.09113211381667087
0.09113368225507974
0.09114672149281443
0.09113722237479939
0.09113591057682119
0.09112830191933131
0.0911222099638517
0.09112340510191588
0.09114499995082655
0.09114960838012064
0.09115691015043445
0.09115305414996887
0.09115909565793885
0.09115261665203289
0.09114337791216313
0.09115308971354065
0.09115385026892588
0.09115292119954453
0.09115772744073859
0.09115432768330214
0.09119277335290833
0.09118586545998383
0.09118967204554022
0.09118527479765422
0.09119481629091707
0.09118952316566997
0.09117995583217406
0.09118051526382871
0.09118547864770517
0.09117848226341795
0.09117612850117976
0.09116814896462204
0.09117687425127195
0.0911850734880839
0.09118032459827266
0.0911804407788937
0.09118156100292242
0.0911934848544001
0.09118775506959707
0.09118532647109208
0.09118671996061806
0.09119947981920788
0.09119897197702662
0.0912011484417864
0.09120117819357074
0.09120159528260742
0.09119828458967451
0.09120065037040666
0.09121542697746723
0.09122632505082313
0.09121438606695874
0.0912266101503022
0.09122245305676802
0.091216397814924
0.09121514417860088
0.09121834891287173
0.09121304705706301
0.09123795959289932
0.0912348132755989
0.0912640201019012
0.09125526863107351
0.09125085264051622
0.09126292110797803
0.09126199017855358
0.09125468850935026
0.09124498148603186
0.09125193441278331
0.09124802352578412
0.09124603303241777
0.09124873351654722
0.09125401828225889
0.09124318569061739
0.09124558891696767
0.09123430046627284
0.09123694286533834
0.09124466096132942
0.09125717817370602
0.09125516529403704
0.09126927521576014
0.09126626196332727
0.09125659437460878
0.09125756506030298
0.09125766789307818
0.09129922289117126
0.09128826721260458
0.09128371730143166
0.0912795853465614
0.0913011417349075
0.0913037770592461
0.09129780744433232
0.0912919475236717
0.09129040040071804
0.09129761787777621
0.09129162937732054
0.09130374172624761
0.09130220558985028
0.09131013939242379
0.09130164536127153
0.09129634201726776
0.09129258666955756
0.09130658038697888
0.0912990383391881
0.09130345326516061
0.09130343636967884
0.09130050512467545
0.09129779825983779
0.0913015987875322
0.0912952473290585
0.09129871907710099
0.09129695546230979
0.09128361154788996
0.09128584552475791
0.0912988134774909
0.0912960337063999
0.09129893228020139
0.09129675635716197
0.09128821006596813
0.09128342576946707
0.09129314539776341
0.09131291101167885
0.0913095256400144
0.09130206462099524
0.09130643645661153
0.09129765140435149
0.09128922951488914
0.09128806784170823
0.0913018013116304
0.09129206341923092
0.09129641678160526
0.09129857615795675
0.09129469498064317
0.09129149317759237
0.09129015725568713
0.09129293905595866
0.09129889485893936
0.0912934823979408
0.0912891140871306
0.09127631395722226
0.09130105488527229
0.09130327477501186
0.09129851700410828
0.0912967496728752
0.09128952488773465
0.09128922625574505
0.09129885648881256
0.09129494435542446
0.09129367632851226
0.09129585946524546
0.09128997727623896
0.0912907742589917
0.09128901947916741
0.09129603403039836
0.09129458707174032
0.09128474315063329
0.09128662134985388
0.0913231995212063
0.0913188215229418
0.09131385791821076
0.09132588058619698
0.09132938211318822
0.09132211301391602
0.09131648244274274
0.09131215250535257
0.0913252411782487
0.09133931292462763
0.09134107586149309
0.09133795509745042
0.09133050173532675
0.09133518313644547
0.09132566480804066
0.09132950458801414
0.09133536604421005
0.09133789518353999
0.09136546014580646
0.09136078249514318
0.09136381712051861
0.09135988549115694
0.0913493659303073
0.09134297332425206
0.09134488137462145
0.09135618976474269
0.09135524310826362
0.09135318670909674
0.09135239499941954
0.09138310919612277
0.09138626753730396
0.09138242906558965
0.09137454926530407
0.0913687027284189
0.09136330213914107
0.09136017527679932
0.09136028607017148
0.09135772650131985
0.09135419278125184
0.09135361195188854
0.09137329603786584
0.09137049412026431
0.09137322301193511
0.09137754119408686
0.09138009579924804
0.09138159717192264
0.09139323398636386
0.0913865529632486
0.0913843079725127
0.09137947190494139
0.09137910205701716
0.09137885938165079
0.0913752589175834
0.09136595353609203
0.09138919195179047
0.09138386094103616
0.09137988766330706
0.0913989618002759
0.09139657668298815
0.09138831535300797
0.09139017247682696
0.09138790856070489
0.0913830716738491
0.09138830342601331
0.09138938357009503
0.09138734862250872
0.09138715110153596
0.09138901378555542
0.09139814183807211
0.09138952174044404
0.09140576774889782
0.09139889848572458
0.0913980046274068
0.09139304760838227
0.0913980991947172
0.09139768029374301
0.09139771411029143
0.09139537370844025
0.09144370951927307
0.09143315445759143
0.09143494729843347
0.09142771993705175
0.09144200104181469
0.0914342328240179
0.09143939154635329
0.09143566032351448
0.09142988006186743
0.0914232071107916
0.09142500667847962
0.09143229283119421
0.09141915153619076
0.09141666620427294
0.09143037992476212
0.0914330368723707
0.09142784434950738
0.09143287955463299
0.09142142371016355
0.09141282087290681
0.09142441214307899
0.0914200362097533
0.09141741597262393
0.09142793125261926
0.09142576646628607
0.09141909245531424
0.09143111218889137
0.09143642422033697
0.09143945118447813
0.09143181966778709
0.09143540106000539
0.09143135692558307
0.09142587944346091
0.09142340969429798
0.0914410247130898
0.09143642998058736
0.09144370389371716
0.0914345563208865
0.09143430117423343
0.09143257682691427
0.09143121864322727
0.091441181599855
0.09143152736353154
0.09142749882381236
0.0914352198750779
0.09143509774091187
0.09142470879050063
0.09142582345297001
0.09143641965431429
0.09142959279923354
0.09143086752464577
0.09143080794498802
0.09142700181722771
0.09142845272590679
0.09142779494009548
0.09143772597089489
0.09143714446544075
0.09145206599173468
0.0914508455372861
0.09145803826861226
0.09145452108339025
0.09146121311096057
0.09145695103591638
0.09144915748612654
0.09144061204126347
0.09146730048054731
0.09146138834244394
0.09147064006679287
0.09146696350019207
0.09147042928585815
0.09147063398733558
0.09146884520815442
0.09146602476205692
0.09146098770440594
0.091454579390093
0.09144620743030235
0.09144549517882282
0.09145156922094046
0.09145274599180733
0.09145005158518132
0.09146354731065985
0.09146100512657138
0.09146015256123344
0.09148997463745466
0.09148234752242006
0.09148508421077772
0.09148913106273421
0.09148406085465756
0.09148198428353069
0.09148165278122285
0.09148735151453681
0.09148567763378855
0.09148215157775634
0.09147549121157025
0.09147647057835469
0.09148776518382666
0.09148845704532774
0.09148493979584062
0.09147853235745314
0.09148786691943936
0.09148667081109707
0.09148809628515685
0.09148657486075155
0.09148387298671912
0.0914822071175992
0.0914856334297562
0.09148664865769554
0.09150010384216871