0.0001299297885936159
0.00015016063575374372
0.0001894809416990232
0.00019478473263411883
0.00022982745003648306
0.00025095884215301406
0.0002788248744584608
0.00030660807009121505
0.0003457359630879607
0.0003652327613940901
0.0004133301440333793
0.00047629665672370793
0.0004984468003908748
0.000557196484595011
0.0006496384715150981
0.0007937878387916881
0.0009633046858956877
0.0010684616859291314
0.0014217841248472893
0.0014811728877621188
0.00158786719535477
0.00197452525671193
0.0019721866253145526
0.002357323023727129
0.0024803672036982738
0.0027139674215844014
0.0029490427253071475
0.0030700501295530406
0.003326242235084062
0.0036241834897627044
0.0037206862723701104
0.004024739930731967
0.004444855725039543
0.004612285746657287
0.004903725782911907
0.005529561569722879
0.005825316556615502
0.006106495870566809
0.00654561745958776
0.0070911836638296675
0.007204031205163833
0.007559654554963794
0.007868626255511475
0.00824467423019906
0.008394353020457278
0.008829843525173707
0.00939858801239198
0.009497254442621257
0.010003155072290647
0.010244686755960724
0.01079717122222701
0.010821087345641106
0.011260593730163035
0.011585377643975414
0.011809796440465833
0.012068559177150951
0.012285309248810706
0.012697970947530716
0.012907009472759806
0.013046863385686095
0.013811290465522623
0.013926313650726526
0.014255326976851218
0.014233360096796436
0.014519025588157692
0.015148893004493574
0.015533307559586644
0.01564293803205957
0.01579475587567716
0.016197688658023866
0.016373634654696444
0.016881127521239225
0.016935173648620478
0.01712393182551254
0.017662381947064272
0.017852028310163946
0.01810432883138684
0.018237795779510357
0.018508894921853487
0.018606107117874873
0.018740034931456276
0.019099714551741805
0.01929182958082249
0.019999167758835472
0.02009044715048841
0.020366477559020088
0.02145954109379437
0.021521152328834815
0.02163569623320584
0.021778578871854734
0.02191963062463745
0.022187932015300744
0.022373127749850633
0.0225086495243202
0.023185182770137452
0.023257061076142217
0.02359602615859938
0.02360255511393955
0.023752798838114743
0.024029715219097723
0.02422958028808098
0.024449170974975072
0.024704472689289773
0.025243049210006085
0.02543573133241699
0.025692039345564677
0.025867111914178398
0.026492980818105055
0.026626973477084148
0.026863779717351714
0.027345679001496887
0.02738903237846114
0.027762222596542388
0.028184130639876567
0.02842888987865974
0.028582995500879935
0.028817009006831536
0.02929759847347685
0.0293840903715628
0.02999591320133042
0.030129525683107342
0.030655078523519598
0.030926436484602162
0.031046363543376223
0.03125700542560536
0.03169802487119776
0.03182535844422356
0.03208051736001456
0.03230161976674439
0.03261077649623384
0.03271090219862185
0.033063836497187186
0.03370818701378203
0.0338515950958883
0.03407868495733045
0.03463723379243553
0.03468368177678231
0.03497183886881632
0.03514981053402344
0.03533546983286067
0.03557215339671487
0.03594725006504509
0.0361913177525938
0.03631544724868908
0.036446426001544435
0.036672287999392865
0.036779579055535624
0.03719689572406586
0.03734482972538587
0.03753581873060418
0.037847629161045414
0.038034398360952175
0.03844335933212165
0.038658229427515865
0.038851551149892354
0.0389923402392751
0.03932863942102957
0.039702603119002144
0.03984191806174857
0.040056590061809956
0.04034459798021161
0.04050092174053465
0.04060066893878553
0.04088458407661143
0.041025090856965915
0.04118787318344704
0.04167685571177207
0.04190864231109324
0.0422567040985167
0.04240860420516785
0.042605236017817565
0.04273111290551391
0.04309196775061253
0.04327646818374543
0.04341252242497184
0.043573222138554364
0.04383362819267722
0.04397440681636414
0.04412727493268837
0.044331968299156074
0.044533933157645124
0.04469323867616693
0.0449059962911408
0.04545617481055992
0.04581776254099862
0.0458473740443989
0.046043950140615214
0.046169466113484416
0.046327278541591584
0.046573969440835805
0.04673359575444722
0.04685921313931532
0.04701943979665341
0.04712117083606118
0.047419699024455995
0.047502981499943614
0.04771847534081633
0.048120453630082966
0.048256321041063754
0.04845542413986779
0.04860213560091592
0.048804902189687416
0.0489260756037916
0.04922636637427174
0.049351625675491
0.049501560551132195
0.049807580533366105
0.04989707118518628
0.050101950920477346
0.05021187302195843
0.05034147849611193
0.050504110041047365
0.0509634488843967
0.051085844818188834
0.05128321347845841
0.05141382931565847
0.051571105422341314
0.051589607012171176
0.05178023936362439
0.051870117492872445
0.05199760669720597
0.052426126597030186
0.05255683136071324
0.05261097171101523
0.05293438786868488
0.053078923391254286
0.05319682965697227
0.053305890504406456
0.053448237077090614
0.05355967895240859
0.05402464211699164
0.054098066738360505
0.05421071365784168
0.05437561303594391
0.05453517032286257
0.05466032712443914
0.05480147501082868
0.054968717775393104
0.05528541171903901
0.055321012941134666
0.05543431770296168
0.055566843046271575
0.055708105815662795
0.05581307115807497
0.055877624474872656
0.05597540986755317
0.056108446301628756
0.05648740310503189
0.056639805942690157
0.05678225033430372
0.056929215797336355
0.05706730301666487
0.05718601783969714
0.0573472335697627
0.05749706869998825
0.057573513350018736
0.057701718368453433
0.05815931022267635
0.05821739467846723
0.05833070993230033
0.05840665446817258
0.05860156817645362
0.058650682683452665
0.058749303497254615
0.05887236317569462
0.05898761914787572
0.05909379310073209
0.059246111162234445
0.0593155686140164
0.05953674531690063
0.059614582444200453
0.05969006944105237
0.05981028854134601
0.05995128058512046
0.060183971567583386
0.06022072250801069
0.06036912793323017
0.06053907759088631
0.06063071554486315
0.06065911907073777
0.06077226296235843
0.06109808837772949
0.06111710509845319
0.061175867431762745
0.06130095306992988
0.061403523773818185
0.06187172158457086
0.06194442942663561
0.061981874709922405
0.062028137466500585
0.06220246292725998
0.062227716985205205
0.06231566082985849
0.062338522034238314
0.062393122979814766
0.06251765354310679
0.06256818009972646
0.06264281477532323
0.06281353498220425
0.0628758326205677
0.06304323871832823
0.0630873072646668
0.06319616563185751
0.063199345735461
0.0634111382494608
0.06348798260257854
0.06355874901321908
0.063545036362812
0.0636760732520766
0.06380863814754219
0.0638869832974107
0.06392917919371621
0.06398963823324705
0.0640952260869493
0.06427110997462934
0.06426938565864518
0.06438734091122132
0.06448378447623622
0.06452708015593277
0.06464376484112483
0.06468960390821601
0.06479735361818818
0.06482832421299164
0.0651311470348888
0.06520376125279553
0.06527432949056879
0.06531173552656151
0.06539286657080429
0.06558872550642687
0.06561550223447907
0.0657353520448289
0.06578566614737254
0.06580727495443257
0.0659082808517105
0.06605570052133472
0.06612993300931336
0.06620020542158796
0.06631904964646342
0.06633086447988323
0.06637442609223136
0.06643379047612567
0.06649419599409395
0.06649777818223351
0.06657402205104333
0.06677255263337323
0.06679294405483041
0.06686044649288662
0.06689707542677747
0.06699104222786154
0.06723172526775234
0.06729159073705356
0.06737898149047981
0.0674632554815633
0.06745272082051451
0.06752586159557218
0.06764909957960094
0.06765099947327369
0.06770791670643063
0.06784093162378084
0.0678790616152615
0.06788417933147449
0.06798382373715468
0.06809318626768178
0.06819577843577881
0.06830222539994388
0.06833050322832744
0.06833740034880328
0.06838105021141246
0.0684831952300266
0.06852754325536692
0.06857826387191686
0.06863377111326682
0.06869075896665983
0.06872163349638874
0.06883714680090153
0.06883808599198053
0.068883497183301
0.06896563208347208
0.06909353843974848
0.06911773134996765
0.06919782341199558
0.0692874841007962
0.06928492935284411
0.06934345562487768
0.06943464988590275
0.06948999166365627
0.06955630489873785
0.06958533586067105
0.06963053114474334
0.06969903335673541
0.06979987434508708
0.06984697297388665
0.06988268861040571
0.0699464469169558
0.07005376722219216
0.0700672104307522
0.07009594500472366
0.07011400805852158
0.07018608184428779
0.07031377879019979
0.07033791310432454
0.07048834841762786
0.07049395211732103
0.0705390230788845
0.07061603884056142
0.07066825356780605
0.07072288841568788
0.0707774179841971
0.07078347998709361
0.07087742596247223
0.07095065756294233
0.0709981531556326
0.0710442022567297
0.0710747893679488
0.07119594564042832
0.07119699625275758
0.07126820485520344
0.07133444326215681
0.07132995594531352
0.07137857495273896
0.07145076433003386
0.07146368985309004
0.07150339489878778
0.07151002849086166
0.07162211429615939
0.07167016746439178
0.07178289460844857
0.07179730084298976
0.0718872521539959
0.0719336609890422
0.07196853691862408
0.07199500569809351
0.07200013091357316
0.07205638912927281
0.07212803599815734
0.07215279510557072
0.07218071755321344
0.07227097894974402
0.07230196978715042
0.07238416766914886
0.07244889438484027
0.07247847078992203
0.07249619575676552
0.07251837657712433
0.07260773279347822
0.07266066843629894
0.07267729363731056
0.07292718577878345
0.07293409167240403
0.07296985768174953
0.07301640508177598
0.07307528800765596
0.07312892031188574
0.073155793290235
0.07323682145626344
0.0733009085563344
0.07333877022674688
0.07333997069078446
0.07339201249364413
0.07345397199746719
0.07342609477134765
0.07346745641119358
0.07356064398841745
0.07360803777125598
0.07362034723242832
0.07365134239357989
0.07372541940087857
0.07375932186498892
0.07376356104231757
0.0738081083921362
0.07382598140866611
0.07383149428005517
0.07387795799470917
0.0739574058504813
0.07396848798869425
0.07399873931748885
0.07410958988381917
0.0741318826284371
0.0741912652198799
0.0742763546654318
0.07427325419365462
0.07437693115347857
0.07439745075336329
0.07440320655323925
0.0744488176891706
0.07447092346151538
0.07455765912547184
0.07457914310782224
0.0746513551266977
0.0747126125489851
0.0747456591755095
0.07476497773237478
0.07478967050745737
0.07486517632168274
0.07489195915761569
0.07495715864265555
0.07497078460351643
0.07502698518981137
0.0750237024029545
0.07503795485989086
0.0750987365983364
0.07510699780406259
0.07528123118870284
0.07530142547375836
0.07533153974948244
0.07533895285281368
0.07537602458352258
0.07537705123281645
0.07546576286516656
0.07549398529688627
0.07554952968887907
0.0755497389612063
0.07556732837621888
0.07560551565877573
0.07559673730358205
0.0756167871552593
0.0756871371998561
0.07576767211642199
0.07576900300439622
0.0757882570690445
0.07580474698286302
0.07583419472799444
0.07589758717187446
0.07588916699733096
0.07592358099362292
0.0759422989205922
0.07596667622004745
0.07597310402208789
0.07609935745870126
0.07614237944366788
0.07615865532617754
0.07618292898521913
0.07625303210442146
0.0762685487672224
0.07630627574169827
0.07631811400854047
0.07637648567586267
0.07638358529988938
0.07638808085431416
0.0763984797944804
0.07641655167439126
0.07645619284158045
0.07653351979836932
0.07651233253631227
0.07656744279134627
0.07666047468824043
0.07666570052925627
0.07666590599433457
0.07667140995276747
0.07672522962875424
0.07674315578056988
0.07676685316720522
0.07678260841891241
0.0768647184484014
0.07688431296695247
0.07693073814549961
0.07699014672259023
0.07700289139437409
0.07701090731207597
0.07704955299633547
0.07707811190604567
0.0770866797011058
0.07712126452954927
0.07713354940472525
0.07731828025530305
0.07730156803226375
0.07735397299399611
0.07736783749446982
0.07735314647044297
0.07737100999813284
0.07736084403466265
0.07742314496800634
0.07743675104639303
0.07746977069329168
0.07759366207167882
0.07758183455339548
0.07759977635968691
0.07758322496789884
0.07758581098367408
0.07769665507044604
0.07770549035861946
0.07773902934270904
0.07774254065776101
0.07779748956720642
0.07780165749670388
0.07787610007881016
0.07789028181810119
0.07788483990049899
0.07792115787749501
0.07795187636802578
0.07797002992838056
0.07798715075499288
0.07803166659781122
0.07805255450033001
0.07809560336767664
0.07811394865187635
0.07816919902215812
0.07818150567360928
0.07818894149960667
0.07820920713812564
0.07822152310313857
0.07828530668931223
0.07828532231557726
0.07830652006182846
0.07829283008248941
0.07832987784767784
0.07833249683908061
0.07837092376971323
0.07839967711758587
0.07843850048826954
0.07850102737090182
0.07850310538976547
0.07853516688721711
0.07853479688607604
0.07855627174343102
0.07858934103889864
0.07855477764504358
0.0785856580103062
0.07862249837457504
0.07865634943724478
0.07868124659149373
0.07869162126734476
0.07872099157043377
0.07872868697952466
0.07873537713267766
0.0787871266708262
0.07877624822020632
0.0787972624760866
0.07888593892226368
0.07889204249660085
0.07893926888143796
0.07896450026053901
0.07899946997380941
0.07900102658448466
0.0790204023049998
0.07905412033218397
0.0790649195051839
0.07908389736561697
0.07909421168523591
0.07911890226284546
0.07914421123140383
0.07915877158135162
0.07916211490499053
0.07914534402175412
0.07915835948950703
0.07925609050486779
0.07923383769926122
0.07926807512122798
0.07933395354387576
0.07933845941726743
0.07932977966277913
0.07936557944120133
0.07937904066629667
0.07940765768589338
0.07944742671145588
0.07950123551792597
0.07951620581306497
0.07952035108838806
0.07955079533478923
0.07958393673058246
0.07960236679861778
0.07966587897002819
0.07966632866318457
0.07968938398569582
0.07971434255443476
0.07973637916369225
0.07973732755567997
0.07980084035325134
0.07981014696766293
0.07983266489039846
0.07987105424583481
0.07993355561468037
0.07994300167136978
0.07996491263878522
0.07995471501481713
0.07999699676126121
0.07999838073039542
0.0799992216615333
0.08001165196788651
0.08010237963602693
0.08009541002293392
0.0801164321569433
0.08017537338261087
0.08016254659918057
0.08020354681187276
0.08019228047885311
0.08024920563193012
0.08033917466571402
0.08035329932001478
0.08034756972393407
0.08034285692452964
0.08038467582904071
0.08036924995617974
0.08038250607611938
0.08048774769002463
0.08048613876815928
0.08046246711528851
0.08047795760409086
0.08051344842407807
0.08052908157577066
0.08057899324747313
0.08059878984226393
0.08057891178399589
0.08058832714867427
0.08062521357127124
0.08067095157330169
0.08069651160751617
0.08071217331073802
0.08072874536110837
0.08073393864121839
0.08074537703266114
0.08071979284201265
0.08074703001553675
0.08078968798490413
0.08085090850889554
0.08086751513189268
0.08086205926819795
0.08086595868584448
0.08087942164551043
0.08089543143176885
0.08089554545369206
0.08097878311989862
0.08098823678462488
0.08097707751554707
0.08099672197338968
0.08102277622969077
0.08102853517897664
0.08107789123259931
0.08107237091461166
0.08106640328420586
0.08109028930485195
0.08107935917312234
0.08108295802676924
0.08116426187561933
0.08117688388227956
0.08119257422746248
0.08122160578933914
0.08122737083414165
0.0812551601913059
0.08125404187649016
0.08127319922825094
0.08128607376513491
0.08131532052476481
0.0813186253996934
0.08136825197371637
0.08136152230441467
0.08137113972740795
0.08139504084385683
0.08139119323896414
0.08141644529753289
0.08144565988736727
0.08145548826893974
0.08145159609651698
0.08150664187762448
0.08149694638897935
0.08149740448092398
0.08152386448408135
0.08153463908313194
0.08153998446283815
0.08158814578206286
0.08160534062615485
0.08159274621845489
0.08160862177655896
0.08165015305017302
0.081642577229729
0.08172742172805289
0.08172417267872212
0.08174590221088615
0.08177076307185414
0.08178264010204678
0.08178753604869972
0.08180625269776008
0.08184458947940298
0.08187191529619552
0.08187021758123116
0.0819018407887781
0.08195670220045452
0.08195354097781578
0.08197817667446074
0.081965997503849
0.08198165332116916
0.08198705501247933
0.08201274576984066
0.0820143580779669
0.08203518538301242
0.08202485492073487
0.08208186705211322
0.08210726534790774
0.0821424029316396
0.08215235812742366
0.0821957167631449
0.08219678237298879
0.08223205470027632
0.08227028667884402
0.082291003431631
0.08228420183998228
0.08227901917271349
0.08228479956382787
0.08226998683969518
0.08228809730830162
0.08235846091534288
0.08237099222656268
0.08240337871115314
0.08238500573036288
0.08240560828007916
0.08243092217822512
0.08242002273175802
0.0824320350414224
0.0824668664942428
0.08245387627373375
0.08247350209949787
0.08246379289197406
0.08249466965050431
0.08248725482273693
0.08248900959835126
0.08248563333436083
0.08255782213642845
0.08255425448563876
0.08256170764154344
0.08260507899831303
0.08259127804911304
0.0825858430509475
0.08257039122448415
0.08259140276663118
0.08262806990385232
0.0826162814413624
0.08265818735516918
0.08269490918092072
0.08270296053848371
0.08271525141173956
0.08278410769417592
0.08278116424114118
0.08278375259632774
0.0828270735179137
0.08280908696539875
0.08281436414041331
0.08283408099974908
0.08288568720925109
0.0828720797363148
0.08289193294326257
0.08289209995715671
0.08292858619962552
0.08290880072066278
0.08288245081855408
0.08289493484770988
0.08297671870028137
0.08299041466398188
0.0829934061494703
0.08301103767149244
0.08300716334789777
0.08310352211651009
0.08309676661839191
0.08309601745325905
0.08309014777321008
0.08309022178885925
0.08321691469170632
0.08324418228765298
0.08325215824537995
0.08325539495792522
0.08326320950725984
0.08328622358898383
0.0832856830169111
0.08329641013165592
0.08329512343771475
0.08329129007130907
0.08329653951934664
0.08330702595454664
0.08329893265593993
0.08330258927691751
0.08335278736117044
0.0833440146030948
0.08335192973318746
0.08346759410228566
0.08349236922638141
0.08351566628470858
0.08349443186792112
0.08349446475336374
0.08349827158050405
0.08349535043254978
0.08350954043514501
0.08352881006439031
0.08353058450274232
0.08353320663178113
0.0835335394949112
0.08354016068947595
0.08354380980418313
0.0835487511816085
0.08355091236726937
0.08357212042179953
0.08357432853502908
0.08357116300956359
0.0835622218743907
0.08360576988481966
0.08363005739719853
0.0836269609157217
0.08362739350572719
0.08363939696229047
0.08365294877586751
0.08367880499706462
0.08366358714847381
0.08374828756184696
0.0837459216701181
0.08375949536932027
0.08375109270295295
0.08376593804919343
0.08375811952589404
0.08377714596699545
0.08376803755180143
0.08377071805349849
0.08378418408314205
0.08387978054672449
0.08386593258154844
0.08389325819629213
0.08387171565868311
0.0839277146598676
0.08392570436589386
0.08393894336178305
0.08395855670538079
0.08394580660425732
0.08394050968740233
0.08398619691856712
0.0839879907370548
0.08397893495478273
0.08397991407258147
0.08403602629588676
0.08403415122918989
0.08408620934299744
0.08407212129839457
0.08409068744576068
0.0840956340154708
0.08410182423868386
0.0840951833444598
0.08409889679107806
0.08408621862150607
0.08415970493688078
0.08416219132674804
0.0841562638886199
0.08418140713940561
0.0841937515062724
0.08418995898848097
0.08421103457302352
0.08420344639652662
0.08420262580246571
0.08420462315770828
0.08421721785068406
0.0842502157765147
0.08424613922501972
0.08425483372167808
0.0842562874722133
0.08425379906615141
0.0842564729683084
0.08427587695576699
0.08427092458451606
0.08430150795477812
0.08429758704004693
0.08431141634306483
0.08431380397704787
0.0843691789444963
0.08436182787361368
0.08436499315229816
0.08435356832395274
0.0843429741592936
0.08436297068014993
0.08437351033574271
0.08439839857274287
0.08441422719761472
0.08442877287787505
0.08441814053187367
0.08442881123557563
0.08442056575544664
0.084466744081463
0.08444445642973353
0.08442544746031985
0.084446639717261
0.08454012942424308
0.08453644083842429
0.08453524729335095
0.08454535552925245
0.0846162308301449
0.08461671090298868
0.08460167405773229
0.08460795842334201
0.0846500404865527
0.08463749709276404
0.0846603796102302
0.08465965790666304
0.08465231350074588
0.08470709844841252
0.08469890551899854
0.08470206490132129
0.0846888363495434
0.08470577575394736
0.0847053586633514
0.08474892855085468
0.08475581250108011
0.08475856690552333
0.08475314783069379
0.08476218713607131
0.08478709809855586
0.08478813028552493
0.08479087646269129
0.08478843811576876
0.08482606147781269
0.08483769342226165
0.0848568384763861
0.08485814707976799
0.08489822255213975
0.0848876911935168
0.08486740085004316
0.08486447075899647
0.08484873061775186
0.08488710487911631
0.08495167151803663
0.08494080501168144
0.08499006595410782
0.08498622141109964
0.08498690454407318
0.0850091217729031
0.08500969085636105
0.08500241407337127
0.08498850142327198
0.08499340452183521
0.08502211189982103
0.08504122885873538
0.08502846597194774
0.08509115230899279
0.08509525747569531
0.08509480880237717
0.08510056819147066
0.0851039408617606
0.08509649133958253
0.0850912306029701
0.08508093392643984
0.085090063766117
0.08512198561092495
0.08511198219465488
0.08513311628107019
0.08512784431368975
0.085146767650514
0.08514978844205381
0.08516577505550442
0.08517850486246446
0.08517971920017811
0.0851819994803207
0.08516618048504615
0.08519939465255921
0.08520168471160071
0.08523155214750254
0.08523642155442088
0.08530258199088983
0.08529306607016245
0.08528989599424952
0.08527981561926225
0.08527625693578846
0.085385501098093
0.08536392349301913
0.08537541747295395
0.0853631714090601
0.08538835813900818
0.08539173347894767
0.08540512831493123
0.08540865526229882
0.08540313802034696
0.08540310123345138
0.08541957162562794
0.08540166747173285
0.08540912603677739
0.08545599247821382
0.08553274030021807
0.08552146343959094
0.0855134121954574
0.08550877367551794
0.08550939362977605
0.0855328476265231
0.0855407383594838
0.08554902783394702
0.08553874965027483
0.08557411179066454
0.08555275033220183
0.08555156939918425
0.08562979557245978
0.0856233541754234
0.08561076307947793
0.08562794296039501
0.08563285349989047
0.08565180945046279
0.08572226114087059
0.08570042113133329
0.08570233901531535
0.08568458384139124
0.08568422733843707
0.08569396409919049
0.08568849151349307
0.08567558203525989
0.08567237276264916
0.08570925977227274
0.08571823738863894
0.08572030952347243
0.0857385103183498
0.08573867990643691
0.08575291614264792
0.08574343943096534
0.08575498480204648
0.085809282354436
0.0857941111924033
0.08581005978381973
0.0858196260567244
0.0858200062086139
0.08585870564079764
0.0858442267667668
0.08582782988635719
0.08581690774645778
0.08582277321868673
0.08582924375780193
0.08583632486392193
0.08586005538831387
0.08584722984139621
0.08585927251189664
0.0858611609695661
0.08588281945859626
0.08587887788235057
0.08589271621564927
0.08589541484328109
0.08592115786495977
0.08589625471485482
0.08589557896738073
0.08590371253706298
0.08590196710337054
0.08592745959181025
0.0859343530288019
0.085930357185958
0.08595742776849485
0.08595980978546455
0.08601556189919853
0.08601685381824306
0.08601545463147658
0.08601462532603214
0.08603627213308085
0.08605833099095936
0.08604650909399499
0.0860730626762425
0.08606165496179417
0.08606687053531899
0.08606161145080257
0.08606210094212102
0.08607062787218772
0.08608518995064321
0.08609982068378548
0.0860907727422244
0.08608888667458653
0.08614105298475422
0.08612217830795915
0.08614566761502088
0.0861398203085571
0.08613901331412722
0.08614472187452932
0.08614318888389094
0.08613895571239846
0.08617245483173105
0.08616987695037866
0.08619579211233268
0.0861925164709042
0.08621225522503259
0.08621561601485152
0.08630898873232096
0.0863031335772775
0.08629310291741904
0.08628999440626905
0.08628228993688676
0.08631459988327533
0.08633131478636935
0.08631124424825234
0.08632874921475094
0.08632196653471294
0.08631454200773182
0.08640516419757702
0.08638704360951144
0.08637617151542766
0.08636763485307691
0.08638876555159009
0.08639122124391244
0.08638294344864297
0.08641788968708362
0.08641220997290634
0.08642757261963299
0.08641679051871731
0.08640234684386247
0.08639892645060547
0.08641243741290437
0.08641231818174551
0.08645036284916215
0.08644150176424754
0.08646638865754779
0.08645475292699345
0.08647463764891801
0.08646899975485396
0.08647898668418429
0.0864676101234942
0.08647337260536368
0.0864770811675098
0.08646123288904506
0.08646135753104289
0.08649806854359217
0.08649004339004188
0.08650607318674365
0.08648782667378431
0.08648879834821956
0.08655385329008444
0.08656601963219103
0.08656613580078923
0.08655032653934674
0.08654099346979774
0.0865627968778562
0.08656785586027296
0.08655464789505311
0.08655857831978246
0.08654780599254626
0.08656921759407898
0.08657421649002255
0.08656836676526938
0.08657306731044231
0.08660402539429918
0.0865949658243565
0.08658237608581856
0.08665155873211933
0.08664856418486017
0.08665335608838257
0.08664908323339707
0.0866545587992566
0.08664860034035037
0.0866666275061548
0.08666891172544718
0.08667341014939182
0.08666657014363058
0.08666979411490465
0.08666577038552348
0.08669606586990986
0.08669220032562205
0.08669177796496241
0.08669320078974871
0.08670351892607314
0.08670632647836427
0.08670765632389608
0.08679155998200139
0.08677880121002932
0.08677435328292839
0.08678729055023589
0.08677680605553648
0.08678525663478145
0.08677418479817102
0.08678993451838045
0.08680446342671061
0.08680840632323085
0.08680621212098115
0.08683932357041892
0.08684283273804239
0.08685190188702857
0.0868524912470118
0.0868540089020081
0.08685286195563191
0.08686479392097336
0.0868565590216306
0.08686415044938782
0.08685018011221911
0.08690136003700286
0.08689142527738167
0.08690560986496608
0.08689640881433149
0.08693301640436733
0.08692554102524476
0.08695266904251774
0.08695437432029907
0.08696060636113713
0.08695544446419384
0.08695112190060082
0.08694405821745733
0.08697594661027373
0.08695901125921239
0.08698290021091876
0.08697268949215946
0.08697327599566217
0.0870489753257614
0.08703005398456654
0.08703804603003684
0.0870296328661726
0.08705684154867899
0.08706633440625308
0.08704749596655113
0.0870418781550679
0.0870723296447065
0.08707586711473285
0.08710861334414972
0.08710560870183492
0.08710366001631976
0.08711509741520622
0.08710271877500905
0.08710495922184328
0.08709383095573044
0.08710053865702395
0.08712134473484162
0.08711416050723207
0.08710472017334861
0.08710984209502796
0.08716036886910662
0.08715062283136552
0.08715119007193285
0.08714221542057193
0.08717263284718098
0.08717384052295556
0.08716828761557452
0.08715684228805275
0.08718021201167002
0.08718029238238277
0.08719165009873754
0.0871785961326503
0.08718573150386734
0.08718043944832066
0.08722452203955396
0.08723500187650671
0.08721343189914041
0.08721617602338395
0.0872100217641927
0.0872483921898455
0.08722659327829033
0.08722532498585557
0.08722466225484674
0.08721535636586149
0.08723754714382674
0.08723211458860775
0.0872548278786124
0.08725120875972699
0.0872567289413232
0.08724597343444201
0.08725594318000125
0.08725055215762752
0.08726179045831452
0.08725539772640244
0.08731417342458493
0.08730699973286975
0.08729982326811503
0.08729787175129948
0.08731203833445535
0.08730666165620433
0.08732075284202323
0.08730733294112562
0.08731574962277791
0.08729483856674959
0.08731503462809143
0.08731370338203401
0.08734887459146971
0.08734614996491027
0.08735821818951693
0.0873518682120346
0.08735186623829054
0.08734314447604184
0.08735901495059618
0.08735297414368828
0.08737155008622209
0.08736749671863171
0.08737284749482403
0.08743244612195217
0.08742901231401502
0.08743201599767997
0.08741962037571852
0.08740811059654449
0.08743784982019125
0.08743188642146849
0.08742601356087318
0.08745246320489093
0.08744810400928488
0.0874406028170658
0.08743999019763586
0.08743105625091628
0.08747052389271316
0.08747563718651004
0.08748148927619998
0.08747118068411933
0.0874742851638152
0.08748863378233863
0.08747457096992296
0.08746243331202241
0.08747023099140505
0.08747503346179575
0.08746154508625295
0.08747144096387177
0.08750202299235445
0.08749826638574855
0.08748381706386794
0.08750883527968946
0.08749710319777607
0.08749753700783189
0.08749784959234583
0.08748951357830984
0.08753211303378061
0.08753063368256828
0.08755458225626428
0.08756154713712794
0.08758015475871213
0.08757243219267531
0.08756740306366946
0.08756480741917202
0.08756526275989335
0.08758894959025934
0.08761648065153899
0.08761686150610638
0.08760358372255984
0.08759218393119049
0.08760266597596657
0.08758865437793276
0.08766247082296472
0.08764929212418565
0.08764829245252767
0.08768106191934735
0.0876632324454369
0.08767497973735855
0.08766919466904978
0.08769979852002308
0.08769339784241043
0.08768566373706217
0.08769470437713771
0.08770009742384394
0.08771688335949733
0.08770794050073488
0.08770995027473033
0.08773212817843942
0.087725102823527
0.0877125707157577
0.08774601345319558
0.08772976460730438
0.08773903710483327
0.08773692212039473
0.08772888144127819
0.08772639680501518
0.08772142384449444
0.08773701791084083
0.08772552536624222
0.08772403945742153
0.0877592156259747
0.08776317521077788
0.08781793728778076
0.08780297197004315
0.08783001243794664
0.08782635557941898
0.0878205400456772
0.08781320562761201
0.08780304632756296
0.087826449412037
0.08781866984100557
0.0878125681368491
0.08782707367729756
0.08782786736972514
0.08782234602892841
0.08783674879703778
0.08782522071965519
0.0878737249626761
0.08786262043737496
0.08785946661187956
0.08786681760987784
0.08792556867857781
0.08791130235449898
0.08790487298339812
0.0879114632380729
0.08791086560463665
0.08792016600588069
0.08792523003368874
0.08791229645378307
0.08791006130295481
0.08790950034274966
0.08789214638069529
0.08788145820032164
0.08789259655989033
0.0879495114852749
0.08793002889708305
0.08793193487027352
0.08794870123357601
0.08795301907327599
0.08796469321370924
0.0879580098647434
0.08796429020635338
0.08795130919803645
0.08796297169241465
0.08795442548030118
0.08799757908604555
0.08799063778893629
0.08798977456566211
0.08799017410992467
0.08798618816241878
0.0880057607202175
0.08799030194088403
0.08802498214793157
0.08800907078519431
0.08801196959101427
0.08800441981791943
0.08802499905178805
0.08804111424893403
0.08808940866956184
0.0880759500219492
0.08806029995745317
0.08805242274346868
0.08807510375298883
0.08806426080713724
0.0880577839618656
0.08805932804786855
0.08812396141330464
0.08812007991799994
0.08812166487818211
0.08810638243496366
0.08815629351422807
0.08814235084741869
0.0881491454992604
0.08814423566029275
0.08816486219605377
0.08814827685206408
0.08814865376605958
0.08814847397207336
0.08813422592149975
0.088139199609033
0.0881560139509925
0.08816447398671542
0.0881625087001449
0.08815490459026233
0.08815869797135528
0.088152298403548
0.08817811371313719
0.08817578603079049
0.08821750486561947
0.08819965055449301
0.08819477404747597
0.0881831726376891
0.08821499775204308
0.08820197327452314
0.08819844284795426
0.08821000925992839
0.08819235953216423
0.08819491997482633
0.08822215343066649
0.08820943540834063
0.08820709202288693
0.08820318533302972
0.08818793705433435
0.08817663609450073
0.08821649391687211
0.08821208559800152
0.0882098587389367
0.0882001845169038
0.0881999843841702
0.08820199263297683
0.08818268603923764
0.08817147295570363
0.0882552221327715
0.08824866485313036
0.08824222077185705
0.08824652710219791
0.08823354766812329
0.08828224151641458
0.0882687365470841
0.08825147891963703
0.08824858557253143
0.0882550277549094
0.08826189006119319
0.08826586222854758
0.08826696481108817
0.08826963089218072
0.08828670000016672
0.08827539347706291
0.08826368460205004
0.08833817623576184
0.0883234185433268
0.08834379328743822
0.08833218568976604
0.08832041694102154
0.08831871526050976
0.08832219769489545
0.08836695273498822
0.08836087387049582
0.0883591568580862
0.08834871851273801
0.08835912651220006
0.08834193709428056
0.08833930811973237
0.08833378130219137
0.08834499730271742
0.08835070513239945
0.08834880629654754
0.08833540011126065
0.08833782219743747
0.08833858066462888
0.08832241750868268
0.0883264808708796
0.08839482931877708
0.088379002835612
0.08839256025447276
0.08837234971955457
0.08838187194332887
0.08837830278480599
0.0883818741579215
0.08837531873038354
0.08837462596044834
0.08836874939113859
0.08837713971445056
0.08838117852760512
0.08838266991212185
0.08836600867787396
0.08838230002389177
0.08838317595856637
0.08838518136724405
0.08838993934086288
0.0883938099972147
0.08839384452053971
0.08840879155326566
0.08840302502619868
0.08840338206049876
0.0884127334419485
0.08840263160118456
0.08839884082023103
0.08841512862284098
0.08841374683030738
0.08840531059150843
0.08847255839469445
0.08847133367047316
0.088459275313533
0.08846858223972523
0.08849016026628892
0.08847738447128839
0.08849477936247044
0.0884894077992454
0.08848606505875922
0.08847783080187374
0.08848017344984468
0.08848512770751484
0.08848965702552879
0.0884900465131287
0.08853486675796977
0.08853371636638965
0.0885120910033009
0.08850257996141182
0.08855417338868264
0.08854649404424893
0.08854958062308751
0.08854724995840049
0.08856564692004414
0.08855707719436405
0.08855318156570094
0.08854404359931117
0.08853830750760193
0.08856062024328017
0.08854888119587041
0.08854875399289903
0.08857509959016717
0.08856617281590434
0.08856259035141283
0.08854868711152096
0.08857666742491199
0.08857149380693478
0.08857592334739725
0.08855906449968864
0.08857367145162685
0.08856689009541363
0.08857398988541956
0.08858700997613436
0.08857759932705377
0.08857687197216013
0.08859876230035263
0.0886000436640561
0.08862434942125584
0.08861557790570453
0.08861202204889053
0.08860131664528682
0.08860198524534345
0.08859784886746018
0.08859513776041712
0.08859438059273837
0.08861940812067337
0.08861000319582416
0.08860310509492017
0.08859635998285624
0.08864315466861612
0.088637235270199
0.08864974870733848
0.08864094449756403
0.08863753502690128
0.08862890545097311
0.0887069473709378
0.08870862795085614
0.08870044800172978
0.0886890953100033
0.08868129249243502
0.0886682561835024
0.08870283610002277
0.0886960940421277
0.08871344862247661
0.08870896096091294
0.08870369316758515
0.08872052768224276
0.08872223132223933
0.08870141763758402
0.08871239663750496
0.08871366456771285
0.08871064450776174
0.08871904283316255
0.0887148675165057
0.08873919775568012
0.08872850744111392
0.08872388617422604
0.0887224316260553
0.08871650862662299
0.08870636533881887
0.08872515522321985
0.08871738419800189
0.0887996116322535
0.08878142976003586
0.08878438359607613
0.08878232367738753
0.08877763259802254
0.08877389002454691
0.08876503669133098
0.08876386056727324
0.08875189916745846
0.08876655169683267
0.08875732918819855
0.08876697820591825
0.08875931332729335
0.08875050382074945
0.08875051383823708
0.0887571424579985
0.08875647064261076
0.08875194826303921
0.08878955390079152
0.08877684016430795
0.0887755110899615
0.08878896784543572
0.08878022910978224
0.08878373288068343
0.08877718376562123
0.08877606947860874
0.08878057805315513
0.08877324392006403
0.08879369967229672
0.08878119243490179
0.08879250313612537
0.08878718822368134
0.08881865406816775
0.0888220307126376
0.08881136056386064
0.08882027144977814
0.08881027829876212
0.0888134984409802
0.08880990696873473
0.08882681755341287
0.0888141817735964
0.08880755425381706
0.08884189934098574
0.0888350310725351
0.08884303374674281
0.08883690032652633
0.08885234296220967
0.08884096093297196
0.08887472640598212
0.08887639192829143
0.08886357878611428
0.08884847918791945
0.08885149840635592
0.08884523399180218
0.08883705929973086
0.08886481847732725
0.08885749474826882
0.08886210478244579
0.08886561447009135
0.08886211562233992
0.08887731905148273
0.08886751539275889
0.08889823195180696
0.08888775701164087
0.08888275712831244
0.08889586561980035
0.08890444304010386
0.08889136650773477
0.08888271624651667
0.08889002269119957
0.08888771303884463
0.08889371469885829
0.08889397070264962
0.08888679411318785
0.08888320090715283
0.08889290631902237
0.08888416900634116
0.0889397152508095
0.0889392736342508
0.0889473581471591
0.08893833814355365
0.08894083844417863
0.08893962024217598
0.08895921493000078
0.08896122369685891
0.08896084056412851
0.08897172767186406
0.0889815853583389
0.08897713201185938
0.08900419195638241
0.08900779237711258
0.0890011181880367
0.08899328417652744
0.08900213487908071
0.08900344104229788
0.08899536884186109
0.08898238991194657
0.08900027861127237
0.0890009891314101
0.08900226666882484
0.08899554023831695
0.08899607254105928
0.08900269569464293
0.0890014092278868
0.08905769187547592
0.08904895058633
0.08904754974851209
0.08903797656436033
0.089044864616237
0.08904356817363218
0.08902808807095082
0.08902450906859644
0.08903970490196479
0.0890432527038335
0.08904230036655353
0.08903627944950444
0.08904226315851023
0.08904766565968444
0.08904694792967713
0.08905522280801018
0.08905016085206664
0.08906720359469966
0.08907021356670444
0.08906398426159443
0.08907952342157444
0.08907293022747571
0.0890761394726998
0.08907221130858592
0.08906537492493577
0.08908039123782172
0.08907595786228693
0.0890800284484484
0.08907830620372031
0.08908126390837698
0.08907969543589848
0.08907877384137886
0.08908511785838616
0.08908515272757996
0.08908180708162937
0.08911674515840991
0.0891156194774593
0.08911756245269319
0.08912010154253099
0.08911098855581374
0.08911847809473167
0.08912794227043591
0.08911753682114668
0.0891112304545146
0.08911861130540524
0.08910388603070206
0.08912892576913022
0.08912310946400011
0.08917826117991551
0.08916352491380433
0.08917314099785029
0.08917049267681779
0.08916778658780555
0.08916687561459763
0.08916727970560508
0.0891737827754587
0.08916225916029064
0.08916688811090717
0.08915957742855862
0.08915345865421424
0.08915342738506832
0.0891932418540919
0.08919348446572582
0.0892069203977216
0.0892063180188161
0.08919683029747552
0.0891965591152176
0.08920044497060964
0.08919539108073923
0.08918907055251622
0.08920056454028141
0.0891980861916899
0.0892363710517103
0.08923531570483882
0.08922280333807904
0.08922492185729904
0.0892293240861283
0.08922434182312897
0.08922406105760541
0.08921346514544987
0.08921517748512112
0.0892198444320116
0.0892303863259302
0.08923841087894252
0.08922508912869603
0.08922720728163241
0.08922976446094016
0.08922458693587752
0.08922502263199523
0.08922693380032118
0.08923395198522689
0.08924412841289339
0.08925598664792397
0.08924461660917993
0.08924865982273074
0.08924699305425457
0.08924120296391555
0.08924286599396879
0.08926051313491778
0.08925201071210188
0.08925187580592106
0.0892498196793857
0.08925743346808529
0.08926777423071806
0.08927058548340795
0.0892708391918239
0.08926965395649046
0.0893050595394468
0.08929688498740293
0.08930334236216213
0.0893034337067239
0.08930047383065007
0.08930567610053289
0.08929901345553755
0.08933039117435981
0.08932407849141104
0.0893235622606091
0.08932938915771892
0.08932761638205032
0.08932852043908697
0.08934750028322469
0.08933474079045137
0.08934636715358549
0.0893421074976828
0.08933269117300308
0.08932854856407511
0.0893464351729862
0.08933806608224108
0.08934591525799129
0.08933733372614319
0.08934055997507313
0.08933942083300578
0.08936740013038827
0.08935699899836155
0.08934967210629739
0.08934671544425868
0.089347232698609
0.08935744568761025
0.0893634749146769
0.0893596707581171
0.08937882349148589
0.08936895238836697
0.0893844521614673
0.089385591418267
0.08941538669075351
0.08940720012834728
0.0894159772748734
0.08942328621585233
0.08941534016600348
0.08941296215342938
0.08942124359581687
0.08941829344983242
0.08941492393688052
0.08941297759692964
0.08942438649246622
0.08941606078322671
0.08941789095443876
0.08942668967012328
0.08942608421116677
0.08941457079748039
0.0894700849315831
0.0894714235273563
0.08948545212159512
0.08947381753417641
0.08949284642180835
0.08947542407350471
0.08945735536995031
0.08946282536700578
0.0894618713139211
0.08946151245030193
0.08947188926725876
0.0894663422067285
0.08947881477925301
0.08947300832018833
0.08946384088293369
0.089459220514558
0.08946960972413644
0.08948654649347848
0.08948854369633126
0.08947773867070448
0.0894795354963199
0.08948839613744225
0.08948589455253712
0.08949241765484066
0.0894875031743531
0.08948229065632138
0.08949976688974957
0.08949455061125894
0.08949489211808231
0.08948505420037875
0.08948422946563526
0.0894960112192356
0.08949762406831183
0.0894856644010147
0.08947855805527244
0.08951835129004522
0.08954918572100676
0.08953764205555144
0.08953042927681354
0.0895344287119824
0.08956476354009497
0.089559542937731
0.08956296650999326
0.08955308779169562
0.08954941069953046
0.08954443432414626
0.08954533050270565
0.08960961482569482
0.08960001004913973
0.08958926111736884
0.08958070990764609
0.08959088626971724
0.08959008761025636
0.0896229858309818
0.08961835441889812
0.08961653888620949
0.08962346347172735
0.08961957734380693
0.08961556879590656
0.08960763183382017
0.08960991391803119
0.08960223182623098
0.08959715314668358
0.08958921672179353
0.08962037468469905
0.08961904538312805
0.08960988356762492
0.08962065365169053
0.08961785861436077
0.08960852325429108
0.08959858530929253
0.08962018368930715
0.0896110484459599
0.08959870446596875
0.08960818231214061
0.08960277374744559
0.08959743402367266
0.08958580626571523
0.08959981942624781
0.08959223104300146
0.08963245442877052
0.08964023043792214
0.08962814965293439
0.08964333195184102
0.08965179576676817
0.08965186682376053
0.08966017493117513
0.08964586582904048
0.08964853164778151
0.08965682750864921
0.08965138039175242
0.08965692560465549
0.0896472309907386
0.08964385516476854
0.08965248999798288
0.08963973068499974
0.08963958275479425
0.08965463169013199
0.08964757602865052
0.08964334332844129
0.08963645342598225
0.08963763370802304
0.08965648250683511
0.08965011145881346
0.08964423364667033
0.08965169034914583
0.08965838370184798
0.08966804523393994
0.08965345807814623
0.08966554998811073
0.0896724885438327
0.08966352126766644
0.08966866646159635
0.08966955002649779
0.0896696359216635
0.08966827980198379
0.0896773951153081
0.08967000153957884
0.08967140464076898
0.08967592644891714
0.08968456783045842
0.0896792957226236
0.08967859069678448
0.08966752499793049
0.08966973985407287
0.08967928220284159
0.08967754146356198
0.08970689547949619
0.08970212839300329
0.08969757476128795
0.08969416655783312
0.08972356048156183
0.08972010821135924
0.0897259591953047
0.08972090764560237
0.08973233721864018
0.08972313281840891
0.0897259167238662
0.08971558441696492
0.08971017968653978
0.08970728809135196
0.0897136664218623
0.08972808087382515
0.08972183342230505
0.08972237304073534
0.08972460348470486
0.08972078848718007
0.08972331398972158
0.08972274060659219
0.08971776818487531
0.08974846779669297
0.08974557553192808
0.08974295735428996
0.08975444615397221
0.0897536017555154
0.08975054033196503
0.08975830116843315
0.0897547433701731
0.089742258994803
0.08974599411687298
0.08974794763264854
0.08974546386108756
0.08975831350474602
0.089771689885404
0.08976064147548293
0.08975709831277605
0.08976323891358172
0.08977013715738187
0.08976969036360595
0.08976146004225305
0.08977800977434258
0.08977461180382752
0.08976994766092115
0.08976615170647473
0.08976341494344647
0.08976024615969386
0.08975401137455948
0.08974813337736504
0.08975140986629876
0.08978102644749858
0.08977945388556162
0.08976975099769266
0.0897696599672891
0.08977429547689375
0.089774093188025
0.08976659537450307
0.08976355668887878
0.08976699526986416
0.08977019920334724
0.0897702952069869
0.08977146413129851
0.08977458510731316
0.08978058609987111
0.0897760035259817
0.08978744618384019
0.08978474866521831
0.08978745198046169
0.08978752178402385
0.08978475882171871
0.08978652861896957
0.08979149950653152
0.0897851657243872
0.08979701010417836
0.08979691310150793
0.08979481950106598
0.08978837577296807
0.08979497549191945
0.0897930898601972
0.08979379130673841
0.08979389741077351
0.08980976239341013
0.08979992776996386
0.08983131591508667
0.08982584471332856
0.08983231078598572
0.08983101088664637
0.08982758473379528
0.08981869160968987
0.08982133548317357
0.08982636870554395
0.08982944880470996
0.08982574242778348
0.08982295660840596
0.08982720124762929
0.0898306042845196
0.08983887129482163
0.08983368455871785
0.08984399700812022
0.08985389020645736
0.08985352065097969
0.08986158458985441
0.08985835486877233
0.08985860762191951
0.08985409270746136
0.08984880622679307
0.08985878076155854
0.08985053377367579
0.08985013740666267
0.08989769892479894
0.08989762403820323
0.0898869104074831
0.08988583063289866
0.08988692123815499
0.08988259503540832
0.08990269185985678
0.0898962085341458
0.08989413784705115
0.08989194616772435
0.08989958627132921
0.0899015127996075
0.0899120540427239
0.08990329876369867
0.08991269003859856
0.0899086364489323
0.08990267731434075
0.08990038199583271
0.08991431768956719
0.08992350601020284
0.0899193141084171
0.08993765931339244
0.08992891326245599
0.08994077301848168
0.08993574818804846
0.08993376149133785
0.08992523467718504
0.08992260664708338
0.08992575795185288
0.08992034711779637
0.08992248704412213
0.08992157411606058
0.08996688972876869
0.08995869396817142
0.08996728975287271
0.08996955768674295
0.0899645885042956
0.08995660725002927
0.08995699450353102
0.0899748497224248
0.0899740200969388
0.08997143383039323
0.08997675996359197
0.08996783138787004
0.08996911859790922
0.08995765027055534
0.08999303807526145
0.08999453222068794
0.08998977825688531
0.08998821321400838
0.0899934121136735
0.08999270056080526
0.09006389746490641
0.09005005036290062
0.0900452065326815
0.09006360311149127
0.09005757104788661
0.09004682266353478
0.09004687195202679
0.09004909600861682
0.09005034835499906
0.09004510536831478
0.09004393766661366
0.09004248820699895
0.0900409074624176
0.09005184307917778
0.09004473661848077
0.09006023914268324
0.0900610123010756
0.09005472437339603
0.0900514546927474
0.09004587185526566
0.09005860988061569
0.09006102892877332
0.09006098680057785
0.0900562001657633
0.090048899939327
0.09005086864740598
0.09004481479575743
0.09004664240252784
0.09004335676927261
0.09004249412676052
0.09006088612979722
0.09005411071518438
0.09005092044181731
0.09005184236013228
0.09005328441036181
0.09004924209550721
0.09004530626651427
0.09006060014244438
0.09005692621830884
0.09005724111161119
0.09005988925668841
0.09006456324502264
0.09005312343042512
0.09007491348938433
0.09007220592526693
0.09008186159676954
0.09007503313786171
0.09007311423261909
0.09009263028973294
0.09008205153368354
0.09007848232705469
0.09009442986742557
0.09009585580429645
0.09011013508431985
0.09010013968292269
0.09008963225536386
0.09008194503775627
0.0900944113483002
0.09009587426322728
0.09009177590167278
0.09008513574706058
0.09009812914450481
0.09009048989586431
0.09008448680415539
0.09008759416245089
0.09010126981784644
0.09009916222972808
0.09008678460143248
0.09009489108878081
0.09009674606348152
0.09009035604629828
0.09009257561947744
0.09009134313236804
0.09008786824162555
0.090094619345878
0.09009336335028023
0.09008756720067385
0.09009977523629116
0.09009595589633183
0.09010042410348473
0.0900957670763749
0.09010848644296203
0.09010408896387428
0.09010702762724322
0.09010504675797783
0.09010794815501684
0.09010456664393476
0.09010092811615371
0.09012346864352343
0.0901215490398806
0.09015438064616293
0.09015272899437154
0.09014004465108882
0.09013678532921868
0.0901417975293626
0.09014168890798067
0.09015561367861559
0.0901544188350777
0.09015404530106719
0.09015692979078496
0.0901650556727208
0.09015753205891416
0.09014733069619833
0.09015085864887426
0.09017343258336247
0.09016810427928992
0.09020121116804351
0.09019111031881807
0.09018697344421314
0.09018249501457141
0.09018866548519375
0.09019442642045616
0.09019008912315948
0.09018802344130424
0.0901863509873258
0.09018433008983416
0.09018181112508297
0.09017932781477526
0.0902174316201587
0.090214973372896
0.09021847521626353
0.09021112754181546
0.09022105997394064
0.09021106556422712
0.09021817978925732
0.09021192008500009
0.09021054558334148
0.09020825163697388
0.09024573876295498
0.0902466378276239
0.09024108646099675
0.09023663002484636
0.09025066206282
0.09024545512759034
0.09023741735644702
0.09023800855220807
0.09025276020694156
0.09024925659739207
0.09023742445612981
0.09024628081152156
0.09027405908016965
0.0902627930689656
0.09025245840670788
0.0902613077502914
0.09025638721502574
0.09025098232311496
0.09024379475240783
0.09024887701788455
0.09025419613404068
0.09024937996458758
0.09027746306973197
0.09026869051185739
0.09027112070324228
0.09027068408133637
0.09027405351815462
0.09027027590240584
0.0902670803675002
0.09026195888253258
0.09027865854878746
0.09027304997266859
0.09027183890229123
0.09026465274445049
0.09027035685253007
0.09026166256840014
0.09026334954633736
0.09026920126898648
0.09026449404965385
0.09026474154650871
0.09026318263044447
0.09026209526868093
0.0902657278592001
0.09027164952736694
0.09027037600480135
0.09029587204167061
0.09029353969561076
0.09029227290669241
0.090284739219032
0.09029200834322854
0.09030707458605715
0.0903011753744341
0.09030242702431737
0.09029084798761808
0.09028474271906566
0.09029927254659052
0.09030950352128905
0.09030134957456129
0.09031401500213747
0.09030783930782652
0.09030967521256421
0.09031351848737024
0.09033756285040558
0.0903328549522124
0.0903273298167501
0.09033256082940443
0.0903460134190175
0.09034496849965298
0.0903418204722812
0.09033599178808763
0.09035358291786993
0.09035197237542512
0.09034584867756995
0.09034139740711208
0.09035949692518812
0.09036103763403665
0.09036933305262428
0.09036596520492227
0.09035721619727068
0.09036660308942135
0.09036636389994497
0.09037026949060274
0.0903639789041118
0.09036684350885028
0.09035679506910495
0.09036058943873387
0.0903704387223361
0.0903701952395223
0.09036849830427378
0.09036645907831764
0.09036358157282
0.09037269341114341
0.09036307360191724
0.09037144980145474
0.09036815806523546
0.09036294474247575
0.09036107774221856
0.0903859125793161
0.09037777966014145
0.09037965504276266
0.09037727755657321
0.09039186893220387
0.09038887092505266
0.09039728577173768
0.09039899730606017
0.0903962794036298
0.09039823303564211
0.09039194511400107
0.09040133208191106
0.09039268001523332
0.09039083783118533
0.09038965351982645
0.09039962640444532
0.09040472730541975
0.09039713497831295
0.09039992301507742
0.09040575761210368
0.09039965955490206
0.09040575565363916
0.090409622845321
0.09040598221524423
0.09039968602529068
0.09040980709738021
0.0904141636738294
0.090411083520569
0.09041432168600709
0.0904508961858042
0.09044598328538501
0.09043455777424265
0.09046182898891474
0.09046573223999313
0.09046138771524088
0.09045199519418451
0.09045755656708125
0.09045628040371105
0.09045016086283109
0.09044668808857945
0.09047008131251555
0.09047053734433953
0.09046605290617014
0.09046596147208512
0.0904628629015431
0.09046227783019586
0.09045542582657734
0.09045575801474684
0.09047429755241937
0.09046206064411036
0.09046265580317082
0.09045473145127432
0.0904522835889905
0.09048423635096857
0.09048073877752903
0.09048297532078704
0.09048002750252208
0.09048429613592732
0.0904767753222569
0.09047140635289094
0.09049069619877748
0.09048241319256188
0.09048104726046007
0.09048551261827295
0.09048345573392398
0.09048829266486287
0.09048249703477491
0.09047733463237212
0.09048813791957898
0.0905052099950074
0.09050058358841928
0.090506543262956
0.09050104403888098
0.09049807245813307
0.09048404645724206
0.09048902108300103
0.09050727705416191
0.09050176425205544
0.0905080007870017
0.09050243053790616
0.09049809976356814
0.09049432126734351
0.09049239111769149
0.09049355576952903
0.09048880071143768
0.09049414608653504
0.0905095576309852
0.0905092116405708
0.09050809468824247
0.09050734784910631
0.0905005944547853
0.09051128827830603
0.09050529002774786
0.09050601818370796
0.09050224646859217
0.09049263462631141
0.09050853501004977
0.0905077067945306
0.09054180618201658
0.09053255989691984
0.09053336043908863
0.09052946756727388
0.09053869995459811
0.09052755574545192
0.09052005714658708
0.09052170871728103
0.09052514607446452
0.0905181342989977
0.09051766565434151
0.09050966823857236
0.0905198581309425
0.09051873689986503
0.09053026631185458
0.0905240373506648
0.0905288022392427
0.09052336125697656
0.0905246382371913
0.09056783507201165
0.09055504149198604
0.09055293729208237
0.09055833624702517
0.09055627263403594
0.09055226345291861
0.09056661792794313
0.09055757706252064
0.09055728022393131
0.09056210333598404
0.09056207542658704
0.09055577853130234
0.09058237248054546
0.0905752520922694
0.09057836780092468
0.0905747867094201
0.09057136060489358
0.09056980318313126
0.09057564348557991
0.09057511387963171
0.09057058499272365
0.09057967168130214
0.09057247710727835
0.09056914206678565
0.09057316023576743
0.09057053876545472
0.09057765958842319
0.09059640759762504
0.09059145700807418
0.0905876726981188
0.09058817813958513
0.09058082418759285
0.09057735231669536
0.09058985267767046
0.09058290796887203
0.09058615101799207
0.09058190519702249
0.09062014616511899
0.09061592472660736
0.09061881029401753
0.0906131273907006
0.09061868357425346
0.09062474516673219
0.09061249432359841
0.0906041898939177
0.09062290829135906
0.09063391354316713
0.09062394988620734
0.0906312629114941
0.09062658393908107
0.09061797056526125
0.09062109229741708
0.09062840847589533
0.09063016746980478
0.09062803997622493
0.0906200732893555
0.09061285243035196
0.09061665108339352
0.09061077115590901
0.09060842920837883
0.09064675742703464
0.09063722808813846
0.0906402211472078
0.09063464311736652
0.09063460446410505
0.09063388263922614
0.09063785221678383
0.0906356804138153
0.09064533890443413
0.09064392346466424
0.09064547885492505
0.09065030786284353
0.09064606895488074
0.09064271125393522
0.09063517912117466
0.090636493704668
0.09063051088375684
0.09065196644930863
0.09065176491633864
0.09064899689261097
0.09064081578919443
0.0906443820292013
0.0906865994885149
0.09068484030589721
0.09068452204969206
0.09067947894154148
0.09067833435382183
0.09067937179686326
0.09067307188756521
0.09066786984990272
0.09067404793396541
0.09066675467048144
0.09067060624263781
0.09066928529090229
0.09067508919836711
0.09067170647601719
0.09067023573202204
0.09067528897792278
0.09067496837349656
0.09067132545860332
0.09067030531677522
0.09066876129609398
0.09066573833310355
0.09066741261642558
0.09067510810970818
0.0906770881950976
0.09067071056601746
0.09066632313479973
0.09067155737916899
0.09066521343356225
0.09066712382923757
0.0906680476773123
0.09067044098673097
0.09066400499686993
0.09066828826478794
0.09066854424081093
0.09067107473071398
0.0906731207599328
0.09067238588883424
0.09068379220963284
0.09068634078537695
0.09070477678718253
0.09069992935132691
0.09072470618101816
0.09071402157993921
0.09072405995635974
0.09071726695051795
0.09071415903953275
0.0907060035955801
0.09070763614475238
0.09070894417146624
0.09070174797109397
0.0906982067837379
0.09070357153216396
0.09069546685198587
0.09071229996939188
0.0907139620860116
0.09071042619911387
0.09070974334177404
0.09070537380598227
0.09071177630863793
0.09070682007192699
0.09070352305225456
0.09070665986133922
0.09070081597112405
0.09069999570683103
0.09070131694092048
0.09069610343929349
0.09070292240046755
0.09072546694354018
0.09072150879800432
0.09071044956021213
0.09070903109175814
0.09072819010220548
0.09072362141754196
0.09073998067918189
0.09074252546493267
0.09073676379602648
0.09073337500023886
0.09074843723501246
0.09073871692574878
0.09074566758037196
0.09074928621887023
0.09077262627479438
0.09076646777193786
0.09076664183113087
0.09076077746484164
0.09076055174777604
0.09077328919163913
0.090777874434666
0.0907726202057157
0.09077793971413743
0.09077654849503446
0.09076430794523897
0.09076341180181637
0.0907638314812165
0.09076455574305109
0.09075996087426635
0.0907581367940636
0.09076231585832738
0.0907665011461436
0.09076808246362741
0.09076496558035124
0.09076180374871254
0.09077054224258428
0.09076724464349982
0.0907780932041352
0.09077330307517754
0.09077349028901949
0.0907739992227738
0.0907685695798063
0.09077448745784764
0.09078469424060759
0.0907822020710515
0.0907862960863736
0.09078106877786135
0.09077496629353252
0.09077322699261671
0.0907727727757418
0.09077361721970534
0.09077988334135224
0.09077587633045567
0.09077944861659847
0.09077187861958957
0.0907853963768177
0.09079988900050191
0.09079383888254468
0.09078962776296576
0.09078811648205105
0.0907979428409826
0.09081225496514443
0.0908070326865116
0.09080936599013875
0.09080371793428615
0.09081119384608345