0.0001299297885936159
0.00016236511420360342
0.00018339702751681084
0.00020881909749248387
0.00023584015833842168
0.00026757180230805694
0.00030760940278256455
0.00035970226350194644
0.0004122785563006378
0.00046345289606933174
0.0005397672270825519
0.0006185565812029608
0.0007420023252860161
0.0008351686835964122
0.0009894224607284125
0.00113235216551899
0.0012857490577138301
0.0014325436346405618
0.0015608935198018915
0.0016661689061491943
0.001765249121094675
0.0018113847790125648
0.0018959193910062636
0.0019522204668925589
0.0020530653236148617
0.0021454279369213496
0.0022721761490507738
0.0023214885896832766
0.0024598082173101677
0.0025382058553830985
0.0026558712417926967
0.002728771966843904
0.0028728583566603755
0.002917289823603552
0.0030266164124883766
0.0030998581177459255
0.0032070545470073257
0.003254120853350294
0.003378754460829909
0.003420921592367467
0.003501390047456194
0.0035585475249219727
0.003650750320895303
0.0036706050591448565
0.0037642283528879525
0.003798163311973032
0.0038617310519292805
0.003899819096225439
0.003977179653127689
0.003987547725086789
0.004054132664034033
0.0040819824053443515
0.004133356725294818
0.004157756143732649
0.004229781790693684
0.004236693031257168
0.004280921771737947
0.004306564678195485
0.0043485406235658575
0.004363276442662289
0.004426101383961285
0.004429078039831194
0.004459444272281294
0.004482515368611221
0.004513151127200001
0.004525962840082369
0.004580363103936886
0.004578728743642644
0.00460366048314575
0.004622483797920964
0.004646193864344129
0.004658489390357002
0.004703692190412875
0.004698159593771724
0.004721313849854718
0.004735099964119349
0.004754624015043934
0.0047655425446705155
0.004801883987342653
0.004794439435424914
0.004815971316986931
0.0048271491673757905
0.004842857256138082
0.004853620553560591
0.0048802047700268565
0.004869844426180725
0.004893801775429007
0.004900157356523051
0.0049149769439801256
0.0049214935448745585
0.004948862762353644
0.004939374582809634
0.004956893654093141
0.0049630355960800015
0.004976594955075841
0.004978451726250965
0.005005748877885012
0.0049979248155313455
0.005011781458721337
0.0050172617190245095
0.005028130661103674
0.00503194400811594
0.00505550211012369
0.005045561380526818
0.005059702263651542
0.005063423276122282
0.005073324139242993
0.005074965254061031
0.005097708897685991
0.005088616379606114
0.005099919669889927
0.005102860114027215
0.00511128717219081
0.005111954192040331
0.005133278620719958
0.005123992566829716
0.0051337133272724
0.0051367183703301044
0.005143037412704024
0.005144852603880193
0.0051619358058338964
0.0051515024485971036
0.005163170048409257
0.005164264735422137
0.005170959800081537
0.005170945844127916
0.005188525880461998
0.005179569560924965
0.005187451874861096
0.005189675054244929
0.005194724917056846
0.005196222934343858
0.005210853955507159
0.005200715812834264
0.005210402561524971
0.005211150144560845
0.005215469885310529
0.005216390042224968
0.005229956268118378
0.005219967851532369
0.005227921470698321
0.005229290160521436
0.005232762044345351
0.005234018553103986
0.005245151953870275
0.005234787000561492
0.00524470672331194
0.005243189382051282
0.00524763393832036
0.005246138256415751
0.005259029773136985
0.005250055709645469
0.005255888760125542
0.005256295824194242
0.005259595661104279
0.005259979584065884
0.005271644774991375
0.005262602601468478
0.005269021957280159
0.0052693428653294416
0.0052715585020171605
0.005272612959506591
0.0052794254700589
0.005271178488689474
0.005283738293026234
0.0052789920742749505
0.005280832932818601
0.005281838655861441
0.005284721613720051
0.005283532430980268
0.005297141011323309
0.005289987916291499
0.005292333470732297
0.005292995950325522
0.005295496227923096
0.005293081375552646
0.005305748031909626
0.005298272538202794
0.0053002506479920995
0.005301337997234721
0.005301927537144909
0.005303331341873557
0.005305534346185448
0.005307324310645938
0.005305549346762223
0.005317580318622542
0.0053117313202975846
0.005310569808420649
0.005313191806669857
0.005311064792126897
0.0053174697228535964
0.005311879478057966
0.005318602506928575
0.005314247274639761
0.005317023307480065
0.005315429741381362
0.005321565774717643
0.0053147600994104295
0.005319787737066312
0.005317000411245374
0.0053199260375269225
0.0053168466597306695
0.005326272680395147
0.005320023381128354
0.005321236733324497
0.005320629539812725
0.005322458955838318
0.005320132845717722
0.005331246533683834
0.005325131905863967
0.005325552549872869
0.005325888022387814
0.005325628781575267
0.005326748323524809
0.005327393395298041
0.005332178462380898
0.0053257854258666505
0.005328646802080385
0.005327810726900293
0.005328823419422873
0.005328279114933735
0.005336111216228935
0.005329813810555753
0.005330332328598917
0.005331737009193096
0.005329535789926141
0.005334250315979912
0.005328999304761108
0.00533305384485749
0.005329762733588792
0.005331732987429855
0.005329042076655602
0.005335370904787716
0.005329746579300458
0.005331163758782831
0.0053303004388410785
0.0053314657923752085
0.005329025200882004
0.005338706658747079
0.00533295615683267
0.005332295055661317
0.0053321195905068125
0.005331855721857834
0.005331633670257433
0.0053339738939099275
0.005329397596355254
0.005334971106565145
0.005330692688935332
0.005332593612736683
0.005329886926842274
0.005333533115639913
0.005328325424770964
0.0053321442772488225
0.005328532999633492
0.0053301544810895
0.005327463945190491
0.0053317305644280276
0.00532613908569638
0.00532883759943888
0.005325873336516964
0.005327608555805713
0.005324019943756373
0.005330173661343817
0.00532495469352137
0.005325374812525704
0.0053243506094991875
0.005325098812374763
0.005322929508121066
0.005330847612506266
0.005325589242417595
0.005324875959154674
0.005325097762547585
0.005324107279943284
0.005324864084532071
0.00532463514285439
0.005326898472501979
0.005322284768562456
0.005324541399859635
0.005322306715892172
0.0053229129301811135
0.005322553841060578
0.005325524881352334
0.005320375903539785
0.005322736374530971
0.005320795692930908
0.005321399635234178
0.005320641436695394
0.005325082235025396
0.005319944944872853
0.005320909521995839
0.005320543532615944
0.005319812652629764
0.005321555629993013
0.005317871833808824
0.0053229256518555305
0.005318909873621239
0.005318950954706434
0.005319014846470952
0.005318568011396268
0.005320486829158282
0.005316686442470059
0.005321700170978189
0.005317701482798317
0.005317075351025335
0.00531778179192517
0.005316359758512458
0.005320333272633738
0.005316028799801421
0.0053179573876752165
0.0053157099144467805
0.005317140960198416
0.005314323505115135
0.005319916905776791
0.005315568651813629
0.00531537974197424
0.005315114684819725
0.005314978939364357
0.0053151276659701195
0.005315302344509363
0.005315834251339444
0.005314661966979145
0.005319772713788196
0.005315045574953609
0.005314530767538658
0.005314896313730628
0.005313135486282742
0.005317190648245197
0.005313008814684471
0.005314207166280941
0.00531245577685268
0.005313862005270615
0.005311089127796912
0.005316700255536033
0.005312657371418581
0.005312309133886301
0.005312083671391109
0.005311960688137594
0.0053125477651029245
0.005311431111059875
0.005317168893844011
0.005312819692087262
0.005312004963265904
0.005312189070915753
0.005311191786691605
0.00531384252834056
0.005309982620503465
0.005313134700104542
0.005309833866177375
0.005310530770291096
0.005309418084498787
0.0053123725145629045
0.0053080482649468345
0.005310581182895233
0.005308250354207684
0.005309542918966851
0.005307148241758118
0.005312111692427316
0.00530794137445946
0.005308060341904385
0.005307717119128904
0.005307869812589649
0.005308054552059008
0.00530889096540225
0.005306165365826891
0.0053120404605100455
0.005308567720118376
0.005309219770016254
0.0053075337966156395
0.005310095515994323
0.005306235113727611
0.005309637590426726
0.005306506419305873
0.005307568546850676
0.00530566608113981
0.005309102474905926
0.005304939954263465
0.005306958646837589
0.005304703696747173
0.005306433609329841
0.0053036805163795804
0.005309350369652522
0.005305374783477336
0.005305474460392711
0.005305279353967063
0.005305833493994324
0.005305535354372994
0.005309644558486298
0.005304763700691661
0.005306707005940282
0.0053057488551542355
0.005306644874704233
0.0053058066897945485
0.005310802412181625
0.005306052582898568
0.005307370130744691
0.005307386927244472
0.005307669830319794
0.0053093019713451265
0.0053072902112441915
0.005313181995915695
0.005309642022657429
0.00530878972542634
0.0053104307197334956
0.005308473488938987
0.005313276830435706
0.005309488824064107
0.005310807863456995
0.005309970786266178
0.005311609321291721
0.005309492436922977
0.005317379365103205
0.005313492380456846
0.005312615352760652
0.00531342990756503
0.005312906599856335
0.005314689930454192
0.005313182472404472
0.0053193666452250755
0.0053157660537370395
0.005315312525218907
0.005316748325938534
0.005315381816177414
0.005319981286717397
0.005316317978751593
0.005318242673590794
0.005317326172985645
0.005319196526912584
0.005317222286165125
0.005324389820875923
0.005320599346138175
0.005320402814091367
0.005321456203556876
0.005320945835263569
0.005323795898055723
0.005321048178476692
0.005325557026955136
0.005322901025278983
0.005323758131151917
0.005324274504452421
0.005325882464255524
0.005324068227067613
0.005332627373938741
0.00532935912675181
0.00532829781423133
0.005329390084400617
0.005328834401001672
0.005331561790628045
0.005328810134616858
0.005333551760659439
0.005330610141232922
0.005331766338858342
0.005331808257391633
0.005333814255130288
0.00533080566924651
0.005338074863397933
0.005334915744586756
0.005334406439036103
0.005335503341771505
0.0053351063285431155
0.005338505076514652
0.005335271211950011
0.005339006567465076
0.005336959318955632
0.005338574168087683
0.005337761477049329
0.005342478774269193
0.005338612597210582
0.005340487940694956
0.005340631047260539
0.005341523278615798
0.005342438200072521
0.005342920159209272
0.005351064785555434
0.005346995818721918
0.00534673506921773
0.005348055306767693
0.005347269461605647
0.005350193010209105
0.0053478369706076
0.005353036018730121
0.005349975311125489
0.005350959356075416
0.005351759360401951
0.005351942180812064
0.005355731328221
0.005351985215695278
0.0053559039162711175
0.005354461158804316
0.005355878062212682
0.005355130502994863
0.0053607705254127445
0.005356883883425054
0.005358191662633586
0.005358898609797724
0.0053590657371934665
0.005362493963844935
0.005359159048240115
0.0053629092891714775
0.005361134521245637
0.005362661276213989
0.005362336515198255
0.005366827267270123
0.005362853135882591
0.005365153275586354
0.005364987827369804
0.005365980770184925
0.005366257489418086
0.005369816661786597
0.005365722049909498
0.005369256303248161
0.005368374902113621
0.005369556486504379
0.005369098937878132
0.005375062516606456
0.005370962174702077
0.0053716267730450195
0.005373072579549155
0.005372024155847409
0.005376074830268782
0.005372809046917809
0.005375022863359891
0.005374080563233489
0.005375890472792641
0.0053742375950608335
0.005380441013529723
0.005377094828706541
0.005376727287551818
0.005378329176790029
0.0053768197983388765
0.005380779961761508
0.00537763313676913
0.005379238521470953
0.00537846760105325
0.005380413439151754
0.005378243474686651
0.00538416084102267
0.005380991809950841
0.005380489832077481
0.005381833780498639
0.005380578565206379
0.005384495855547962
0.005381323910693049
0.005382898423370493
0.0053819779059339524
0.005383705394437955
0.005381730304849163
0.005387872337835833
0.005384565755219838
0.005383964727921617
0.005385037130073044
0.00538389295132623
0.0053876023390864
0.005384394878145181
0.005385920619998363
0.005385022354261134
0.005386753469702332
0.005384592012653375
0.005390029205403691
0.00538695152437678
0.005386442693147792
0.0053873929438076175
0.005386342541512356
0.005389933812964947
0.005386729187247574
0.005387975282462915
0.005387261180909864
0.005388757412677232
0.005386892238471021
0.005392656930024181
0.0053892602019270175
0.005388579426891687
0.005389843834544687
0.005388419737833812
0.005392219929211546
0.00538907722275121
0.005390256012993653
0.0053894972370148245
0.005390828402224946
0.005389033174144296
0.00539458756788466
0.005391247068544159
0.005390584058921284
0.005391611724328265
0.005390363224355364
0.005393109905138577
0.0053902266145234275
0.005392065676185601
0.005390479713414902
0.005392271192673805
0.005390074962237162
0.0053935321907744235
0.005390641006929239
0.005391273055623604
0.0053912021821500246
0.005391534653848692
0.005391002905629389
0.005397034803784475
0.005393260115038022
0.005392474107434315
0.005393261385445904
0.005392072009154809
0.005394349051962143
0.0053917287385238264
0.005394071884575089
0.005391883617001013
0.005393018756178048
0.005391907056106785
0.005394150997378701
0.005391035470491064
0.005393276882338001
0.005391667299962922
0.005392838528668866
0.005391224663498731
0.005395511210375208
0.005392302245048031
0.005392074242261115
0.005392456681863067
0.005391839791663927
0.005394355622255276
0.005391214934189246
0.005392952372615488
0.005391448444440933
0.005392546600787809
0.005390768736613312
0.005394892760331658
0.005391743027272729
0.005391698131540353
0.005392105785575105
0.005391440459288242
0.005394016963108591
0.005391018238001032
0.005392228088312953
0.005391213373957159
0.005392268370457584
0.005390569036776632
0.005394615280104664
0.005391496899179201
0.005391103764716543
0.0053917793589847805
0.005390496365562866
0.005393620727404025
0.005390634902824646
0.005391155228152882
0.005390705946043932
0.005391258884440664
0.005389969890874605
0.005395340404633772
0.005392243734740325
0.005391187408096946
0.005391682672947084
0.005390851174249776
0.0053920852148228865
0.005389901172755659
0.0053926411656088896
0.005390150478632999
0.005390225452632777
0.005390382200875462
0.00538959952709103
0.005392096618638476
0.00538875406750383
0.005389757096675694
0.005388971175005848
0.00538977099311908
0.005388321045396774
0.005392487621834986
0.005389274216991183
0.005388686835052569
0.005389272854465175
0.005388155816063529
0.005390360687474064
0.005387616164671361
0.005388724656490231
0.005387447264048727
0.0053887921467858195
0.0053866212451337365
0.00538922268699283
0.005386556417817112
0.0053867352678276855
0.005386580894929291
0.005386422310112577
0.005386682818507395
0.0053858403427204425
0.005389083694641087
0.005386028353303025
0.0053861706047533915
0.005385384573049487
0.005386430224492151
0.005384526735570439
0.005387826640176406
0.005385060245908969
0.005384704852450872
0.005385070610384176
0.005383888348217626
0.00538670088209281
0.005383872976389459
0.005383985745313603
0.005383699268859175
0.0053836687536565585
0.0053832104792740495
0.0053853096557565615
0.005382041115650121
0.005382679729371798
0.005382513695013478
0.005381997353543022
0.005382984127787975
0.005380684460699865
0.005383640962777763
0.005381244545671942
0.005380764961336137
0.005381004523921212
0.005379992935575188
0.005382769089566761
0.005379825374170794
0.005379725204362895
0.005379555719862755
0.0053793460368406305
0.005379390356633259
0.005379162499373657
0.005379135471470386
0.005379465071618643
0.005377865586827901
0.005380323985781192
0.005377890282043185
0.005378152396403312
0.0053772312645583775
0.005377772875441576
0.005375505581067033
0.005378589271702916
0.0053761262671497825
0.005375488041269836
0.005375480364434805
0.005375241177882786
0.005375024586862669
0.005375246075895915
0.005373789948357781
0.005376147408948247
0.005373342851502174
0.005373198109201947
0.005372939366150274
0.005372837332902957
0.005371481713942223
0.00537631058756936
0.005373457342659372
0.0053721060187688725
0.005371951857398774
0.005371417557638544
0.005371733002253339
0.005370410150972268
0.005373250697089561
0.005370562532004031
0.005369962319250719
0.005370159004091939
0.005368731882723059
0.005371275172097401
0.005368573806413714
0.0053685092516067455
0.005368049760205464
0.00536831409432576
0.005367000101979493
0.0053704065161726735
0.005367446429925593
0.0053666029563761136
0.005366817924388175
0.0053659233698913995
0.005367018471616981
0.005364704019592907
0.00536619649433342
0.005364272738584751
0.005364773586206391
0.005363617025038591
0.005365245203476733
0.005362656343671325
0.0053631973708243115
0.005362226716110396
0.005363096610320037
0.005361112923671043
0.005363340430557891
0.005360934448122914
0.005360691385726357
0.00536065942277164
0.005359775009865689
0.005361803065815457
0.005359042734281704
0.005359245158934931
0.005358443769266631
0.0053590128218386265
0.005357357672780435
0.005359952327380374
0.0053573311556664
0.005356863055611317
0.00535675897298155
0.005356149826251162
0.005356907017210322
0.005354614633293665
0.005356264018224249
0.005354339230190058
0.005354313632973043
0.005353927267811605
0.0053538211784152035
0.0053531085466313345
0.005356375630548999
0.005353491649830763
0.005352653068941213
0.0053526147879280955
0.005351827028101839
0.005352633260632222
0.005350592841168461
0.00535243158585808
0.005350372617688893
0.005350271349107491
0.005349792815661591
0.005350020581689842
0.005348359950587713
0.0053519781175195335
0.005349516416830903
0.005348476436268297
0.005348326178429126
0.005347792671793115
0.005348282757962788
0.005346333702995292
0.005348843462355258
0.005346660604997828
0.005346058617882024
0.005345780508445618
0.005345489898222155
0.0053458859732441215
0.005343770486747648
0.005346556235251654
0.005344490441291973
0.005343748119857717
0.005343326869805545
0.00534330829817952
0.005342694331391288
0.0053434732218436065
0.0053408311229113485
0.005342336779392767
0.005340998935041638
0.005340889443635283
0.005340186448151064
0.005341742696932323
0.0053390861315560515
0.005339365283937477
0.005338709392498107
0.005338892448962063
0.005337508926950073
0.005340218594986812
0.005337551678376166
0.00533676042829178
0.005336722951691817
0.005335983655619066
0.005336698798864389
0.005334769253888659
0.0053365547733873345
0.005334652501868069
0.005334234571977573
0.005334033959266699
0.005333849980112088
0.0053337761237753165
0.005332175094476639
0.005336130386030291
0.005333818975825697
0.005332580324298051
0.005332408190582
0.0053320333891260525
0.005332004939577098
0.005331074753233389
0.005333264959165843
0.00533081983022908
0.005330387558068216
0.005330229512342356
0.005329644147010399
0.005330451326437635
0.005328321519181177
0.005330049445326126
0.005328238893669935
0.005327959443049314
0.005327559557272492
0.005327597664184071
0.005326305309519399
0.005329772061666721
0.005327372219318428
0.00532630591245881
0.005326107819022734
0.005325657117596647
0.0053257087155828345
0.0053246798764373686
0.0053266238733915465
0.005324307058596435
0.0053240045614860575
0.005323573521708405
0.005323475221770506
0.005322877118616896
0.005323573479770945
0.005321509828269744
0.005323187693000952
0.005321472672981253
0.005321255287416905
0.0053209534133149775
0.005320703123717148
0.005319622620143722
0.005323546650246
0.005321229085216713
0.005319969851785143
0.005319868403215403
0.005319236710075225
0.005319580984675805
0.005318177799425095
0.005319994666716476
0.005317875454066661
0.005317395619415469
0.005317261499568834
0.0053166745423842395
0.005317351569930102
0.005315227594828455
0.005316386822724875
0.005314998030512436
0.005314920742143292
0.005314086597704618
0.005315300235545348
0.005313009387671714
0.005313345982450827
0.005312569363104724
0.00531281728218554
0.005311466646123909
0.0053133604846618875
0.005311155917336642
0.005310752214707251
0.005310514612176207
0.005310099923522328
0.005309993919831899
0.005308946624143358
0.005311227318325732
0.005309108615015781
0.005308577274809192
0.005308175618044028
0.00530800609766884
0.005307795701497757
0.005307397971085462
0.005307412987263313
0.0053071077121282706
0.005306372298483615
0.005305973065842075
0.005307071242666599
0.00530479024892633
0.005305680882766582
0.005304620017366559
0.005304741636874328
0.005303724394976673
0.005305608057696709
0.005303368174982303
0.005303167867126736
0.005302862979571116
0.005302529130505297
0.005302691465461666
0.005301386952648015
0.005303753978314908
0.005301832412303504
0.005301175826345198
0.005300914255531157
0.0053004309076202
0.00530129542767287
0.005299147498803528
0.005300278888056883
0.005298765571839796
0.00529874381412228
0.0052980155385358736
0.005298871214748546
0.005296837241258944
0.005297828009961476
0.005296444239251031
0.0052965681991767495
0.005295511732506726
0.005297008909698606
0.005294902746453217
0.005294904570116876
0.005294278650040968
0.0052945240636179
0.005293165301211391
0.005295247887353689
0.005293190074188615
0.0052926433208612695
0.005292406418333138
0.005292204831630341
0.005291732578110074
0.005292237935169495
0.005290126910270357
0.005291323508594675
0.005290182720218505
0.005290045813685594
0.005289516409049707
0.005290426000927789
0.005288206890199101
0.005288844913202723
0.005287847663336983
0.00528812499946692
0.0052870238364143085
0.00528882329017445
0.00528670049557101
0.00528636747504607
0.005286072001019581
0.005285827110431506
0.005285614655984089
0.005285325044549424
0.0052854787835293895
0.0052844969547676075
0.005285113495717387
0.005283600278765453
0.005284493823658039
0.005282987022363456
0.005283285798074027
0.005282442718649994
0.005283012344027362
0.0052812559341225895
0.005282422696061799
0.005280996046926785
0.005280863719712414
0.005280426034569857
0.005280685632946886
0.005279083382504747
0.005280935479842474
0.005279330831147886
0.005278784439383349
0.005278663286449336
0.00527823945473178
0.005278560004893036
0.00527702011441948
0.005278933296318149
0.005277348703167081
0.005276830820853643
0.005276313761140665
0.005276704211332999
0.0052754374366502784
0.005277211549087177
0.005275411018911562
0.005274734929474964
0.005274703229906476
0.005274088653664867
0.005274824717118296
0.005273201140083635
0.005274162945617723
0.005272920880466668
0.00527292402612504
0.0052722215022656515
0.0052732324970710225
0.005271335984279251
0.005271696222025055
0.00527092023407449
0.005271166304000718
0.005270083876975947
0.005271688960711682
0.005269819479215886
0.005269456125739436
0.0052695244626244486
0.005268744959024771
0.005269682008272177
0.00526796642853316
0.005268628687593017
0.005267381316977839
0.005267780498217652
0.005266677675562029
0.005267867781676952
0.005266197590641755
0.005266382038726303
0.005265653529356776
0.005266153288404776
0.005264625883666633
0.005266058972898447
0.005264457010378623
0.005264217590260332
0.005263998758077061
0.005263752440001177
0.005263510742704324
0.0052636926382540845
0.005261948822473669
0.005264066197283978
0.00526256596333225
0.005262018413207155
0.005261822478344314
0.0052616177065327235
0.005261413924762948
0.005260964029182788
0.005261987172133264
0.005260168022246766
0.005260262100033034
0.005259677135764243
0.005259859053325312
0.005258856427549469
0.005260575036902305
0.005258794611235776
0.005258399050147599
0.0052582169449769825
0.005257874160358866
0.005258157186083834
0.005256692608080888
0.00525839635444265
0.005256961833023016
0.005256605775681794
0.005256265158539349
0.0052563360919505595
0.005255469434804017
0.005257338228639219
0.005255565979199035
0.005254998805943775
0.005254909822662832
0.005254507084282432
0.005254770001977662
0.005253565788553913
0.005255215877728728
0.005253686486685648
0.005253315786506359
0.00525308354138692
0.005252837701814426
0.005253038822563265
0.00525168203350145
0.005253813347792096
0.005252349246746719
0.005251792033870748
0.005251243348252335
0.005251501552154432
0.00525058560404061
0.005252187577438434
0.005250558967882057
0.005250063672185033
0.005250045951129954
0.005249656371416823
0.005249685021237783
0.005248843551183206
0.00525033182825825
0.005248598596174831
0.005248300453921277
0.005248046002382406
0.005247952097080132
0.005247711378268451
0.005247587405780253
0.005247127365876903
0.005249359760210606
0.0052475155785069345
0.00524685615457179
0.005246802925228419
0.005246396239949463
0.005246730583652286
0.005245635291072656
0.005247086478089963
0.005245548731919628
0.005245322786298959
0.005244996248525489
0.005244945477582202
0.0052446300442862154
0.005245167749576748
0.0052433519393615576
0.00524422588070424
0.005243364161273459
0.005243333270212814
0.005242875943294752
0.00524388949148905
0.00524207062412845
0.005242366206453441
0.005241878198061735
0.005241830344930212
0.00524133871107728
0.005242016181125714
0.00524026017026682
0.005241023137113192
0.005240192808307418
0.005240283280553847
0.005239620326551377
0.005240591409328313
0.0052389022546873365
0.005239268753049199
0.005238705592239647
0.005238725243003761
0.005238108076168072
0.005239378563935539
0.005237595921576937
0.005237622411889689
0.005237328783299809
0.005237136836181413
0.005236996763299075
0.0052367761672817105
0.005236518727127253
0.005236848860237222
0.005235984503065402
0.005236870375244909
0.005235404856146562
0.005235750959453272
0.005234982752678073
0.0052353707083247795
0.0052339931743741845
0.0052352427342479985
0.005234023823661984
0.005233889370564777
0.005233244712435826
0.0052341429401921765
0.005232525225464892
0.005232960511178273
0.005232151785321675
0.005232511833383734
0.005231422810948724
0.00523263550818624
0.005231145805966841
0.005230991929185931
0.005230623086105234
0.005230816058215089
0.005229734784461425
0.005231544644275649
0.005230019548841424
0.005229460727216824
0.0052292963424488415
0.005229116665347135
0.00522883193029965
0.005229149596783988
0.0052275646151837924
0.005228817904290183
0.005227759189971455
0.005227484603990416
0.005227195614979418
0.005227588975749762
0.005226106114103055
0.005227335798767219
0.005226128519993532
0.005225875889410292
0.005225644675187466
0.005225630297621441
0.005224497448643929
0.005226712988818636
0.00522524584745477
0.005224576799933087
0.005224403490310093
0.005224319900346328
0.00522388381373702
0.005224676300688902
0.005223029573490972
0.005223425106739891
0.005222954525703941
0.005222971642024544
0.005222400016412405
0.005223697161496772
0.00522208640820447
0.0052220262045076914
0.005221685851430874
0.005221757572439077
0.005221248442301242
0.005222392177871973
0.0052207589544129894
0.005220773785739576
0.005220516024532293
0.0052204177890776225
0.00521996793567797
0.005220852994841455
0.005219157066674182
0.005219527479402207
0.00521904105840465
0.005219026904985944
0.005218412444237969
0.005219673686545475
0.005218089595872279
0.005218020313369158
0.005217818091963454
0.00521763550451854
0.005217406534133107
0.005217362327447655
0.0052170862672210674
0.005217107327021354
0.0052166244810994584
0.005217499101540953
0.005215983558674602
0.005216224231882172
0.005215621490931562
0.00521596173461229
0.0052147944437326375
0.005216021078163061
0.005214779707352221
0.0052146867505472394
0.0052141879694941815
0.00521479053287048
0.005213380844996726
0.005214264054724825
0.0052132434454154036
0.005213294730808074
0.005212633517308385
0.005213621866555231
0.005212185847608043
0.005212352436574224
0.005211781164737145
0.005212098451590294
0.005211072562072463
0.0052123905526349195
0.005211029983490114
0.005210840095676037
0.005210537434921688
0.005210681005742096
0.005209756022967351
0.005211429148329342
0.005210001197727543
0.0052095493946149015
0.005209279066730062
0.005209311116230518
0.005208728140338235
0.005209790394525893
0.005208321771943058
0.005208285714154406
0.005207955545959708
0.005207913363300268
0.005207569869854729
0.005208160499068061
0.005206631991577121
0.005207200826690347
0.0052065951246758075
0.005206538431472269
0.005205902074027942
0.005207218499122393
0.005205704691355313
0.00520550330939372
0.005205275911872557
0.005205204403086093
0.005204875982912714
0.005205157504813271
0.0052036282934556045
0.00520451154189785
0.005203663211070996
0.005203663805355318
0.0052031706562669375
0.005204129510581802
0.0052026127747139585
0.0052028457490114035
0.005202428360024573
0.005202602341566054
0.005201814729661586
0.005203137248930045
0.0052016913790354875
0.005201571049971731
0.005201266519106099
0.005201342598957542
0.005200838435261536
0.005201984692510237
0.005200511966241072
0.005200436456704725
0.005200170014717215
0.005200140528566307
0.005199724760140218
0.0052007207513643456
0.00519919532103646
0.0051993222232248094
0.0051989790534918544
0.005199057766873531
0.00519855141672996
0.005199796603364854
0.005198345508738583
0.00519823608864489
0.005198069935760507
0.005198006177831424
0.005197713180104322
0.005198140452418465
0.005196724690176924
0.005197679892126037
0.00519686356949716
0.005196783157078357
0.005196392374482153
0.0051970148466439926
0.005195621218476905
0.005196285051372246
0.005195587358664652
0.005195705872741295
0.00519501414174807
0.005195949698463582
0.0051945673868953966
0.005194702271780328
0.005194300435282112
0.005194434423177887
0.005193812734533567
0.005194927235246546
0.00519347368183969
0.005193408390060464
0.005193155141571807
0.005193148527171904
0.005192766867815652
0.00519344194228685
0.005191964700511199
0.005192326691971151
0.005191847870232095
0.005191837249469506
0.005191252138644376
0.0051923654077965665
0.005190877938543917
0.005190863172169462
0.0051906108928448
0.0051905862840789085
0.005190282059605823
0.005190786271300189
0.0051893420220550405
0.005189902599445169
0.005189294984942876
0.0051893496582815606
0.005188763864486244
0.0051899240401059666
0.0051885726453170565
0.005188539192774442
0.0051882693040312235
0.005188279072299926
0.005187846063663466
0.005188633518961739
0.005187176995659552
0.0051874056014845
0.005187125702941932
0.005187021541908209
0.0051867632277871455
0.0051872844998461795
0.005185887059904925
0.005186412004117816
0.005185805932917921
0.0051857914265046375
0.005185247079184986
0.005186332157890433
0.0051850054384735885
0.005185039670470404
0.005184769960127662
0.005184876206083834
0.005184337643208671
0.005185509121464925
0.005184179583533178
0.0051840630387867
0.005183927040551297
0.0051837447852429875
0.005183796121356847
0.005183244031321813
0.005184073845914916
0.005182995973912927
0.00518294005022886
0.005182815110811557
0.005182651242946642
0.005182909864900052
0.005181804409022931
0.005182950535759263
0.005181964123310755
0.005181707833106005
0.005181574450853356
0.005181604119219106
0.005181280957390612
0.0051817137829647305
0.0051806601518452075
0.005181493803840436
0.005180543109908717
0.005180736733007847
0.00518011636031186
0.005180691657165085
0.005179676213732663
0.00518027307695877
0.0051794275698666
0.005179714688718619
0.005178965972608755
0.005179709615368208
0.005178582343871217
0.005178941747028897
0.005178238768388731
0.0051786005693026434
0.005177645900713178
0.005178568693479291
0.005177559443923805
0.005177546157745609
0.005177171495539692
0.00517761850595013
0.00517652774999191
0.005177434853709729
0.0051764781514315366
0.005176503290652322
0.005176065644498045
0.005176599228023506
0.005175416299932587
0.005175993480763744
0.005175202411407045
0.005175433288168175
0.005174668344715178
0.00517556534881624
0.005174391411219392
0.005174526648159886
0.005174149345576838
0.005174401053766959
0.005173548689114049
0.005174586968999525
0.005173505074648792
0.005173436794581952
0.005173102029752664
0.0051733407795438585
0.005172448735190657
0.005173556057017354
0.005172497764733161
0.005172374749454579
0.005172054609744695
0.0051723758879883815
0.005171410707031387
0.005172314573997671
0.005171318871425947
0.005171365342664699
0.005170923609562508
0.0051713827882258895
0.005170284620336261
0.005170883203774257
0.005170065831980508
0.005170294754037041
0.005169615433061958
0.005170398067476515
0.005169328011281961
0.0051695051683694464
0.005168965115616974
0.005169281795732149
0.005168338498027694
0.00516914254441326
0.005168116054651863
0.0051682521324895895
0.005167799229305782
0.005168324658536798
0.005167245286663666
0.005167892764351918
0.005167097770583031
0.005167290610421629
0.005166616213424112
0.005167439453756703
0.005166320437986527
0.005166462344584283
0.005165991773806198
0.005166488727259232
0.005165458232048184
0.005166106406457001
0.005165254787097754
0.005165408163930738
0.00516484636458144
0.005165486617409545
0.005164344747598049
0.0051647213623727374
0.005164185852463324
0.005164566695779063
0.005163687514766847
0.005164569688974633
0.00516354555707071
0.005163569031649181
0.005163169588487387
0.005163616461453216
0.005162566710847883
0.005163184101952476
0.005162377967572148
0.005162614343924141
0.005161967959494853
0.005162691187207524
0.005161658729788993
0.0051618392678259226
0.0051613200846672685
0.005161775052329395
0.0051607904597206255
0.005161517040792224
0.005160654941836829
0.005160797573441046
0.005160249553063616
0.005160838758570308
0.005159756442993731
0.0051601340144108105
0.005159525565857003
0.005159849495012021
0.005159014427425544
0.005159876846808904
0.0051588992726958015
0.00515891009850785
0.005158489978660024
0.005158870749040744
0.005157876995759428
0.005158594818545878
0.005157786122138428
0.005157817523990117
0.0051573316307379
0.005158055599441897
0.005156955072369772
0.005157173349785305
0.005156677791914799
0.005156999557572842
0.00515615562927114
0.0051570023864406355
0.0051560112459635215
0.005155994709600351
0.00515563643861914
0.005155996018753276
0.005155027270699613
0.005155795624937032
0.005154934882200571
0.005155010136526459
0.005154507501684333
0.005155125794599085
0.005154103264369815
0.0051544723506431476
0.0051537924090396614
0.005154169589055358
0.005153308529373462
0.0051539487802584735
0.005153087717585313
0.0051532737572139884
0.005152684669327867
0.0051532919762155415
0.005152267967245621
0.00515252577415328
0.005151977552828682
0.005152230169811611
0.005151412929905102
0.005152244188990157
0.005151259495714699
0.0051513255802272465
0.005150981922648109
0.005151314385825752
0.005150412277092071
0.0051512988795324845
0.005150393877991476
0.005150371438695329
0.005150101302614981
0.005150408660307564
0.005149444017711551
0.005150329714241091
0.005149498668839675
0.005149453155699178
0.005149159883139411
0.005149623598933734
0.005148544972168726
0.005149031332916639
0.005148376693814766
0.005148588627414732
0.005148048562990492
0.005148797481844242
0.0051477575874025175
0.005147877341069609
0.005147520071287035
0.0051477636082755615
0.005146967586530673
0.0051478889733036996
0.005146900932506927
0.005146836965086028
0.005146511251234051
0.005146804393262911
0.00514598467753245
0.005146844797809902
0.005145931624383614
0.005145907650743567
0.005145564518844282
0.005145976401939162
0.005145041083648817
0.0051456757471871045
0.005144967563470422
0.005145060495363409
0.005144584893923487
0.00514524573373495
0.005144205349121064
0.005144313853346394
0.005143895291957193
0.005144259301451047
0.005143366999806703
0.005144025072096924
0.005143246186645323
0.005143321448450653
0.005142851844124659
0.005143370641778624
0.0051424095114614874
0.00514278843372009
0.005142164216220038
0.005142469339999834
0.00514170309361237
0.0051423572222762375
0.005141475815464457
0.0051415895451762525
0.005141110777412076
0.005141588675570225
0.00514066014146179
0.005141115593889809
0.0051404356094110655
0.005140643834240737
0.005139962745719245
0.005140626484314645
0.005139721491713989
0.005139886608060503
0.005139369981921454
0.005139751954444216
0.005138909492003692
0.005139518864402235
0.005138738127158652
0.00513888005724891
0.005138323877334538
0.005138794063193424
0.005137882541433018
0.005138303974640902
0.005137628632018326
0.005137918800783773
0.005137141058844828
0.005137678595614385
0.005136916452196402
0.005137162442278184
0.00513652675471271
0.005137093720107465
0.005136241152017781
0.005136356811931941
0.005135826115597011
0.0051364011266125725
0.00513544525056593
0.005135807941902577
0.005135165353572337
0.005135552965963252
0.005134804105204025
0.005135324943694692
0.005134465762330669
0.005134724893405861
0.0051341758329905545
0.005134623611097379
0.005133747649476423
0.005134277379535832
0.005133557179974978
0.005133779886379611
0.005133146061390558
0.005133782899531299
0.005132865505943732
0.0051330728565492575
0.005132561393818739
0.0051329924454270506
0.005132173340232639
0.005132717094005686
0.005131973213467045
0.005132168188404036
0.005131572975083506
0.005132183698845496
0.005131259116381052
0.0051314858685981915
0.005131033650901158
0.0051313522011733675
0.005130558357700893
0.005131224664185462
0.005130433413124747
0.0051304579610812525
0.005130032528982154
0.005130543340695929
0.005129588623214185
0.005129979843015003
0.005129471606545064
0.005129679696347175
0.005128975950938582
0.005129759347249215
0.005128896167074564
0.005128874580186345
0.0051285760120708245
0.005128851599707755
0.005128067763420419
0.005128817065055185
0.005127989349580081
0.005127925276604681
0.005127641358518499
0.005127928294820845
0.005127042112067932
0.0051276809791356535
0.005126989427035251
0.005127033897178193
0.005126575722674164
0.005127162862661965
0.005126212716093346
0.005126482278841003
0.005126012617324804
0.00512628924620963
0.005125589731758074
0.00512626535068179
0.005125455230830177
0.005125445714682403
0.005125122618439748
0.005125535836460058
0.005124647276434551
0.0051250397916585205
0.005124384675553419
0.005124673051728062
0.005123994026281319
0.0051245197606836195
0.005123729313828546
0.005123855317018995
0.005123362162659987
0.005123800815182237
0.005122963344781176
0.005123290671337487
0.00512274041514817
0.005123004281112999
0.005122322892920714
0.00512291585019584
0.005122113873145199
0.005122231556444244
0.005121761437029279
0.005122221713498125
0.005121362070886299
0.005121686014480392
0.005121126739258314
0.005121308674256745
0.0051205907919783175
0.005121290290878937
0.005120445282048125
0.0051205323693038225
0.005120105229721557
0.005120471827336573
0.005119697258272093
0.005120302773852635
0.005119580935686869
0.005119756232803508
0.00511923911830655
0.005119793425920149
0.005118928811687331
0.005119200191010142
0.005118672678475281
0.005119110518635113
0.005118295600216742
0.005118708398141207
0.005118076220187435
0.005118396960351187
0.005117750415915615
0.005118269800258194
0.005117465528147884
0.005117770684290978
0.005117259354410922
0.005117651426534481
0.005116884319873272
0.0051174652412240475
0.0051167500610575746
0.005116922773636157
0.005116408966771359
0.0051169440560200116
0.005116088972433682
0.005116278850822159
0.005115823353988839
0.005116202379674561
0.005115435312913624
0.0051159643223097516
0.005115269880409653
0.005115452533803344
0.005115027442591704
0.005115466049821073
0.005114604018063261
0.005114887639004672
0.00511434800385638
0.00511462658775163
0.005113950755185752
0.005114514977081907
0.00511377754054475
0.005113900654780049
0.005113444571676119
0.005113890195750563
0.005113047875997953
0.005113468215986203
0.005112906341171541
0.005113093890096658
0.005112545860216981
0.005113076320021361
0.00511226930801736
0.005112500456020366
0.005112052613319946
0.0051123326613979145
0.005111614703661869
0.005112171016680861
0.005111420251200583
0.005111552525847701
0.005111104102150805
0.005111497728050012
0.005110713179062247
0.005111119871166657
0.005110543944912809
0.005110825528699766
0.005110180795476093
0.005110703458436858
0.005109974485683834
0.005110210967577268
0.0051097394625858866
0.0051100667753627566
0.005109307753371152
0.005109774401600937
0.005109152550546611
0.005109358441633901
0.005108795737455989
0.005109268041954825
0.005108504327871251
0.005108754923929745
0.005108288505613907
0.005108559356242714
0.0051078442339974285
0.005108388356052062
0.005107724436397354
0.005107802796223563
0.005107478734957052
0.005107776073950293
0.005106907243666993
0.005107464510403206
0.005106826722926866
0.005106980054081657
0.005106529070880362
0.005107121565669858
0.005106282265837821
0.005106527442130589
0.0051061395175476774
0.005106433201445823
0.0051057319086237184
0.005106352352931212
0.005105636434710322
0.005105741161978143
0.005105328800489469
0.0051058641731663345
0.005105058144695785
0.005105316057468068
0.005104865536433253
0.00510522674330552
0.0051045593034067345
0.0051050382233633835
0.005104387983712776
0.005104621574231494
0.005104024120273642
0.005104504408414293
0.005103784948309102
0.005104050569510786
0.005103539862778004
0.005103947923536261
0.00510322523201447
0.0051036307316117205
0.005102998050390515
0.005103235658129516
0.005102651538915665
0.005103219135125974
0.005102444412221173
0.005102624795882535
0.00510218192383021
0.00510253324463795
0.005101875638767941
0.005102408149739572
0.005101705542452139
0.005101891671557709
0.005101442502341998
0.0051018224243505805
0.005101088404469645
0.005101523339617177
0.005100965000097113
0.005101185960317405
0.005100625657992162
0.0051011560282717815
0.005100422274902387
0.0051006115145980704
0.0051001535463247785
0.005100539081267196
0.00509978884375687
0.005100128011563679
0.005099605379980233
0.005099850680953465
0.0050992413460882275
0.005099748486810551
0.005099031933421241
0.005099193150834919
0.0050987703248860676
0.005099161398981793
0.005098410059632349
0.005098767681552045
0.005098208716764009
0.005098475857620592
0.005097844953243865
0.005098305350667942
0.005097668748528741
0.005097898725209709
0.005097499681685978
0.005097816577424889
0.005097044268105418
0.005097440787325908
0.005096921670231482
0.005097135240590079
0.005096574986632942
0.005097137786704652
0.0050964326906012
0.005096570792502762
0.005096188994876582
0.005096528103401404
0.005095812874058451
0.005096219492080507
0.0050956589483020336
0.005095866672669083
0.005095356244004878
0.005095882544857866
0.00509518959767437
0.005095287228488434
0.005094882782558929
0.005095305752217423
0.005094568837541213
0.005094965648122528
0.005094401778049162
0.005094662830628753
0.0050940933582488395
0.005094575486771054
0.005093849275676135
0.0050941640625985045
0.005093697586736743
0.0050939790587502965
0.005093363579391635
0.005093893897862381
0.00509321768768848
0.00509341093499953
0.005092961255549659
0.005093417952529724
0.0050926962002415125
0.005093012286262938
0.005092526879241226
0.005092864316113641
0.005092239142140285
0.005092650387456736
0.00509203015514578
0.005092316613877669
0.005091766587042323
0.00509215052207729
0.0050915266355172776
0.005091864791683778
0.0050912860975663565
0.0050916432734004
0.005090982568628168
0.005091390594168147
0.005090821633504289
0.005091049829350292
0.005090546883657055
0.005091052755873155
0.005090352307246664
0.005090608142796046
0.005090160189375649
0.005090493086322362
0.005089871049119881
0.005090337694530267
0.0050897142506583495
0.005089925000113919
0.00508947375771365
0.005089828880266249
0.005089126925022668
0.005089500235816539
0.0050889972818799105
0.005089242972576508
0.005088671399796997
0.005089106671764053
0.0050884445811875895
0.005088666255753951
0.0050882203734466305
0.005088573871257102
0.0050879165880445484
0.005088389555584906
0.005087769761510419
0.005087973302148306
0.005087512286381987
0.005087883671792796
0.005087224902695516
0.005087538977354508
0.005087014956367708
0.005087365514853157
0.005086772500366931
0.005087144770854141
0.0050865601823747
0.005086825580475702
0.0050863130452855326
0.005086774042928521
0.005086101819682334
0.00508633753110146
0.005085865301775892
0.005086187108466991
0.005085575867588491
0.005085977298987373
0.005085375311188758
0.0050855875360117835
0.0050851072480626
0.0050855081577143475
0.005084862122489914
0.005085144039839115
0.005084611500347676
0.005084908904528714
0.005084283893419364
0.005084737388084938
0.005084113369146857
0.00508430499475611
0.005083857377658571
0.0050841264072309
0.005083432774462188
0.0050838265875778115
0.005083277513989766
0.005083583825616184
0.005082987504538339
0.005083448295031482
0.005082780372808714
0.005083011692636039
0.0050825971930031286
0.005083058659713793
0.005082301515423116
0.0050826332191361125
0.005082189279121068
0.005082445975280511
0.005081861563396312
0.005082412184795009
0.0050817624485481605
0.005081911006789108
0.0050815920589176375
0.005081926516266221
0.005081259407295641
0.005081690681202767
0.00508109667186622
0.005081306420106769
0.005080887140760884
0.005081298275529241
0.005080635309376821
0.005080942371407325
0.005080464440578488
0.0050807388144650314
0.005080159279236846
0.005080588994153144
0.005080020064863372
0.005080299505820477
0.005079774330224842
0.005080180608062223
0.005079588385635731
0.00507989462138843
0.0050793366121141175
0.005079662055729787
0.005079103107432799
0.005079448130537094
0.005078862726877488
0.005079165433308718
0.005078633515326443
0.0050789860543559015
0.005078415381725099
0.005078766429415414
0.005078246264832285
0.005078497110263756
0.005077974688729062
0.0050783646204550165
0.00507775298151233
0.005078046232070542
0.005077560074193753
0.005077868514088202
0.0050772794041247194
0.00507770236977727
0.00507712023939019
0.0050773941179908634
0.00507689435625749
0.005077275535368852
0.005076695345688971
0.005076980397557004
0.005076448806403616
0.005076817502866373
0.0050762301575380045
0.005076488374346206
0.005076017031026169
0.00507634990422661
0.005075773343590518
0.005076140999496591
0.005075554867260208
0.005075856756008108
0.0050753577658613205
0.005075724461252064
0.005075135590021497
0.0050754053314636775
0.00507493246008328
0.0050752851783083235
0.005074704591185403
0.005075000947549296
0.0050744777151479304
0.00507480327321543
0.005074263729909459
0.005074592569137464
0.005074026930601949
0.005074344753720616
0.005073784252409105
0.005074052916796762
0.005073514201551498
0.005073804998334168
0.005073261200258307
0.005073519196268357
0.005072931829188443
0.005073285229944572
0.005072723502588086
0.005072996984928882
0.005072512300100109
0.005072977068394954
0.0050723022831419455
0.0050725227269595215
0.005072159155359776
0.005072537907329297
0.005071918016287794
0.0050722764834319894
0.005071801072271491
0.0050720449195853935
0.0050715605029522355
0.005071988325862306
0.005071358000224025
0.005071582893127349
0.005071201305803672
0.005071537907047044
0.005070935250174275
0.005071336060921928
0.005070766353106239
0.00507101108115543
0.005070573012360622
0.00507095846028998
0.005070343733274756
0.0050706355655390205
0.0050701945263254555
0.005070536369018595
0.005069966482773892
0.005070316518900683
0.005069801239856919
0.005070065668995893
0.00506956782349953
0.005069970047178607
0.005069380353797479
0.005069636458032054
0.005069193010645576
0.005069460061546488
0.00506894049915379
0.0050693197732040556
0.005068745862884683
0.0050689566929036315
0.00506856412788807
0.0050688722067871875
0.005068280717552182
0.005068640648014516
0.005068147435567479
0.005068352456583235
0.005067842651201239
0.005068289508169198
0.005067681596150344
0.005067869255291311
0.005067466939920196
0.0050678409458915046
0.005067233807692052
0.005067506662681469
0.005067062891796878
0.005067435233635235
0.005066848085674386
0.005067117870327652
0.005066691794811992
0.005066970703301855
0.005066419306078957
0.005066781815904953
0.005066253819105074
0.005066526946400907
0.005066056792107879
0.005066370715629099
0.005065800734345313
0.005066145062538313
0.005065631636528667
0.005065855228837593
0.005065406469152478
0.005065771502299184
0.005065140444466241
0.005065436680424226
0.005065005455951005
0.005065192132926361
0.005064709030502888
0.0050650921913662226
0.005064519936197554
0.005064724517899449
0.0050643262733589605
0.005064608310383352
0.005064049015642759
0.005064415859851602
0.0050638880036554135
0.00506410427046514
0.0050636566996247025
0.0050639569785210625
0.005063409221265366
0.0050636701349297455
0.005063184009975392
0.005063525379414028
0.005062952219409742
0.005063260432807808
0.005062779459423829
0.0050631077718612085
0.005062572260164571
0.005062907364395016
0.005062401942731658
0.005062713061290899
0.00506219114796056
0.005062522991173684
0.005061987671774165
0.005062310846648269
0.00506180216909043
0.005062124712775712
0.00506165346320456
0.005062003833782823
0.005061447145023651
0.0050617580615572
0.00506124848420385
0.00506154929037729
0.005061068180055286
0.005061415461695585
0.005060909157802105
0.0050611720479573725
0.005060674353886952
0.005061033078286873
0.005060475195480107
0.005060727499810333
0.005060257616271229
0.005060586979284396
0.005060021815423097
0.005060399753964517
0.005059879531566108
0.005060151218439835
0.005059692058647415
0.0050599968253305936
0.0050594774384547314
0.005059785000959728
0.0050592759462331814
0.0050595696507972935
0.0050590755966210665
0.0050593976939619706
0.005058895287112518
0.005059187473746103
0.005058692152547938
0.005059001795809467
0.005058466293184662
0.0050587313745747925
0.0050582777248805505
0.00505861747321107
0.0050580776517197
0.00505836046731834
0.0050579254266953175
0.005058267483285832
0.005057712183729631
0.005058011060991855
0.005057505941883714
0.005057789275168502
0.00505727171795964
0.005057571502364334
0.005057087402566598
0.005057346227593043
0.00505689624783923
0.005057197462733757
0.005056646080884298
0.0050569663306721
0.005056499636063943
0.005056786382687194
0.005056267701098635
0.005056547179220467
0.005056087910360575
0.005056325825172162
0.005055798423871149
0.0050561701704258
0.005055651982549477
0.005055840678163329
0.005055452981971688
0.005055815354784113
0.00505523274296013
0.005055488139609297
0.0050550633313489815
0.005055336335779094
0.005054793312922489
0.005055135088580012
0.005054634402440173
0.005054893714391772
0.005054460818989975
0.005054756337315004
0.005054234201765947
0.005054517288076954
0.005054075517829001
0.005054265537312247
0.005053764867001111
0.005054180498338322
0.005053613483973967
0.005053777084881605
0.0050534525309763505
0.005053809412264297
0.0050532027770491695
0.005053520270262924
0.00505309676779083
0.005053416471868843
0.005052895059092779
0.005053213886638366
0.005052719976637022
0.005053014924954434
0.00505251555499304
0.005052825284507402
0.005052358852252084
0.0050526498215896585
0.005052149089108146
0.005052436973355523
0.00505199608515785
0.00505230186145555
0.005051805652362368
0.00505210450552623
0.005051631247340289
0.005051904309873551
0.0050514462767240285
0.005051729157116287
0.005051217452089885
0.005051490480359366
0.005051039667695557
0.005051354014177834
0.005050840017607368
0.005051125456852859
0.005050651551103471
0.0050509115354642215
0.005050421290840377
0.005050745126665257
0.005050282990778043
0.005050516088708856
0.005050083432844334
0.005050400081578165
0.0050498548935212564
0.00505013565663607
0.00504972202770323
0.005049950674103438
0.005049457359363865
0.005049824677678585
0.005049287047982326
0.005049517444125809
0.0050491207083304904
0.005049435472576022
0.005048899618051822
0.005049161650564046
0.005048748422129968
0.005049023833878221
0.005048502686362431
0.005048802031030786
0.00504836075210453
0.005048610811804165
0.0050480872353466915
0.005048401032302549
0.005047937629976731
0.00504820783426593
0.00504769947732376
0.005048001867728146
0.0050475350058161225
0.005047836149305778
0.005047383112282994
0.0050476524088378
0.005047194607670597
0.005047476828528052
0.0050470045349626565
0.005047295034739149
0.005046801800714391
0.0050470764180387115
0.005046609505325815
0.00504689173552626
0.005046406046657738
0.005046680969348275
0.005046232037742841
0.005046508239166372
0.0050460200600012176
0.005046287619746043
0.005045797933089967
0.005046059924573793
0.005045596967492488
0.005045858105256975
0.005045386211803314
0.005045702908114016
0.0050452599074251704
0.005045495680682522
0.0050450543098422155
0.005045269326934431
0.005044809864009543
0.005045148267412186
0.005044642492759397
0.00504487538782879
0.005044451353167201
0.00504477345754583
0.005044250839718157
0.005044522625747591
0.005044135231209349
0.005044358051489616
0.0050438938081989425
0.005044238622814436
0.005043745065732874
0.005043978094059865
0.005043567117355479
0.005043815946412794
0.005043334757295189
0.005043709340147067
0.005043213744645815
0.005043424424886634
0.005043032430804213
0.005043331908610152
0.0050428432008337
0.005043150083183152
0.005042694314718184
0.005042928747009027
0.005042526734488443
0.005042833680333709
0.005042298501157125
0.005042580375469072
0.005042165006491056
0.005042429953624108
0.005041936748952289
0.005042235979404343
0.0050417972757907745
0.005042034771383267
0.005041588781652169
0.005041954243840935
0.005041466494226038
0.005041672781381565
0.005041300719153421
0.005041631831886238
0.005041105349282326
0.005041380046657694
0.005040961325821438
0.005041215833966259
0.0050407512885714606
0.005041085504291441
0.005040641587626479
0.005040841423095939
0.00504042086622577
0.005040740764476176
0.005040252021331947
0.005040485659051221
0.0050400581517481315
0.005040340139403812
0.005039866613575237
0.005040169374422776
0.0050396904487241415
0.005039963015826308
0.0050394988829537985
0.005039755119413687
0.0050393296428238475
0.005039594895092266
0.005039133438277745
0.005039397956898524
0.005038942873594339
0.005039200832146254
0.005038794897792953
0.005039043379419448
0.005038602370559801
0.00503888237024903
0.005038388228982037
0.00503865742869719
0.005038202425982248
0.005038495784921325
0.005038027779419018
0.0050382279397210164
0.005037810270897844
0.005038127916928786
0.005037629097764188
0.005037852196696724
0.005037462278169638
0.0050377112527291565
0.005037238356970367
0.005037580833334405
0.005037090012762833
0.00503727874006558
0.005036885594900407
0.005037121579954659
0.00503665181933586
0.005036963144587252
0.005036522433595909
0.005036647095173251
0.005036238418400578
0.005036648097651586
0.005036118817750981
0.005036302675875973
0.005035966706558976
0.0050362535857194106
0.005035713471834386
0.005035999053433888
0.005035593874439469
0.005035837771014755
0.005035390951730944
0.005035718943373269
0.005035250794200224
0.005035488216756047
0.005035079355720744
0.005035384922743975
0.005034920930717064
0.005035158970863183
0.005034757816552992
0.005035046667644454
0.005034581777949526
0.005034868681301829
0.005034393850630345
0.005034644225033474
0.005034259917400295
0.005034554680027029
0.0050340711504894605
0.005034364631121895
0.00503395946418561
0.005034189637618422
0.005033750420518024
0.0050341011317426125
0.005033626625766616
0.005033826169736123
0.005033475197153752
0.0050337405601997825
0.005033270821217555
0.005033568495966727
0.005033156874563026
0.005033353700275688
0.005032968440674997
0.005033307811230965
0.005032805276893268
0.005033035756352366
0.005032653088390067
0.00503288531989592
0.005032406090455168
0.005032739426865546
0.005032298034907862
0.0050324767410559
0.005032082815870167
0.005032409518368575
0.005031926455171781
0.0050321916031879875
0.005031807078516508
0.005032030158158902
0.005031573312938328
0.005031874066475827
0.005031438370372927
0.005031615039586436
0.005031258459146821
0.005031580611256308
0.0050310699748691385
0.0050313005810963705
0.005030929022299111
0.00503117460377299
0.005030703397393933
0.005030950901412599
0.005030534527067957
0.0050307891305414534
0.005030336595478729
0.005030622758788206
0.005030187904606538
0.0050303750942260386
0.005030018674618523
0.0050302914514825285
0.00502978498933219
0.005030025488421624
0.005029665319152452
0.005029850120403539
0.00502943486225084
0.005029737740867877
0.0050292753373919995
0.005029491072544671
0.005029134660099178
0.005029356890464469
0.005028911677574511
0.0050291814294794865
0.005028735020380498
0.0050289553320071855
0.005028582819728552
0.005028811057406538
0.005028369680707692
0.005028552953425434
0.005028111926368526
0.0050284115518738496
0.005027962308689669
0.005028200614688813
0.005027806618332582
0.005028061051530786
0.0050276154538354345
0.0050278840286900085
0.005027470083210227
0.0050277592506782235
0.005027304805458866
0.0050275561670383795
0.00502716457899505
0.005027401099287284
0.005026944937020893
0.005027291365276494
0.00502685385643866
0.0050270415638995385
0.005026697040212475
0.0050269946569766084
0.0050265207050336986
0.005026766635006287
0.005026393105315641
0.005026627145889278
0.005026203341655178
0.0050265442328771915
0.005026088171303405
0.005026268318795612
0.005025941122395103
0.005026197844148797
0.00502571006276221
0.0050259970555925
0.005025607045757379
0.005025819643070472
0.005025411270642199
0.005025767565366065
0.005025290336155759
0.005025449843221071
0.005025159177878254
0.005025385403965649
0.005024929249994678
0.005025263070748565
0.005024861398095672
0.005025006297414584
0.005024670301022393
0.0050250249326166275
0.005024523926420402
0.005024734528648628
0.005024437213775925
0.005024636977901189
0.005024188151176049
0.005024510275812293
0.005024071140146446
0.005024260443150347
0.0050239160871117725
0.005024215648601079
0.0050237422992418625
0.005023974367844696
0.0050236197537514874
0.005023827851859929
0.005023412265930625
0.005023718306390076
0.005023308650800261
0.005023505094100143
0.00502314664540442
0.0050234162373761345
0.005022970196712505
0.00502315811196974
0.005022817878099673
0.0050230283271455135
0.00502261297058103
0.005022917129930849
0.005022505255918937
0.005022675252218128
0.0050223257535923225
0.0050225907338692305
0.005022141253439267
0.005022435075633165
0.005022028645978676
0.00502220536635409
0.005021861478216226
0.005022154299472234
0.005021708898994328
0.005021945854426015
0.005021568668550732
0.005021779343809903
0.005021365653918934
0.005021631908115475
0.005021228651564269
0.005021433200830452
0.005021023532229806
0.005021300830312962
0.005020918580654679
0.005021041072724245
0.005020675539060188
0.005021041344930583
0.005020538373596795
0.00502073920608402
0.005020445816814257
0.005020648041973576
0.005020198081662034
0.005020577100301973
0.005020143672773344
0.0050202644738956866
0.005019985531421479
0.005020258143875391
0.005019793867694678
0.005020041641433134
0.005019698319127424
0.00501990942484197
0.005019501980912142
0.005019787265825952
0.0050193857115578
0.005019574358017832
0.005019203307485678
0.005019485223350951
0.005019026948970616
0.005019269533119018
0.0050189121687151134
0.00501917334370078
0.005018770133195313
0.005019026164363183
0.005018645948753061
0.005018870128619213
0.005018460721728663
0.005018743923058726
0.0050183327415118635
0.005018556505235066
0.00501817612550046
0.005018426218385121
0.005018022816202269
0.00501827631703961
0.005017884209197949
0.005018150871516914
0.005017740411661664
0.005017996303023087
0.005017586501534585
0.005017809069505324
0.005017414703779409
0.005017694077010442
0.00501730050137561
0.005017529757089497
0.005017143947769744
0.005017414746772003
0.005017010733675794
0.005017204144157515
0.00501687400481445
0.005017118699874515
0.005016692575530489
0.005016965537833655
0.005016563087152096
0.005016748187878465
0.005016389549751224
0.0050167036865031754
0.005016254041939717
0.005016437681417132
0.005016122286446729
0.005016343210104809
0.0050159394801053666
0.005016208371724347
0.005015825835688477
0.0050160212941199305
0.005015630784380219
0.005015867774066579
0.005015473219630493
0.005015727391564982
0.005015338700261158
0.005015564924521715
0.005015165794477958
0.0050153904620459
0.00501500470847219
0.005015261953170353
0.005014856357385512
0.005015049568550407
0.005014714952469927
0.005014942655689091
0.005014542289765585
0.005014801284407923
0.005014406079617486
0.005014599507779841
0.00501422740698718
0.005014455858231306
0.005014059820306111
0.005014308007733679
0.005013944364280689
0.005014161793433262
0.005013774598187488