1.758583
1.574070
1.587170
1.913296
1.333464
1.102820
0.934104
0.919997
0.912051
0.796021
0.798831
0.846158
0.691011
0.650067
0.621902
0.668634
0.629818
0.680224
0.572687
0.628486
0.575528
0.540958
0.540185
0.566087
0.512486
0.527033
0.525003
0.493579
0.522245
0.452438
0.528139
0.570990
0.506429
0.486679
0.456233
0.456324
0.504163
0.440384
0.491299
0.455338
0.476969
0.439173
0.445574
0.441153
0.400881
0.444424
0.429761
0.436583
0.433517
0.456256
0.448331
0.438802
0.412126
0.425164
0.440064
0.457914
0.465290
0.463797
0.414777
0.466615
0.422625
0.438982
0.447659
0.508620
0.427073
0.417898
0.485236
0.438848
0.448664
0.445063
0.425128
0.410812
0.409080
0.429492
0.460166
0.411575
0.486752
0.445067
0.423969
0.447153
0.430549
0.383677
0.381529
0.377713
0.379670
0.381764
0.383162
0.381488
0.378440
0.386358
0.386206
0.384632
0.378290
0.383244
0.385299
0.380236
0.384011
0.384204
0.390104
0.385312
0.390526
0.390397
0.386031
0.399711
0.394137
0.391024
0.395557
0.392257
0.398743
0.394512
0.396459
0.395843
0.392089
0.401978
0.400061
0.401680
0.405628
0.400582
0.401507
0.402546
0.407280
0.406103
0.407319
0.403955
0.403803
0.406123
0.407062
0.403007
0.402729
0.402296
0.404212
0.406655
0.403953
0.406321
0.406042
0.409855
0.404871
0.406009
0.407327
0.409558