2.186339
1.632921
2.051750
1.053639
1.012372
1.112186
0.676832
0.632208
0.716238
0.701205
0.623358
0.557168
0.572998
0.545253
0.588480
0.503472
0.463784
0.529432
0.502637
0.466209
0.579315
0.564913
0.517861
0.477997
0.544140
0.524748
0.458030
0.508787
0.396512
0.611341
0.430592
0.428244
0.422297
0.477006
0.443862
0.579259
0.429789
0.466503
0.417023
0.454006
0.424185
0.390226
0.421901
0.437847
0.425844
0.532489
0.380481
0.435202
0.377377
0.394838
0.437187
0.510132
0.423002
0.472644
0.461955
0.450160
0.402509
0.431300
0.447171
0.405733
0.437265
0.424456
0.466984
0.379847
0.433920
0.414014
0.440283
0.413467
0.484479
0.394051
0.467910
0.481651
0.438021
0.400434
0.459811
0.450125
0.423318
0.412058
0.435153
0.487454
0.410755
0.304788
0.298906
0.298764
0.305983
0.310437
0.311275
0.308622
0.310272
0.314265
0.317286
0.312066
0.320495
0.316679
0.321008
0.318732
0.321989
0.327300
0.329729
0.326511
0.338269
0.334450
0.337348
0.346269
0.335580
0.346130
0.336905
0.348274
0.350177
0.335467
0.347962
0.343604
0.344550
0.352081
0.353867
0.347818
0.357234
0.353118
0.360742
0.360599
0.360214
0.363822
0.356612
0.358877
0.353380
0.353735
0.358140
0.354272
0.357282
0.353384
0.355924
0.357392
0.355622
0.355285
0.359947
0.361373
0.358484
0.355931
0.360582
0.361567