4.792405
2.089727
2.140877
2.550948
1.951531
1.823880
1.742505
1.600243
1.467812
1.382723
1.440980
1.377611
1.434614
1.386401
1.323527
1.243232
1.209052
1.144487
1.094070
1.069232
1.355741
1.094155
1.070302
1.025012
1.119041
1.015841
0.967558
0.986072
0.855246
0.823875
0.826364
0.839524
0.770158
0.761821
0.978156
0.695059
0.844566
0.743551
0.827971
0.682114
0.727192
0.750567
0.680338
0.647679
0.656626
0.718868
0.882893
0.750560
0.722144
0.722905
0.596509
0.657805
0.584328
1.000347
0.565500
0.666031
0.566559
0.671526
0.539431
0.600308
0.587298
0.551099
0.596189
0.672102
0.528037
0.559360
0.640825
0.606905
0.721897
0.551723
0.714523
0.665625
0.717954
0.512027
0.673892
0.539812
0.563724
0.618810
0.547311
0.490796
0.517962
0.399883
0.391482
0.388611
0.384669
0.385318
0.385072
0.383511
0.386625
0.390654
0.389744
0.389817
0.390782
0.387754
0.388622
0.389706
0.389888
0.391156
0.393675
0.393930
0.392712
0.393804
0.393155
0.390686
0.392676
0.394621
0.394123
0.393388
0.399940
0.396333
0.397206
0.397352
0.398193
0.397621
0.397385
0.400611
0.398220
0.402817
0.401137
0.401691
0.397873
0.401802
0.400231
0.398539
0.400637
0.399014
0.397202
0.398684
0.399815
0.397052
0.399247
0.400017
0.398447
0.398600
0.398313
0.401417
0.401461
0.399936