3.068894
1.405783
1.112229
1.173658
1.115434
0.695263
0.779105
0.831172
0.862481
0.618210
0.647111
0.642645
0.597763
0.555509
0.579762
0.515637
0.568599
0.561947
0.513763
0.418013
0.496182
0.544154
0.497498
0.426727
0.473716
0.453146
0.553745
0.544783
0.460846
0.468677
0.420737
0.436016
0.420437
0.483492
0.481044
0.497962
0.519503
0.587864
0.414545
0.471082
0.517445
0.408344
0.423149
0.383987
0.503729
0.465351
0.373208
0.533629
0.438262
0.419533
0.420424
0.372936
0.400923
0.454351
0.402791
0.433955
0.356995
0.421070
0.503584
0.444234
0.379802
0.410779
0.391282
0.368291
0.396237
0.373718
0.392174
0.427571
0.407525
0.497634
0.381082
0.443330
0.395237
0.434776
0.566187
0.452092
0.395544
0.375950
0.388159
0.448795
0.378485
0.297532
0.297760
0.299336
0.293325
0.295956
0.294936
0.295503
0.302562
0.307981
0.297310
0.304409
0.300349
0.302209
0.303698
0.305381
0.309072
0.305421
0.310398
0.302304
0.313466
0.315092
0.323423
0.318060
0.321966
0.321089
0.317152
0.319187
0.329066
0.315113
0.324119
0.329076
0.320133
0.330674
0.327911
0.326755
0.326542
0.332780
0.332702
0.328428
0.334887
0.337701
0.335001
0.329815
0.330624
0.332452
0.333208
0.334345
0.333529
0.329833
0.326478
0.331662
0.327207
0.331412
0.333695
0.333330
0.331638
0.336871
0.333688
0.335057