1.334424
1.858690
0.979145
0.829815
0.882155
0.620767
0.581149
0.552844
0.455712
0.600790
0.515960
0.450383
0.516066
0.415936
0.408775
0.398143
0.347459
0.481677
0.415580
0.380663
0.452135
0.402451
0.425694
0.399865
0.448067
0.407329
0.428873
0.448234
0.398432
0.401745
0.400319
0.411540
0.380212
0.392346
0.365440
0.382001
0.370428
0.373592
0.383613
0.455218
0.421437
0.391699
0.506054
0.410326
0.383137
0.394529
0.391886
0.570871
0.383543
0.502137
0.430285
0.445915
0.441466
0.370903
0.413086
0.389293
0.396331
0.414768
0.412796
0.474576
0.413322
0.462724
0.394103
0.379210
0.448213
0.426121
0.410204
0.390101
0.439437
0.457880
0.411508
0.385272
0.422926
0.428677
0.429926
0.419693
0.407767
0.408013
0.435793
0.468815
0.397884
0.340318
0.344048
0.350456
0.356942
0.370647
0.379313
0.377351
0.375718
0.381477
0.385641
0.390010
0.391696
0.402839
0.402678
0.416465
0.417123
0.409661
0.408265
0.423471
0.423107
0.425345
0.429563
0.431721
0.435486
0.437625
0.432113
0.433450
0.448175
0.437745
0.444486
0.445490
0.441901
0.450229
0.452419
0.452784
0.456458
0.451131
0.454970
0.459360
0.468149
0.460670
0.459560
0.455876
0.458667
0.458275
0.455861
0.457266
0.457923
0.457750
0.455666
0.458202
0.457763
0.458217
0.462925
0.460552
0.459087
0.458369
0.456649