1.409790
1.363451
0.934794
0.849856
0.770969
0.761947
0.619321
0.567875
0.557250
0.689766
0.529329
0.538295
0.557472
0.474195
0.460197
0.467713
0.683138
0.512709
0.721240
0.415819
0.499132
0.463455
0.470599
0.430741
0.438782
0.479948
0.479013
0.416601
0.468731
0.417828
0.415874
0.496567
0.448368
0.402041
0.388480
0.396958
0.475415
0.389459
0.444996
0.421527
0.441312
0.369844
0.451233
0.413712
0.391058
0.427064
0.410873
0.476000
0.476559
0.388552
0.437944
0.406454
0.497111
0.372012
0.403404
0.480311
0.424815
0.422971
0.545585
0.394201
0.392041
0.376673
0.423569
0.364795
0.371700
0.351730
0.450318
0.378827
0.414071
0.448150
0.402993
0.426164
0.455656
0.429936
0.426572
0.354934
0.502079
0.590207
0.380045
0.450673
0.402703
0.274766
0.274254
0.275229
0.272766
0.276537
0.276894
0.277065
0.290249
0.281733
0.285730
0.291935
0.284481
0.283608
0.288792
0.280944
0.295078
0.290538
0.297210
0.288751
0.300704
0.294807
0.313684
0.304861
0.301421
0.307023
0.308352
0.300340
0.304434
0.301857
0.301100
0.309426
0.309076
0.328726
0.317955
0.324136
0.316387
0.327831
0.317673
0.316830
0.324693
0.324162
0.311633
0.309748
0.312169
0.311109
0.316225
0.314786
0.314889
0.309615
0.309926
0.320017
0.306450
0.312109
0.316226
0.317991
0.312338
0.316308
0.315803
0.314656