1.930886
1.699001
1.376075
1.231459
1.106460
1.021099
0.963827
0.827204
0.808656
1.173723
0.901056
0.707331
0.684454
0.563600
0.533475
0.641350
0.605421
0.531451
0.604192
0.743120
0.573498
0.489876
0.422294
0.530011
0.539492
0.511183
0.484680
0.587190
0.441553
0.470633
0.572156
0.511538
0.488363
0.472731
0.526039
0.477961
0.515629
0.398198
0.525021
0.520095
0.478535
0.512487
0.470083
0.428285
0.894245
0.484895
0.468326
0.483380
0.438857
0.507512
0.396266
0.421427
0.555108
0.534874
0.489012
0.410358
0.432850
0.539224
0.478588
0.622006
0.520830
0.570542
0.420151
0.440586
0.431815
0.401832
0.566076
0.427063
0.399483
0.472202
0.456303
0.505917
0.400297
0.598183
0.463756
0.476017
0.447449
0.425717
0.459311
0.499276
0.445297
0.314902
0.309783
0.307306
0.309516
0.313453
0.314903
0.311868
0.316315
0.318741
0.324548
0.322844
0.321384
0.320222
0.323982
0.314240
0.323863
0.332987
0.330507
0.322719
0.338845
0.331257
0.329171
0.337145
0.336893
0.337997
0.339021
0.344173
0.350247
0.337822
0.341876
0.343806
0.345598
0.352739
0.350694
0.351828
0.367876
0.352530
0.357395
0.368751
0.361531
0.362546
0.357533
0.357845
0.351782
0.360373
0.357464
0.355925
0.356623
0.353117
0.357572
0.355758
0.354167
0.358557
0.362719
0.364152
0.357842
0.355049
0.357511
0.361022