9.422477
2.098379
2.743262
4.050487
1.580013
1.469023
1.235073
1.350995
1.173266
1.262720
1.035414
0.932115
0.988691
0.991214
0.848957
0.874901
0.916847
0.956877
0.961239
0.836660
0.674795
0.643820
0.645050
0.694961
0.697662
0.685743
0.544935
0.725822
0.740635
0.559765
0.600473
0.566151
0.582371
0.691510
0.564114
0.790105
0.667400
0.589394
0.478436
0.560009
0.564879
0.483366
0.582610
0.443413
0.517187
0.523542
0.449096
0.448280
0.487674
0.427410
0.488678
0.478047
0.718235
0.550765
0.623948
0.559586
0.558414
0.419034
0.541578
0.428139
0.503012
0.423368
0.599509
0.470465
0.462922
0.444078
0.436021
0.520598
0.500548
0.530077
0.510025
0.478189
0.507191
0.638915
0.510672
0.535191
0.518497
0.522020
0.516444
0.464522
0.394485
0.336421
0.337431
0.340491
0.350091
0.361268
0.368338
0.378415
0.384324
0.395470
0.403314
0.405229
0.406401
0.405726
0.406579
0.412880
0.421034
0.427675
0.418618
0.425768
0.436428
0.431946
0.444116
0.440292
0.436206
0.452809
0.444944
0.453814
0.458295
0.465496
0.476114
0.476665
0.472547
0.475135
0.465973
0.471880
0.475440
0.477475
0.479332
0.488155
0.485580
0.487403
0.482991
0.485390
0.488019
0.482185
0.483626
0.487936
0.488593
0.485990
0.481114
0.487709
0.488750
0.488253
0.481210
0.491251
0.496741
0.478124