2.692566
3.502450
2.136756
3.116102
3.522312
3.753260
2.110803
1.764928
1.786182
1.795591
1.876353
1.631745
1.637241
1.620472
1.490672
1.571175
1.469349
1.510519
1.555519
1.462364
1.389251
1.341324
1.316392
1.437182
1.422836
1.436998
1.247869
1.399092
1.378942
1.247151
1.256110
1.303065
1.189797
1.245955
1.211359
1.358954
1.286033
1.072780
1.115684
1.117559
1.062156
1.047495
1.061803
1.103899
1.003602
1.313107
1.018046
0.957577
0.984629
1.014159
0.997002
1.137073
1.002418
1.040322
0.980713
1.000151
0.964631
0.899664
0.869257
1.043882
0.918083
0.905451
0.869772
0.863986
1.020240
0.797296
0.842753
0.889471
0.884009
0.942673
0.780067
0.811164
0.848761
0.736302
0.718345
0.831080
0.720391
0.757477
0.805978
0.761173
0.687862
0.582354
0.553525
0.547429
0.544924
0.541850
0.541292
0.538655
0.536475
0.535935
0.535887
0.535546
0.535468
0.535732
0.534272
0.533640
0.533400
0.532797
0.530917
0.530444
0.530331
0.530494
0.529793
0.530938
0.528110
0.527923
0.529029
0.528192
0.528198
0.527217
0.525739
0.525118
0.525379
0.523134
0.524943
0.525923
0.527405
0.524573
0.523417
0.522768
0.521039
0.522328
0.522576
0.522930
0.521817
0.521632
0.521279
0.522036
0.521302
0.522234
0.520914
0.520622
0.520775
0.521209
0.520615