2.062746
1.652404
0.967861
0.880714
0.930627
0.791018
0.672216
0.626285
0.874767
0.733598
0.638218
0.646972
0.689122
0.647430
0.685959
0.734449
0.938057
0.532041
0.685678
0.621537
0.583513
0.668976
0.578736
0.647269
0.519786
0.552530
0.620967
0.740956
0.600606
0.510225
0.793730
0.745591
0.611357
0.680835
0.512347
0.641249
0.533430
0.478299
0.481431
0.619878
0.564519
0.823159
0.472594
0.538702
0.527228
0.541163
0.818640
0.581925
0.572352
0.608557
0.642726
0.726035
0.669367
0.559066
0.559728
0.550283
0.698414
0.610754
0.573949
0.510644
0.553571
0.530683
0.566528
0.592911
0.707501
0.641658
0.467893
0.471596
0.712999
0.510749
0.618900
0.509763
0.629168
0.494728
0.458328
0.635527
0.753456
0.519462
0.850049
0.476146
0.569054
0.307821
0.294782
0.294598
0.301014
0.293833
0.295117
0.289742
0.278355
0.306350
0.297082
0.289374
0.293222
0.295746
0.295574
0.298750
0.321332
0.304799
0.326670
0.308893
0.310030
0.317445
0.357101
0.315782
0.316216
0.354213
0.321451
0.357389
0.353511
0.322049
0.344351
0.325577
0.345630
0.354847
0.349651
0.365020
0.361493
0.370531
0.346018
0.359681
0.342197
0.347262
0.294263
0.289110
0.287089
0.286655
0.287507
0.286890
0.285843
0.289151
0.288825
0.291198
0.289361
0.289529
0.296462
0.293885
0.295724
0.291432
0.289156
0.300733