1.781284
1.791348
2.660195
1.982809
1.587425
1.315575
0.921309
0.992686
0.870114
0.650612
0.998611
0.622115
0.646061
0.818326
1.174767
0.688872
0.671461
0.651902
0.738727
0.678780
0.542975
0.576771
0.529373
0.521683
0.914799
0.615358
0.565063
0.567536
0.532827
0.459167
0.470195
0.418612
0.624929
0.459820
0.624103
0.579428
0.522414
0.538085
0.436594
0.507542
0.530884
0.480694
0.595441
0.644473
0.514913
0.502266
0.604952
0.489472
0.536296
0.707372
0.519028
0.540302
0.455983
0.456755
0.486122
0.536599
0.475994
0.444826
0.559878
0.477864
0.644318
0.511412
0.445163
0.532983
0.463062
0.578190
0.544278
0.484513
0.414761
0.548644
0.464018
0.662683
0.651725
0.586871
0.495664
0.480556
0.553577
0.525076
0.491267
0.547646
0.522493
0.359695
0.360334
0.360873
0.358955
0.363016
0.370124
0.369621
0.375783
0.376562
0.378893
0.378981
0.380634
0.386617
0.380684
0.383743
0.382271
0.389506
0.398986
0.397548
0.395310
0.397752
0.389901
0.389190
0.401003
0.401427
0.401619
0.404780
0.408005
0.396957
0.404288
0.410061
0.403844
0.401229
0.403207
0.416213
0.404011
0.415608
0.409269
0.413659
0.408843
0.417877
0.411567
0.414168
0.412564
0.411142
0.408374
0.413455
0.409517
0.409818
0.409555
0.412534
0.411789
0.410972
0.412846
0.411630
0.412687
0.414680