2.512567
1.472422
1.761863
1.495485
1.104549
0.991244
0.859021
0.953611
0.810647
0.628486
0.765433
0.615641
0.635766
0.589133
0.696859
0.649917
0.563807
0.548485
0.515762
0.531176
0.460362
0.464596
0.504515
0.444130
0.475609
0.422601
0.421727
0.436800
0.479360
0.479316
0.410232
0.397661
0.716719
0.406696
0.398566
0.418987
0.396370
0.408457
0.423575
0.405395
0.404845
0.475395
0.417570
0.422636
0.431528
0.459589
0.461047
0.386233
0.404738
0.470971
0.414038
0.419675
0.449563
0.385090
0.438295
0.415590
0.499424
0.437672
0.469693
0.499161
0.419758
0.425799
0.472311
0.489241
0.426212
0.424354
0.449922
0.424700
0.446951
0.421736
0.391417
0.413106
0.412654
0.412692
0.403971
0.477213
0.415107
0.422869
0.449395
0.441536
0.465453
0.344441
0.349537
0.362740
0.374554
0.392319
0.404055
0.416715
0.419854
0.435585
0.440481
0.447345
0.444747
0.453455
0.465232
0.468122
0.471922
0.472026
0.474064
0.485575
0.488110
0.488862
0.498876
0.502284
0.506925
0.508449
0.495412
0.501225
0.507989
0.507664
0.506475
0.501824
0.509374
0.504657
0.515279
0.517493
0.518266
0.515467
0.514133
0.518676
0.515970
0.523078
0.521292
0.518116
0.515561
0.516603
0.509187
0.523488
0.516096
0.514475
0.514606
0.514334
0.512403
0.515011
0.512643
0.519745
0.523070
0.508543
0.518178