1.739292
1.809380
1.452400
1.234587
1.349050
1.110878
0.907502
0.798085
0.981605
0.814398
0.649712
0.707434
0.721127
0.606767
0.695780
0.586123
0.615028
0.535283
0.770181
0.729576
0.770675
0.461975
0.570580
0.686047
0.489206
0.657941
0.517304
0.534820
0.539487
0.524746
0.483451
0.524729
0.452272
0.520329
0.530904
0.490074
0.440386
0.512399
0.464799
0.483560
0.442777
0.392924
0.492805
0.463530
0.448362
0.451541
0.477415
0.460155
0.515437
0.437066
0.409209
0.388386
0.405741
0.564082
0.457219
0.532979
0.442828
0.434661
0.571761
0.570949
0.448571
0.415395
0.437456
0.442959
0.444191
0.390795
0.375919
0.504794
0.562223
0.490194
0.468604
0.423816
0.421482
0.513002
0.451776
0.415251
0.502941
0.445000
0.492556
0.435355
0.481052
0.316350
0.319033
0.309950
0.315313
0.318901
0.320132
0.315568
0.318426
0.324890
0.326642
0.323719
0.327642
0.326773
0.325136
0.323378
0.329565
0.332856
0.337378
0.333465
0.335213
0.340940
0.333683
0.349900
0.350030
0.346309
0.348049
0.344944
0.353286
0.354160
0.351862
0.348398
0.347015
0.351286
0.350230
0.349883
0.354618
0.351005
0.355424
0.355292
0.364047
0.357142
0.356394
0.357380
0.352089
0.356638
0.352255
0.352979
0.355205
0.351300
0.360461
0.359261
0.355867
0.358931
0.363293
0.362834
0.357938
0.356054
0.356301
0.358262