1.572317
2.332372
1.591793
0.839131
1.054145
0.860108
0.537446
0.577919
0.499521
0.448963
0.660313
0.436740
0.448334
0.420182
0.525507
0.428244
0.532931
0.444284
0.505652
0.447293
0.397900
0.404643
0.421106
0.393997
0.450621
0.542328
0.427567
0.515246
0.449905
0.502180
0.414965
0.423720
0.476499
0.400290
0.421692
0.406435
0.410839
0.494355
0.411416
0.450490
0.423860
0.502370
0.443033
0.431034
0.501647
0.456356
0.446203
0.503076
0.438171
0.391290
0.472868
0.479750
0.399403
0.434699
0.472625
0.441969
0.427880
0.432425
0.455441
0.422772
0.446518
0.397919
0.403250
0.469255
0.434999
0.406295
0.469730
0.418238
0.461868
0.508670
0.401798
0.432715
0.445389
0.433135
0.472207
0.481472
0.524936
0.425535
0.425138
0.460085
0.449538
0.349465
0.348371
0.354523
0.353033
0.361000
0.363698
0.366053
0.371501
0.374600
0.379038
0.382332
0.383804
0.384400
0.379967
0.387289
0.385000
0.386036
0.388201
0.392777
0.395660
0.392147
0.395649
0.398296
0.399490
0.405408
0.409542
0.403125
0.410934
0.408124
0.411618
0.415733
0.418088
0.414956
0.414791
0.411564
0.414397
0.415566
0.416467
0.417490
0.420388
0.421298
0.419472
0.417272
0.422188
0.420149
0.419023
0.422280
0.420785
0.420021
0.417873
0.418396
0.417551
0.418584
0.420088
0.419069
0.422412
0.419725