1.704798
1.477231
1.266517
1.393154
1.071929
0.890987
0.866577
0.876938
0.824844
0.748657
0.706818
0.671071
0.794461
0.627075
0.575445
0.530446
0.655126
0.529427
0.623605
0.776768
0.531228
0.743082
0.684200
0.548796
0.544745
0.643580
0.542621
0.485825
0.464263
0.551891
0.517353
0.463014
0.476940
0.500958
0.432128
0.503834
0.484800
0.449691
0.504478
0.475272
0.506084
0.456216
0.419922
0.445891
0.442109
0.532819
0.458408
0.426512
0.453162
0.465787
0.554539
0.487055
0.474720
0.463745
0.569356
0.443292
0.409748
0.517673
0.416895
0.443753
0.436493
0.497296
0.450467
0.448532
0.491469
0.445056
0.412697
0.500601
0.586784
0.476276
0.466344
0.564764
0.465374
0.402277
0.453506
0.498076
0.496628
0.450002
0.457862
0.501423
0.523631
0.356089
0.358082
0.352761
0.356193
0.365559
0.366052
0.362729
0.364775
0.366051
0.368749
0.374976
0.369932
0.369032
0.367384
0.365129
0.374400
0.373573
0.373457
0.371712
0.375393
0.367775
0.369998
0.393235
0.375115
0.382725
0.384225
0.383823
0.381203
0.378669
0.380362
0.389239
0.386667
0.380561
0.380640
0.383196
0.388802
0.387205
0.395520
0.388348
0.386592
0.393019
0.387994
0.385049
0.383023
0.385360
0.385951
0.383815
0.384532
0.382014
0.383496
0.383115
0.382195
0.387885
0.389049
0.391998
0.384991
0.385816
0.386485
0.386252