2.192751
1.505744
1.110990
1.182837
0.981177
0.823382
0.721280
0.823508
0.716685
0.674608
0.704118
0.577666
0.575833
0.563392
0.589427
0.543639
0.541508
0.519918
0.491945
0.491878
0.545287
0.479538
0.501540
0.475299
0.560812
0.463226
0.561983
0.474822
0.471487
0.457764
0.504724
0.440797
0.439690
0.518333
0.436582
0.478693
0.568822
0.498517
0.415954
0.484820
0.429073
0.415163
0.404882
0.397119
0.559873
0.507413
0.463462
0.480339
0.472043
0.469860
0.421084
0.459762
0.412402
0.427178
0.436093
0.368510
0.389640
0.440094
0.410823
0.466761
0.481708
0.410428
0.451382
0.383683
0.393026
0.378878
0.393345
0.446052
0.444176
0.403089
0.440985
0.409477
0.428129
0.399753
0.400467
0.418177
0.427352
0.409822
0.414504
0.378674
0.419208
0.310122
0.306020
0.308928
0.309447
0.304374
0.311383
0.307405
0.314843
0.313715
0.312678
0.313985
0.314380
0.319641
0.307975
0.321494
0.324831
0.317290
0.322585
0.321583
0.321895
0.328067
0.332693
0.339168
0.337391
0.335010
0.344296
0.342125
0.341086
0.337622
0.340318
0.338836
0.340443
0.346161
0.349954
0.350961
0.351919
0.350797
0.360965
0.365475
0.360835
0.354059
0.348297
0.345697
0.353346
0.351334
0.348761
0.353117
0.349520
0.347951
0.348689
0.349459
0.345473
0.349049
0.353685
0.351758
0.349197
0.351780
0.346180
0.353578