1.717932
1.168181
0.947678
0.784627
0.838235
0.694136
0.689876
0.627520
0.562402
0.557665
0.533747
0.687897
0.586125
0.513158
0.507400
0.491174
0.484221
0.524771
0.455790
0.486945
0.449638
0.476491
0.465821
0.416534
0.480680
0.477471
0.496641
0.472329
0.432208
0.441589
0.400115
0.422342
0.417214
0.425095
0.438173
0.486846
0.555230
0.491128
0.420039
0.423805
0.424235
0.408929
0.427781
0.433271
0.408911
0.404172
0.475125
0.458461
0.397027
0.506643
0.451265
0.477415
0.433211
0.418765
0.508373
0.411401
0.406398
0.423482
0.418833
0.432240
0.407215
0.375907
0.393458
0.398293
0.383506
0.407338
0.390051
0.450577
0.452559
0.410675
0.504166
0.452773
0.426316
0.407559
0.434180
0.401071
0.474902
0.390597
0.374558
0.410521
0.378405
0.286580
0.283193
0.274791
0.277861
0.277614
0.278963
0.278186
0.279967
0.279434
0.285274
0.289792
0.289447
0.288497
0.294931
0.290706
0.299391
0.297359
0.294150
0.295364
0.291924
0.301577
0.298526
0.301256
0.298040
0.302044
0.303012
0.315367
0.320422
0.314234
0.325405
0.331412
0.320011
0.340823
0.328764
0.332702
0.335972
0.326402
0.335813
0.341624
0.329466
0.333676
0.322244
0.322160
0.318491
0.321469
0.319604
0.323085
0.321865
0.323419
0.320944
0.321476
0.326049
0.327667
0.327959
0.324196
0.325250
0.328286
0.325981
0.330633