1.381899
1.399849
1.232589
0.981071
0.774304
0.758011
0.530665
0.571917
0.632530
0.597547
0.451210
0.544483
0.418301
0.482031
0.404548
0.448246
0.382056
0.421944
0.389723
0.387864
0.401284
0.384482
0.420972
0.406988
0.489697
0.390346
0.395026
0.443730
0.349952
0.340507
0.344356
0.446816
0.416385
0.393925
0.378562
0.428862
0.490570
0.371176
0.367471
0.379708
0.431678
0.393675
0.469541
0.413632
0.410004
0.413980
0.466883
0.457091
0.383341
0.400567
0.431257
0.402915
0.401801
0.397964
0.425101
0.435486
0.382141
0.399453
0.435451
0.415226
0.405068
0.464493
0.406404
0.375882
0.380469
0.405527
0.395677
0.392598
0.387972
0.447441
0.412677
0.419661
0.421285
0.440200
0.405865
0.370916
0.388848
0.460949
0.414465
0.416848
0.380660
0.319736
0.327883
0.335196
0.344405
0.348667
0.359685
0.362255
0.362478
0.366901
0.374698
0.381517
0.379862
0.385370
0.382620
0.393104
0.396819
0.402501
0.399244
0.414175
0.411983
0.411794
0.412297
0.419906
0.423537
0.419677
0.417478
0.416024
0.428322
0.431090
0.426810
0.428462
0.430086
0.428557
0.430910
0.434352
0.436988
0.437995
0.438500
0.439561
0.439895
0.446454
0.448377
0.445035
0.443414
0.441793
0.441083
0.441208
0.443517
0.442575
0.443324
0.443060
0.444488
0.442928
0.445942
0.446689
0.445890
0.444566
0.442281