2.165219
1.635932
1.895542
1.007089
2.021382
1.146609
0.907398
0.794882
0.658462
0.612712
0.626522
0.560981
0.561583
0.607399
0.593386
0.586764
0.624582
0.539171
0.570558
0.539695
0.484020
0.488739
0.461549
0.589339
0.478832
0.631227
0.436659
0.604250
0.476657
0.524022
0.614739
0.513722
0.494379
0.521516
0.449068
0.524051
0.402328
0.559525
0.605739
0.451658
0.467865
0.457355
0.411790
0.490477
0.490162
0.504289
0.440222
0.469364
0.500356
0.646157
0.470305
0.451018
0.486442
0.424494
0.467504
0.467222
0.577739
0.472944
0.577172
0.475354
0.454600
0.479972
0.539680
0.507872
0.484058
0.557187
0.420698
0.465189
0.429761
0.439736
0.450045
0.413455
0.453530
0.537127
0.509465
0.407176
0.491512
0.487621
0.518582
0.442688
0.458272
0.335117
0.339842
0.339511
0.342270
0.341491
0.347746
0.349860
0.347896
0.356900
0.350868
0.349275
0.360292
0.353736
0.355866
0.365050
0.360901
0.368020
0.365530
0.365623
0.378784
0.370863
0.374408
0.372303
0.375428
0.377132
0.376230
0.378627
0.385640
0.382169
0.393595
0.387231
0.392213
0.390953
0.399016
0.401345
0.395701
0.393805
0.400468
0.393164
0.395317
0.398650
0.394269
0.393102
0.393705
0.395484
0.395548
0.394452
0.394572
0.395535
0.393558
0.398338
0.392826
0.394654
0.394996
0.397159
0.395259
0.396439
0.393188