1.904308
1.739566
1.952098
1.565781
1.549030
1.435265
1.212214
1.458306
1.171059
1.287781
1.032005
0.991120
0.890103
1.268538
0.962815
0.783229
0.858253
1.045131
0.918166
1.025815
1.115490
0.895103
1.428170
0.823634
0.831134
0.698308
0.744607
0.924728
0.921407
0.778799
0.776159
0.685540
0.857067
0.848988
0.788105
0.907548
0.660885
0.857872
1.044308
0.706439
0.604205
0.714250
0.672474
0.687326
0.720734
0.597131
0.715336
0.611491
0.871499
0.653980
0.717300
0.593656
0.843876
0.694028
0.686223
0.723478
0.709601
0.645041
0.651319
0.599772
0.677274
0.726385
0.763922
0.763400
0.678507
0.708991
0.646379
0.697229
0.677636
0.675438
0.567426
0.628812
0.553622
0.755016
0.861463
0.842662
0.586262
0.600500
0.659509
0.808583
0.761205
0.383112
0.358771
0.338590
0.339596
0.331317
0.333916
0.317131
0.311402
0.314798
0.309398
0.308913
0.317579
0.313770
0.311194
0.320586
0.320633
0.315767
0.323557
0.337650
0.329103
0.340035
0.333630
0.346650
0.346040
0.357514
0.353634
0.350738
0.349623
0.362002
0.348358
0.353827
0.340397
0.353104
0.349231
0.358545
0.393300
0.345741
0.360521
0.364576
0.397802
0.379911
0.317696
0.310657
0.313175
0.316152
0.317345
0.320037
0.324973
0.322365
0.325097
0.321270
0.325760
0.325942
0.327969
0.332259
0.329795
0.327946
0.335664
0.333940