2.106532
2.323675
3.237901
2.020493
1.481275
1.576618
1.223171
1.117555
1.215279
1.070913
1.054379
1.009930
1.087780
0.964614
0.992408
0.948379
0.896862
0.758675
0.694923
0.777966
0.722144
0.688167
0.705398
0.838696
0.637014
0.684015
0.742907
0.770367
0.823619
0.871396
0.684842
0.660674
0.681493
0.585369
0.533477
0.576703
0.541722
0.642228
0.711469
0.603798
0.593289
0.607877
0.500787
0.555599
0.468865
0.704667
0.584568
0.531086
0.584468
0.525672
0.582189
0.489907
0.494364
0.540135
0.610270
0.643377
0.488801
0.610871
0.544168
0.455014
0.500882
0.540268
0.443766
0.505232
0.472219
0.465862
0.467844
0.518289
0.470542
0.484255
0.492063
0.449610
0.479656
0.500381
0.443919
0.442902
0.562908
0.473361
0.446788
0.507718
0.458227
0.354167
0.346987
0.341834
0.344234
0.343019
0.344979
0.344337
0.344846
0.354093
0.350579
0.352842
0.350458
0.355435
0.357648
0.356486
0.363037
0.359886
0.361915
0.368074
0.365750
0.364339
0.368495
0.367032
0.370319
0.371046
0.372074
0.374720
0.377573
0.375974
0.381055
0.383147
0.384033
0.388234
0.387652
0.384849
0.389418
0.387565
0.387703
0.391837
0.397661
0.396557
0.398683
0.390774
0.394372
0.394683
0.395383
0.394019
0.395940
0.399930
0.394477
0.397876
0.394162
0.394955
0.396679
0.399525
0.400702
0.394859
0.401374