1.992788
1.696616
1.647091
1.601469
1.542578
1.521861
1.479858
1.426168
1.395809
1.375395
1.357487
1.331347
1.317207
1.311034
1.285218
1.285271
1.261374
1.239733
1.246643
1.228473
1.188997
1.184065
1.183251
1.178890
1.168894
1.151455
1.151416
1.138292
1.133666
1.113888
1.111866
1.092458
1.094143
1.091168
1.083872
1.074694
1.073997
1.056200
1.057788
1.050241
1.041589
1.039766
1.038942
1.020063
1.013496
1.003305
1.004119
1.029895
1.002338
1.025477
1.010787
0.999241
0.977932
0.966769
0.979859
0.960545
0.959990
0.974874
0.949942
0.944661
0.940019
0.936451
0.923462
0.944809
0.937939
0.947083
0.952386
0.924638
0.930499
0.910355
0.908273
0.917949
0.900602
0.909141
0.901051
0.919172
0.887836
0.897831
0.898346
0.892551
0.881847
0.868740
0.868088
0.863597
0.860503
0.858407
0.854384
0.855944
0.852457
0.853450
0.848048
0.846473
0.843965
0.844626
0.842169
0.841471
0.841115
0.838932
0.837410
0.839209
0.836860
0.834033
0.834413
0.834040
0.833413
0.830717
0.831120
0.828846
0.830050
0.827069
0.825878
0.823548
0.826965
0.821666
0.821673
0.825368
0.823367
0.818409
0.820707
0.818291
0.818825
0.816843
0.816661
0.815743
0.816129
0.814968
0.814724
0.816197
0.814554
0.815505
0.814474
0.815391
0.816687
0.815075
0.813802
0.814539
0.816750
0.815774