1.741530
1.964600
1.595876
1.219335
1.295691
1.018873
1.026139
0.918422
0.890867
0.735578
0.751950
0.810322
0.604510
0.640941
1.004662
0.543532
0.694427
0.549397
0.657452
0.645813
0.733177
0.543161
0.650440
0.610942
0.599374
0.501641
0.528180
0.523543
0.681719
0.556842
0.478549
0.487890
0.454015
0.716736
0.647641
0.564798
0.463976
0.566024
0.424800
0.450036
0.426861
0.454630
0.430603
0.411552
0.497663
0.510183
0.467857
0.466847
0.408296
0.546510
0.489372
0.465555
0.469789
0.477371
0.451185
0.527097
0.498757
0.407428
0.413446
0.419292
0.478623
0.425934
0.547130
0.563638
0.432893
0.381483
0.399658
0.458116
0.428121
0.441501
0.415402
0.467116
0.424726
0.502983
0.420326
0.448445
0.492846
0.433017
0.439957
0.486086
0.418331
0.325072
0.318834
0.315523
0.319575
0.321117
0.326961
0.320260
0.320514
0.329948
0.339647
0.331423
0.332179
0.331708
0.331097
0.326875
0.335436
0.338885
0.337179
0.339783
0.340650
0.343372
0.344020
0.343730
0.349821
0.350884
0.348714
0.352542
0.356113
0.352127
0.355192
0.361548
0.359033
0.366964
0.360996
0.360508
0.374012
0.366343
0.363891
0.363371
0.373132
0.372961
0.371690
0.368409
0.363044
0.366387
0.369164
0.363569
0.367262
0.363049
0.363587
0.364649
0.364590
0.368949
0.370050
0.372044
0.366013
0.365472
0.367405
0.368803