1.476801
1.527314
0.989604
0.968480
0.915404
0.661361
0.559605
0.711215
0.520212
0.442014
0.513988
0.488618
0.587563
0.541255
0.654132
0.483249
0.499955
0.433212
0.406633
0.430987
0.370502
0.479424
0.361144
0.457186
0.412110
0.419232
0.612370
0.434563
0.430669
0.389196
0.414474
0.470326
0.404888
0.429086
0.461301
0.433386
0.402215
0.406905
0.383805
0.432228
0.437690
0.430385
0.382696
0.475724
0.385794
0.459116
0.428629
0.515722
0.436354
0.465255
0.413415
0.533688
0.433447
0.454748
0.467350
0.496284
0.466555
0.395474
0.476872
0.469156
0.475588
0.464925
0.452196
0.483295
0.429068
0.429767
0.519581
0.444541
0.418502
0.457710
0.414524
0.437524
0.442029
0.453267
0.490775
0.396375
0.430350
0.425336
0.548702
0.438798
0.401314
0.348184
0.352923
0.356845
0.362453
0.371954
0.378410
0.376806
0.385860
0.380584
0.388109
0.384277
0.391342
0.394928
0.393850
0.403181
0.400087
0.406469
0.408634
0.414210
0.413897
0.410814
0.416252
0.410362
0.410306
0.414905
0.417648
0.411205
0.418673
0.418078
0.424974
0.426542
0.427373
0.423294
0.427439
0.431570
0.433968
0.434031
0.432163
0.433964
0.438336
0.447978
0.443164
0.440778
0.439786
0.441287
0.437231
0.441499
0.444583
0.442908
0.436817
0.438716
0.438095
0.439661
0.440433
0.439272
0.443371
0.440339