1.691362
1.587041
1.521586
1.632674
1.318264
0.910263
0.858664
0.771549
0.701354
0.633321
0.703973
0.698749
0.615422
0.630794
0.571533
0.529412
0.583790
0.542481
0.488851
0.553046
0.456994
0.438752
0.491812
0.540737
0.443446
0.453851
0.395540
0.398692
0.504292
0.457936
0.456660
0.460343
0.468577
0.412685
0.414673
0.413016
0.377998
0.384451
0.407616
0.446037
0.446785
0.389434
0.441639
0.388597
0.477118
0.418378
0.504199
0.450076
0.405793
0.412927
0.465055
0.484658
0.413426
0.431534
0.460283
0.414801
0.447571
0.391907
0.460573
0.472853
0.409380
0.560502
0.425773
0.464412
0.389473
0.457682
0.442436
0.472451
0.436158
0.424631
0.450321
0.428669
0.438083
0.455411
0.402863
0.442057
0.473527
0.432097
0.407331
0.433185
0.503678
0.351609
0.357682
0.373225
0.384709
0.397297
0.417171
0.423959
0.429655
0.445042
0.456690
0.469208
0.474791
0.474040
0.479322
0.481416
0.488426
0.486803
0.486500
0.495504
0.499815
0.508237
0.507828
0.502597
0.509747
0.519700
0.516657
0.511605
0.512942
0.507140
0.508893
0.513344
0.503679
0.511481
0.524819
0.519072
0.526342
0.533614
0.531734
0.538533
0.536262
0.543047
0.543509
0.544705
0.544131
0.544186
0.541505
0.538384
0.543616
0.537806
0.532305
0.537744
0.540352
0.535309
0.539896
0.537179
0.538649
0.537684
0.538705