6.094140
129.556924
2.102838
2.509635
1.757047
1.750097
1.627041
1.802409
1.544357
1.517057
1.467232
1.482749
1.669889
1.473175
1.317483
1.363553
1.291135
1.355433
1.246216
1.176925
1.035433
0.972600
1.174397
0.926471
1.134503
1.138314
0.793946
0.955258
0.726554
0.681043
0.758178
0.807568
0.773483
0.759478
0.821163
1.024721
0.703974
0.572628
0.620809
0.662254
0.813259
0.523987
0.539889
0.558192
0.535007
0.675330
0.535998
0.550668
0.537989
0.602996
0.602113
0.519283
0.526718
0.513975
0.634948
0.477644
0.476733
0.609273
0.507983
0.556886
0.541532
0.549699
0.463452
0.493222
0.533213
0.446074
0.426801
0.496090
0.505106
0.511164
0.513526
0.493267
0.440334
0.430604
0.435423
0.574405
0.491902
0.451249
0.418438
0.456143
0.546800
0.329678
0.318062
0.327000
0.331844
0.338778
0.344141
0.348357
0.355445
0.370088
0.372946
0.372766
0.378543
0.382857
0.380444
0.382917
0.392253
0.396804
0.396805
0.402869
0.402143
0.404929
0.415356
0.407380
0.409629
0.429272
0.423603
0.427208
0.427714
0.429469
0.437966
0.434366
0.440245
0.445984
0.441804
0.450211
0.455541
0.455000
0.454385
0.457907
0.463830
0.469093
0.467250
0.465161
0.469651
0.462012
0.456797
0.467997
0.467101
0.460729
0.466304
0.465893
0.471655
0.467776
0.465445
0.467159
0.474091
0.464723