2.451926
1.759586
1.719694
2.051827
1.755113
1.420625
1.074168
1.352335
1.212836
0.926659
0.830292
0.816816
1.023285
1.030116
0.780190
0.906461
1.053989
1.048149
0.773134
0.719234
0.769597
0.673972
0.719277
0.615457
0.893590
0.737880
0.703004
0.643585
0.552839
0.600525
0.534418
0.735138
0.672132
0.737762
0.716979
0.575717
0.632046
0.869088
0.546299
0.497076
0.717883
0.557887
0.556801
0.460305
0.628449
0.620862
0.699413
0.670841
0.541323
0.590908
0.599860
0.486635
0.513710
0.700532
0.668337
0.605729
0.470727
0.531657
0.752608
0.505829
0.812840
0.690484
0.534595
0.698400
0.466009
0.562005
0.564056
0.541310
0.828029
0.619434
0.561021
0.717898
0.533098
0.528351
0.690728
0.629500
0.554523
0.590219
0.755044
0.552605
0.583717
0.401923
0.384056
0.376343
0.391685
0.386220
0.387298
0.386427
0.392320
0.389878
0.388319
0.387202
0.392464
0.393041
0.401123
0.391423
0.397611
0.395286
0.398813
0.402136
0.403960
0.399312
0.400638
0.408980
0.400461
0.410890
0.407921
0.407899
0.411629
0.412907
0.419826
0.411992
0.410722
0.418850
0.413537
0.421939
0.426301
0.424049
0.413061
0.423416
0.426943
0.427206
0.417318
0.416307
0.415811
0.416262
0.415498
0.416710
0.416591
0.416188
0.415019
0.415002
0.415529
0.415529
0.416984