1.695782
1.428845
1.494115
1.032888
0.736396
0.731873
0.697336
0.626195
0.800231
0.708409
0.566532
0.533263
0.726435
0.588824
0.560410
0.566205
0.566052
0.594215
0.499730
0.647834
0.437100
0.553717
0.573242
0.461675
0.429509
0.577149
0.564300
0.458523
0.493123
0.525590
0.437574
0.430285
0.422288
0.424181
0.429565
0.447207
0.428153
0.434300
0.522019
0.397620
0.443065
0.509467
0.415910
0.416265
0.498226
0.458546
0.511709
0.463287
0.440997
0.427234
0.420827
0.448862
0.400856
0.414746
0.606795
0.562541
0.434864
0.378028
0.424177
0.476939
0.469257
0.427158
0.406536
0.471126
0.425013
0.480847
0.408641
0.454390
0.452547
0.449678
0.447769
0.490662
0.477076
0.425167
0.509829
0.421728
0.460371
0.485290
0.474933
0.441212
0.455236
0.316769
0.308156
0.306333
0.318452
0.321124
0.320263
0.314638
0.319719
0.325170
0.325455
0.323804
0.323961
0.334847
0.335115
0.327283
0.328506
0.332567
0.337248
0.333415
0.345677
0.340391
0.344987
0.350066
0.347217
0.348943
0.357364
0.351362
0.361057
0.358677
0.369487
0.358149
0.360032
0.366301
0.366306
0.362347
0.369923
0.366038
0.380502
0.367819
0.374956
0.376042
0.368887
0.364492
0.366639
0.367229
0.368172
0.366741
0.369790
0.365220
0.364690
0.366476
0.364870
0.367965
0.371947
0.372043
0.365044
0.367203
0.370111
0.371911