1.0
1.193957805633545
0.8168733716011047
1.5871949195861816
0.7706248164176941
1.4436776638031006
1.1968560218811035
1.2136540412902832
0.875537097454071
1.1131120920181274
0.9354223608970642
0.8855405449867249
1.371984839439392
0.9695163369178772
0.9860703945159912
0.8158054351806641
0.9255915880203247
1.181738257408142
0.7434497475624084
1.122718095779419
1.1254870891571045
0.6681883931159973
1.1642733812332153
0.7412329912185669
1.0013025999069214
0.9792044162750244
0.929396390914917
1.2236615419387817
0.8916723728179932
0.9683666229248047
1.0600465536117554
1.0471436977386475
0.8370078206062317
1.1301729679107666
1.0797984600067139
0.7246101498603821
1.1044799089431763
1.0282984972000122
0.9844503998756409
0.828351616859436
1.4291504621505737
0.8794556260108948
0.9305818676948547
1.0205172300338745
1.0630258321762085
0.9409067630767822
0.8522934317588806
1.2950413227081299
0.7741062641143799
1.1610881090164185
0.7842779755592346
1.6417845487594604
0.712712287902832
0.9048783779144287
1.1704578399658203
0.9650699496269226
1.0307743549346924
0.942987859249115
0.9976261258125305
1.2901828289031982
0.6685972809791565
1.148935079574585
0.9449112415313721
1.3273264169692993
0.9056836366653442
0.7531135678291321
0.9594547152519226
1.24699866771698
1.0002825260162354
0.8903512358665466
0.9946536421775818
0.9182887077331543
1.278112530708313
0.9881362318992615
0.7765235304832458
1.19374418258667
0.880425751209259
1.2708020210266113
0.8449457883834839
1.231696605682373
0.9851524233818054
0.8871403932571411
0.9783589243888855
0.8407595157623291
1.1626425981521606
0.9184059500694275
0.7090243697166443
1.476963996887207
1.1686052083969116
0.8503499031066895
1.2311491966247559
0.8017700910568237
1.0305312871932983
1.0815026760101318
0.7352092862129211
1.2624506950378418
0.8996555805206299
1.3766071796417236
0.9934287071228027
0.8479994535446167
1.0615124702453613
0.9450669288635254
1.1175872087478638
0.7910261750221252
1.1524441242218018
0.9564831852912903
1.1346453428268433
0.7804040312767029
1.1026620864868164
1.191673994064331
0.7628397345542908
1.591220498085022
0.7001137733459473
0.9003475904464722
1.1550277471542358
0.9968337416648865
1.1438515186309814
0.7702645063400269
1.556343913078308
0.5995189547538757
1.37867271900177
0.6893554925918579
1.2499890327453613
1.016127109527588
1.1013449430465698
0.7634860873222351
1.3391432762145996
0.8898667097091675
0.9413315653800964
1.0381860733032227
1.11154043674469
0.8959477543830872
0.7754071950912476
1.5598106384277344
0.7757835388183594
0.7984057068824768
1.4907845258712769
0.8433946371078491
1.0463424921035767
1.009918451309204
1.004356861114502
0.8446252346038818
1.0464810132980347
1.2472524642944336
1.014622449874878
1.041827917098999
0.9975679516792297
0.8162015080451965
1.05024254322052
1.1352872848510742
0.808950662612915
1.3031786680221558
0.70418381690979
1.1546547412872314
0.946700930595398
1.4778085947036743
0.6442348957061768
0.9253447651863098
1.1422908306121826
1.0806571245193481
0.834518313407898
1.2493550777435303
1.1506390571594238
0.7895200252532959
1.1115914583206177
1.057513952255249
0.6989110708236694
1.3144071102142334
0.7113945484161377
1.3847240209579468
0.8846579790115356
1.2128275632858276
0.7134300470352173
1.4331659078598022
0.8145647644996643
1.2083112001419067
0.795685350894928
1.18337082862854
0.9928162693977356
0.90655118227005
1.0773398876190186
0.9177002906799316
1.1596473455429077
0.6344947814941406
0.9353495836257935
1.9094526767730713
0.7883234620094299
0.9571433067321777
1.4067670106887817
0.6455415487289429
1.0997201204299927
1.1458131074905396
0.9100088477134705
1.2599653005599976
0.7200846076011658
1.1128404140472412
1.0514888763427734
0.6859718561172485
1.4556573629379272
0.7891450524330139
1.3031797409057617
0.7518048286437988
1.5285712480545044
0.611455500125885
1.398984670639038
0.897209107875824
0.7790467143058777
1.5983887910842896
0.7100306749343872
1.2454559803009033
0.89875727891922
1.2547986507415771
0.5553596019744873
1.4966163635253906
0.7850791215896606
1.2195849418640137
0.9145455956459045
1.4125837087631226
0.8754178881645203
0.9313561916351318
1.1643303632736206
0.586929440498352
1.3044620752334595
1.2593538761138916
0.6299434900283813
1.2209620475769043
0.9469003081321716
1.3979722261428833
0.7776320576667786
1.294175386428833
0.5227945446968079
1.8790825605392456
0.7805386781692505
1.0175591707229614
0.8880914449691772
1.1728774309158325
0.8752669095993042
1.2579145431518555
0.6112208366394043
1.9485241174697876
0.7991129755973816
0.9582054615020752
0.9042160511016846
1.2759500741958618
0.8948190212249756
1.3522123098373413
0.7261012196540833
0.6931267380714417
1.1032882928848267
1.04911208152771
0.9844881296157837
1.3481539487838745
0.7787836194038391
1.1049944162368774
0.8845444917678833
1.2298622131347656
0.9739522337913513
0.5768351554870605
2.348851203918457
0.6733395457267761
1.3739367723464966
0.6380655169487
1.3871819972991943
0.9235796332359314
0.9603825211524963
0.8874694108963013
1.3705317974090576
0.7181535959243774
1.3108513355255127
0.6998550891876221
1.2405089139938354
1.1871864795684814
0.7533307671546936
1.1715267896652222
0.7023681998252869
1.7649680376052856
0.6853773593902588
0.8889837265014648
1.2772762775421143
1.010326623916626
1.1572927236557007
0.5587363243103027
1.9493565559387207
0.8874296545982361
0.8219748139381409
1.1529557704925537
0.4624560475349426
2.2872586250305176
0.8892085552215576
1.113377571105957
0.7230438590049744
1.3296889066696167
1.0061633586883545
0.9849987626075745
1.3134790658950806
0.6666791439056396
1.2468901872634888
0.8792207837104797
0.851978063583374
1.0359758138656616
0.9227913618087769
1.0460034608840942
1.2471433877944946
1.0188685655593872
0.7169491052627563
1.1441209316253662
1.1565378904342651
1.2182955741882324
0.7947399020195007
0.7958833575248718
1.4848740100860596
0.8323832154273987
1.1033141613006592
0.8493793606758118
0.8530626893043518
1.51872718334198
0.76852947473526
0.9299444556236267
1.5621799230575562
0.6121283173561096
1.543707013130188
0.6977766752243042
1.3212530612945557
0.5577191114425659
1.2511608600616455
1.1691961288452148
0.9829804301261902
1.1951617002487183
0.5967597365379333
1.722054123878479
0.6807812452316284
1.3268879652023315
0.9989417791366577
0.9299211502075195
0.7369146347045898
1.5395450592041016
0.7621166110038757
0.9293931722640991
1.388519287109375
1.0940684080123901
0.8182950615882874
1.1569708585739136
0.968752384185791
1.0589826107025146
0.6424393653869629
1.650495171546936
0.7600318193435669
1.2887927293777466
0.7365379929542542
0.7404946088790894
1.0815168619155884
1.5689233541488647
0.682091236114502
1.573195457458496
0.8368293642997742
0.7730216383934021
1.349861979484558
1.080796718597412
0.65372633934021
1.6169674396514893
0.9089534878730774
0.8457115292549133
0.831114649772644
1.1430672407150269
0.7922199368476868
1.6201251745224
0.9741269946098328
1.0720105171203613
0.7192437648773193
1.1754519939422607
0.8997588753700256
1.2660526037216187
0.7918804287910461
1.3372279405593872
0.6767058968544006
1.6138068437576294
0.7430393099784851
1.0658395290374756
0.7293352484703064
1.5452646017074585
0.7148376703262329
1.0538707971572876
1.1745332479476929
0.9671258926391602
0.7997174859046936
1.5109751224517822
0.7089390158653259
1.2484381198883057
0.9140031337738037
0.947389543056488
0.8853017091751099
1.0469350814819336
1.40236496925354
0.7015116810798645
0.9955326318740845
1.0954034328460693
1.2065956592559814
0.9506245255470276
0.9959487318992615
0.7378615140914917
1.5976916551589966
0.5693455934524536
1.655809760093689
0.801947832107544
1.027870535850525
0.8450706005096436
1.2463537454605103
0.8386818766593933
1.3878207206726074
0.7130721807479858
0.9631878733634949
1.1906219720840454
0.8706130981445312
1.526918888092041
0.5798373818397522
1.6568166017532349
0.7125838994979858
1.0093402862548828
1.175439476966858
1.0671042203903198
0.7525110244750977
1.543613076210022
0.7572556138038635
1.3903687000274658
0.6024318337440491
1.3049731254577637
0.6870731115341187
1.7309507131576538
0.6184437870979309
1.0970813035964966
1.068521499633789
1.222446084022522
0.9051793217658997
1.09941565990448
0.7628374099731445
1.2198957204818726
0.9794471859931946
0.8272454738616943
1.1610478162765503
0.8462985754013062
0.9589380621910095
1.37417733669281
0.8586695790290833
1.3712571859359741
0.6342856884002686
1.1059482097625732
1.0502911806106567
0.6237937808036804
1.3638955354690552
1.394603967666626
0.7137640118598938
0.9933140873908997
0.966619610786438
1.337632656097412
0.7035830020904541
1.1870684623718262
0.8546541333198547
1.7281442880630493
0.6765702962875366
0.9936345219612122
1.3386969566345215
0.9474456906318665
0.6948401927947998
1.3022254705429077
0.9114478230476379
1.16840660572052
0.7510159611701965
1.2691439390182495
0.9730013012886047
1.1131761074066162
0.8469269871711731
1.3301641941070557
0.7829370498657227
0.886946439743042
1.1150306463241577
1.1902129650115967
0.6425306797027588
1.605733036994934
0.6930150389671326
0.9169192314147949
1.2926323413848877
0.7959408164024353
1.0016288757324219
1.6958444118499756
0.6797063946723938
1.1226552724838257
0.777286946773529
1.3199999332427979
0.7213292717933655
1.2311240434646606
0.8636706471443176
1.2234660387039185
1.0114649534225464
0.7930305004119873
1.625976800918579
0.597907304763794
1.3762407302856445
0.8154640793800354
1.2868263721466064
1.0989487171173096
0.7083573341369629
1.344152569770813
0.5497429370880127
1.9019389152526855
0.6959273815155029
1.3655728101730347
0.7701584100723267
1.3683058023452759
0.6232726573944092
1.5317437648773193
0.642668604850769
1.6098945140838623
0.8649336695671082
0.896417498588562
1.3806499242782593
0.7551114559173584
1.0927037000656128
0.720142662525177
1.2839596271514893
1.1098723411560059
0.8780105113983154
1.2368768453598022
0.6874457597732544
1.6450504064559937
0.7268885374069214
1.1627377271652222
0.8306388258934021
1.337741732597351
0.5748522281646729
1.3453315496444702
0.8935531377792358
1.1610769033432007
0.7459062933921814
1.449324607849121
0.7622705101966858
1.4581130743026733
0.6384714245796204
1.6098709106445312
0.8620553612709045
1.0615965127944946
0.9128865599632263
0.951939046382904
0.8152816891670227
1.4745994806289673
0.8712334036827087
0.6833152770996094
1.581399917602539
0.9445231556892395
1.137710690498352
0.7216559052467346
1.2736248970031738
0.7982969284057617
1.4859873056411743
0.5894769430160522
1.2285465002059937
0.8600543141365051
0.9535440802574158
1.0359225273132324
1.7465697526931763
0.6118835210800171
1.057692050933838
1.130456566810608
0.8684293031692505
1.315106987953186
0.49218934774398804
2.596466064453125
0.5393497347831726
1.1660714149475098
1.287236213684082
0.8450480699539185
1.2703442573547363
0.6841387748718262
1.0064250230789185
1.2966411113739014
0.545012891292572
1.8391066789627075
0.8696820139884949
1.1701710224151611
1.0654795169830322
0.5596078038215637
1.5616272687911987
0.6982316374778748
1.7076798677444458
0.6043266654014587
1.3063398599624634
0.7077481746673584
1.2679766416549683
1.1878122091293335
0.7873498797416687
1.1974170207977295
0.8097242116928101
1.2336111068725586
0.7922170162200928
1.2047864198684692
0.7818605303764343
1.546658992767334
0.6322545409202576
1.3098827600479126
0.9602482914924622
1.0953799486160278
0.873874306678772
0.9125347137451172
1.0311546325683594
1.2289899587631226
1.0480682849884033
0.8879087567329407
1.0073955059051514
0.9720431566238403
0.8920745253562927
1.1966975927352905
0.739000141620636
1.4249378442764282
0.8009490370750427
1.3993651866912842
0.7346295714378357
1.1240931749343872
1.2140586376190186
0.8658604621887207
0.8716943264007568
0.9945278763771057
0.9471561312675476
1.4134255647659302
0.7115988731384277
1.3529410362243652
0.8730562329292297
0.8536311388015747
1.2780323028564453
0.9922738671302795
0.663801372051239
1.6637849807739258
0.6573631167411804
1.0424827337265015
0.9681553244590759
1.1659263372421265
1.3625192642211914
0.6526807546615601
1.1442031860351562
1.017717957496643
0.9640779495239258
1.072219967842102
0.8414051532745361
1.4110918045043945
0.8409729599952698
1.3431895971298218
0.8254356980323792
0.7195740342140198
1.299955129623413
1.1195377111434937
0.6554595232009888
1.264050841331482
1.283273458480835
0.7158049941062927
1.2283082008361816
0.7810716032981873
1.0785934925079346
0.8096175193786621
1.3063732385635376
0.9662144780158997
1.0249552726745605
0.8278898000717163
1.2886782884597778
0.6960279941558838
1.6773290634155273
0.7314302921295166
1.078163743019104
0.8777934312820435
1.4329360723495483
0.6220979690551758
1.5875414609909058
0.7331407070159912
0.9626778960227966
0.8277902603149414
1.559498906135559
0.7312652468681335
1.784303903579712
0.5861663222312927
1.3271321058273315
0.915736734867096
1.2092770338058472
0.5766301155090332
1.7200632095336914
0.7544208765029907
0.8194843530654907
1.3738231658935547
0.8684065341949463
1.0041306018829346
0.9251324534416199
0.7633108496665955
1.3809562921524048
1.0939680337905884
1.251525640487671
0.6912128925323486
1.3361207246780396
1.0721118450164795
0.5380960702896118
1.7288883924484253
1.0656062364578247
0.9005206227302551
0.7706930041313171
1.3511043787002563
0.6490090489387512
1.2080278396606445
1.3749090433120728
0.8442417979240417
0.9020373225212097
0.7834758758544922
1.334750771522522
0.8715492486953735
1.0612728595733643
1.0714150667190552
1.0146875381469727
1.3066455125808716
0.8303219079971313
0.7903981804847717
0.9712439179420471
0.9530791640281677
1.420649766921997
0.8987585306167603
1.0965760946273804
0.8252640962600708
1.4147197008132935
0.5788135528564453
1.3599845170974731
0.9993706941604614
1.0543898344039917
0.8023208975791931
1.3544758558273315
0.6775014400482178
1.5684717893600464
0.8466207385063171
1.0125148296356201
0.9988433122634888
1.163072943687439
0.6363890171051025
1.261296033859253
0.8493571877479553
1.183642029762268
0.8974800109863281
0.9929348826408386
1.1195060014724731
0.9720248579978943
0.9806517958641052
0.91176438331604
1.5334103107452393
0.6033740639686584
1.4653549194335938
0.8610154986381531
0.9361350536346436
1.0465835332870483
1.1567192077636719
0.7612966895103455
1.1520295143127441
1.0710011720657349
0.7882148623466492
1.3579214811325073
0.9190925359725952
0.9860613942146301
0.890180766582489
1.2912541627883911
0.7062232494354248
1.154678225517273
1.047846794128418
1.1303812265396118
0.7364723086357117
1.5332597494125366
0.5688438415527344
1.5445834398269653
0.7236897945404053
1.2822084426879883
0.814202070236206
1.1789031028747559
0.9026774168014526
0.9092540144920349
0.9760259985923767
1.1691128015518188
0.9738616943359375
0.7701293230056763
1.691903829574585
0.7000756859779358
1.5537464618682861
0.7036460041999817
1.322554349899292
0.7145065665245056
1.3301881551742554
0.7786174416542053
1.3634010553359985
0.6504032611846924
1.284077763557434
0.7347822189331055
1.2202903032302856
0.8163840770721436
1.2012721300125122
0.9221401214599609
0.8265989422798157
1.3399027585983276
1.039475679397583
1.168532371520996
0.901444673538208
1.20099937915802
0.8615772128105164
0.703146755695343
1.5228389501571655
0.667385458946228
1.6394504308700562
0.7694870829582214
0.9032740592956543
1.199978232383728
1.0672675371170044
0.7386924028396606
1.678611397743225
0.6792560815811157
1.3942724466323853
0.6722460985183716
1.589827299118042
0.7579241394996643
1.216990351676941
0.6224178671836853
1.40376615524292
0.8259021639823914
0.9556492567062378
1.0871440172195435
1.230720043182373
1.0565403699874878
0.8595657348632812
0.8355390429496765
1.2837557792663574
0.8012564778327942
0.85212641954422
1.411594271659851
0.8056532740592957
0.8116055130958557
1.2047139406204224
1.4090781211853027
0.605461061000824
1.825439214706421
0.7593716979026794
0.9418915510177612
0.7626311182975769
1.7432515621185303
0.660051703453064
1.5094711780548096
0.624700665473938
1.6509623527526855
1.0851060152053833
0.8174699544906616
0.6317956447601318
1.1616405248641968
1.1312602758407593
0.8297349214553833
1.7897461652755737
0.45191243290901184
1.482562780380249
1.0566446781158447
0.9981565475463867
1.2756096124649048
0.4426541030406952
1.1984261274337769
1.1768460273742676
1.0263018608093262
1.229387640953064
0.7306569814682007
1.4784692525863647
0.7832759618759155
1.1894644498825073
0.9544419050216675
1.1474993228912354
0.7876747250556946
1.406482219696045
0.8323953747749329
0.7868399620056152
1.2261430025100708
1.0163954496383667
0.5816515684127808
1.4187278747558594
0.7698976397514343
1.8417125940322876
0.8622593879699707
0.9536322355270386
1.003835678100586
1.0016167163848877
0.8384308815002441
1.36290442943573
0.8214263916015625
1.1440972089767456
0.8742302656173706
1.2538840770721436
0.8098088502883911
1.1782888174057007
0.8031550049781799
1.2549121379852295
0.8614966869354248
1.3928732872009277
0.6427452564239502
1.0086278915405273
1.0230414867401123
1.3089022636413574
0.766792893409729
1.124947428703308
0.8418028354644775
1.4354259967803955
0.5803648233413696
1.599549412727356
0.7249367833137512
1.4908374547958374
0.7295551896095276
1.3492770195007324
0.7363560199737549
1.471934199333191
0.7612999677658081
1.0340863466262817
0.6489486694335938
1.8451108932495117
0.6248072385787964
2.0403950214385986
0.4502963125705719
1.4372483491897583
0.833587646484375
0.9788050651550293
1.1630175113677979
1.3860772848129272
0.576448380947113
1.283051609992981
1.0611464977264404
1.0105010271072388
0.7075768709182739
1.4951021671295166
0.609444797039032
1.9265224933624268
0.6403090357780457
1.12158203125
0.9025864601135254
1.4902759790420532
0.7486894130706787
1.3728795051574707
0.5559689402580261
1.3226865530014038
0.9341210126876831
1.0217145681381226
0.880689263343811
1.2559242248535156
0.8195304274559021
1.3067185878753662
0.9027959108352661
1.09853994846344
0.8660122752189636
0.8752482533454895
1.5785325765609741
0.6879842877388
1.1673105955123901
0.9812659621238708
1.0286612510681152
0.8678267598152161
1.3289316892623901
0.719168484210968
1.2131562232971191
0.8548768758773804
1.3652634620666504
0.6250535845756531
1.4373425245285034
0.8757929801940918
1.2559964656829834
0.9261265397071838
0.9813629388809204
0.8332706093788147
0.9502788782119751
1.0013395547866821
0.962029218673706
1.6419857740402222
0.6671847701072693
1.3377307653427124
0.6723255515098572
1.6598771810531616
0.9529937505722046
0.8287858963012695
0.625496506690979
1.7848105430603027
0.7903913259506226
0.9639058113098145
0.7029013633728027
1.490563988685608
0.9788233637809753
1.2020659446716309
0.6485227942466736
1.4245420694351196
0.7982919812202454
1.0701677799224854
1.342541217803955
0.5848718881607056
1.7440468072891235
0.762384295463562
1.2659796476364136
0.7838149666786194
1.0916494131088257
0.7497462034225464
1.5167853832244873
0.7580667734146118
1.1712349653244019
0.9608328342437744
0.8349437117576599
1.3050893545150757
0.8240337371826172
1.3649237155914307
0.6651126742362976
1.078688621520996
0.9066506624221802
1.3851466178894043
0.6645138263702393
1.6767175197601318
0.994111955165863
0.959917426109314
1.0395814180374146
0.7976469397544861
0.7009308934211731
1.7451658248901367
0.5760160088539124
1.3233494758605957
1.0547376871109009
0.8145946264266968
1.3575055599212646
0.9112643599510193
1.3651604652404785
0.7423872947692871
0.9325929880142212
0.8864068984985352
1.437131404876709
0.606635570526123
1.2838757038116455
0.9130862355232239
1.3851133584976196
0.7877976894378662
1.1602967977523804
1.0423439741134644
1.02602219581604
0.9723743796348572
0.7599481344223022
1.5811114311218262
0.6674969792366028
1.1979295015335083
0.8425727486610413
1.0834795236587524
0.9287644624710083
0.9540948867797852
1.3791426420211792
0.8003831505775452
1.3801798820495605
0.6830498576164246
1.1253347396850586
0.8135231137275696
1.559251308441162
0.5457866787910461
1.4250608682632446
1.0654398202896118
1.0086482763290405
1.1967841386795044
0.469751238822937
2.396191358566284
0.6241117715835571
1.2856019735336304
0.7075791358947754
1.3035447597503662
0.7343786358833313
1.228569507598877
1.0733474493026733
0.9449731111526489
0.9847683906555176
1.0342609882354736
1.085831880569458
0.7205303311347961
0.776837944984436
1.5462360382080078
1.203706979751587
0.8162849545478821
1.3293612003326416
0.6735579371452332
1.0307791233062744
1.0117638111114502
1.182906985282898
0.8050347566604614
1.1946278810501099
1.2115732431411743
0.552436113357544
1.4404736757278442
1.1299445629119873
0.8269252181053162
0.9306290149688721
1.0931710004806519
0.6609063744544983
1.9660183191299438
0.8395617604255676
1.1523504257202148
1.034860372543335
0.7501130700111389
1.269792914390564
1.0378823280334473
0.9337485432624817
0.8076919913291931
0.9140071868896484
1.3978458642959595
0.7246899604797363
1.1512120962142944
0.9105011224746704
1.2166836261749268
0.9198998808860779
0.7334226965904236
1.5200634002685547
0.8754475116729736
0.8252714276313782
1.321225881576538
0.7006261348724365
1.5582821369171143
1.040859580039978
1.0756151676177979
0.8326455950737
0.9236525297164917
1.1438716650009155
0.7463183403015137
1.4594382047653198
0.7831822037696838
1.0190812349319458
0.8839815258979797
1.2517173290252686
0.7936451435089111
1.3358464241027832
0.7172467112541199
1.7015212774276733
0.8282790780067444
0.8737584948539734
1.140939474105835
0.7295458912849426
1.2344889640808105
0.971351146697998
0.8382787108421326
1.1531175374984741
0.7210853099822998
1.7686430215835571
0.7554206252098083
1.0296281576156616
0.8990113735198975
0.8847783207893372
1.538978099822998
0.6533234715461731
1.9638261795043945
0.629906952381134
1.1208314895629883
0.9821204543113708
0.8982883095741272
1.0498840808868408
0.8349266052246094
1.481224775314331
0.8700574040412903
0.7105556726455688
1.6265981197357178
0.6730808615684509
1.4179658889770508
0.8253082633018494
1.0328950881958008
0.9428096413612366
1.380610466003418
0.6411690711975098
1.2218108177185059
0.7915250062942505
1.2791143655776978
0.773210346698761
1.473541498184204
0.5015714764595032
1.5399153232574463
1.190709114074707
0.8873685002326965
1.3197476863861084
0.5992148518562317
1.0306036472320557
1.431578278541565
0.7768405675888062
1.0844322443008423
1.3587243556976318
0.4542160928249359
2.17861008644104
0.8683727383613586
1.0112078189849854
0.7765030860900879
1.0356119871139526
1.23661208152771
0.6677511930465698
1.5983651876449585
0.6645838022232056
1.4254876375198364
1.0130234956741333
1.0019668340682983
0.804774820804596
1.2709696292877197
0.6459493041038513
1.464347004890442
0.7110071182250977
1.437153935432434
0.7065961956977844
1.5071797370910645
0.6995075941085815
1.4396016597747803
0.7871218919754028
1.061633586883545
1.033960223197937
1.1754881143569946
0.6758525967597961
1.309014916419983
0.7969513535499573
1.4537545442581177
0.8593734502792358
0.6507142782211304
1.3228381872177124
0.8626186847686768
1.486283302307129
0.9704703688621521
0.7586661577224731
1.0809532403945923
1.0046360492706299
1.2186373472213745
0.9251881837844849
0.848609983921051
1.019656777381897
1.075120210647583
1.1215505599975586
0.7131626605987549
1.3850886821746826
1.1181509494781494
0.5582157969474792
1.5543087720870972
0.7502654790878296
1.369436264038086
0.8163439631462097
1.2109434604644775
0.7632304430007935
1.389946460723877
0.760736882686615
1.2196707725524902
0.934236466884613
1.0165746212005615
0.8338469862937927
1.1134788990020752
1.0249532461166382
1.0932343006134033
0.8145533204078674
1.298068881034851
0.8485705256462097
0.6782441139221191
1.5335773229599
1.1194649934768677
0.7200092077255249
1.6553620100021362
0.6817493438720703
1.245387077331543
0.7986728549003601
0.930776059627533
1.0640054941177368
1.160286784172058
0.710931658744812
1.4112299680709839
0.7795881032943726
1.1306251287460327
0.9922680854797363
1.1415905952453613
0.8049767017364502
1.5471599102020264
0.7100903391838074
1.321711540222168
0.6212978959083557
1.4438122510910034
0.7382780313491821
1.6564255952835083
0.548701286315918
1.4231809377670288
0.7168279886245728
1.1613394021987915
0.9327135682106018
1.5473965406417847
0.7590672373771667
1.1757739782333374
0.7245087027549744
1.4362765550613403
0.7196944952011108
1.1462963819503784
1.1900498867034912
0.5517718195915222
2.075833797454834
0.6682770848274231
1.302344799041748
0.6443928480148315
1.2177923917770386
1.120055079460144
1.1136211156845093
0.6938372254371643
1.1956895589828491
0.7192893028259277
1.629520297050476
0.8231555223464966
0.930293619632721
1.2362664937973022
0.9737290143966675
0.9827847480773926
1.057119369506836
0.7741020321846008
1.3365124464035034
0.9990259408950806
0.9299728274345398
0.7007689476013184
1.693800449371338
0.7322412729263306
1.3933895826339722
0.6283836960792542
1.1796109676361084
1.0051604509353638
1.4854929447174072
0.6028915643692017
1.20781409740448
0.8420134782791138
1.4004908800125122
0.7828294038772583
1.3409605026245117
0.5946832895278931
1.1016104221343994
1.534157395362854
0.8193987607955933
1.0373448133468628
0.7376140356063843
1.4698079824447632
1.0404595136642456
0.8142217993736267
1.2891762256622314
0.7002271413803101
1.3145376443862915
0.7012889385223389
1.4650866985321045
0.7597595453262329
1.346342921257019
0.7672640681266785
1.2885676622390747
0.7457389831542969
1.4530062675476074
0.5542510747909546
1.464713215827942
0.963516116142273
1.1043535470962524
0.75687175989151
1.4526218175888062
0.6923681497573853
1.4527919292449951
0.7761083245277405
1.5319970846176147
0.6176440715789795
1.4008139371871948
0.6169561147689819
1.2418638467788696
0.891298770904541
1.1085379123687744
1.145782470703125
0.9091325998306274
0.9586000442504883
1.0257279872894287
0.9071474075317383
1.0622227191925049
1.13884437084198
0.6358447670936584
1.4586187601089478
0.8747133612632751
1.314665675163269
1.0123106241226196
0.7365015745162964
0.9990401268005371
1.5398622751235962
0.60860675573349
1.2114009857177734
1.1065621376037598
0.9265547394752502
1.34431791305542
0.5779224634170532
1.20539391040802
0.8909030556678772
1.3540209531784058
0.8419733047485352
0.9679723978042603
1.0316203832626343
1.4501760005950928
0.7327906489372253
0.9801351428031921
1.1731001138687134
0.9402800798416138
0.7456749677658081
1.3306459188461304
1.1416736841201782
0.7011987566947937
1.4206815958023071
0.7888882756233215
1.2958810329437256
0.8669175505638123
0.7427608966827393
1.1860710382461548
0.8091127872467041
1.2057267427444458
0.7889844179153442
1.6175800561904907
0.84507817029953
1.0610111951828003
0.9156621694564819
0.8967050313949585
0.8148144483566284
1.371751070022583
1.071478009223938
1.1928552389144897
0.7512205243110657
1.597735047340393
0.4308587610721588
1.7306382656097412
0.876656174659729
0.7060407996177673
1.7341142892837524
0.698860764503479
1.2650333642959595
0.6673470139503479
1.61130952835083
0.822341799736023
0.9806427955627441
0.9238036274909973
0.9422846436500549
1.1523791551589966
1.1399651765823364
0.7124598026275635
1.4818276166915894
1.0021953582763672
0.6964718103408813
1.4035577774047852
0.9120908379554749
0.8688054084777832
1.3587915897369385
0.9028194546699524
1.010053277015686
0.8713578581809998
1.128699541091919
1.1535683870315552
0.6591060161590576
1.176314115524292
0.6862645149230957
1.8203486204147339
0.575627863407135
1.5823698043823242
0.8256136178970337
1.2554841041564941
0.99029541015625
0.7676478028297424
1.094441294670105
1.425350546836853
0.6409002542495728
1.092720627784729
1.1195578575134277
0.825710654258728
1.3857301473617554
0.595035195350647
1.5622947216033936
0.8500211834907532
1.117340326309204
0.5825260281562805
1.7493733167648315
0.9771750569343567
0.8193399906158447
1.2301310300827026
0.7460440993309021
1.1338841915130615
1.1712806224822998
0.9731119871139526
0.9600232839584351
1.3961938619613647
0.8620938062667847
0.9666885137557983
0.6100763082504272
1.8052507638931274
0.8085030317306519
0.7797049283981323
1.2328736782073975
0.7676430940628052
1.4553735256195068
0.7959762215614319
1.4014842510223389
0.71312415599823
1.5002682209014893
0.53864985704422
1.4790078401565552
0.903946042060852
0.9891840219497681
1.0769623517990112
0.800950825214386
1.9331531524658203
0.47772982716560364
1.696492314338684
0.7595871090888977
1.1369816064834595
0.7431451082229614
1.0408966541290283
0.7234237790107727
1.8236209154129028
1.0685200691223145
0.9505878686904907
0.7359161376953125
1.2487094402313232
1.008549690246582
0.9708746075630188
0.5848284959793091
1.766770362854004
0.7558172941207886
1.4799803495407104
0.512053906917572
1.9376024007797241
0.64903724193573
1.498772144317627
0.6192129254341125
1.6292660236358643
0.8398160338401794
0.9585701823234558
1.2149543762207031
0.9233096837997437
0.7614896893501282
1.10567307472229
0.9587419033050537
1.2710113525390625
0.8289341330528259
1.3799067735671997
0.6275490522384644
1.2869884967803955
0.6644798517227173
1.8588099479675293
0.8163284063339233
1.320483922958374
0.5483435392379761
1.8228838443756104
0.7539336681365967
0.8679299354553223
1.3423885107040405
0.9202581644058228
0.6956197023391724
1.806038498878479
0.7462403774261475
1.0415804386138916
1.1501280069351196
1.1457520723342896
0.5722381472587585
1.4977993965148926
0.8120877742767334
1.2016596794128418
0.8947710990905762
0.9980801343917847
1.1638818979263306
1.3594145774841309
0.41417109966278076
1.414191722869873
1.0886114835739136
0.8469077944755554
1.6729857921600342
0.44798707962036133
1.7782444953918457
1.1224114894866943
0.840062141418457
0.9069497585296631
0.8532238006591797
1.2479711771011353
0.8223783373832703
1.021144986152649
0.9079601168632507
1.2063720226287842
1.5078612565994263
0.4135526120662689
1.914977788925171
0.6164065003395081
1.4070470333099365
1.1522729396820068
0.8526047468185425
1.1155613660812378
0.5729117393493652
1.4421298503875732
1.0146573781967163
1.0528091192245483
0.947496235370636
1.0843145847320557
1.0816540718078613
0.959270179271698
0.8999696373939514
0.915725827217102
1.3956137895584106
0.9013617634773254
0.9325005412101746
1.007460355758667
1.1826093196868896
0.9463932514190674
0.5718788504600525
2.0732171535491943
0.5981229543685913
1.7079569101333618
0.6520276665687561
1.2593917846679688
0.7541384100914001
1.3124909400939941
0.8922427892684937
1.0271133184432983
0.9561887979507446
0.8869419693946838
1.2378594875335693
1.0708807706832886
0.8038404583930969
0.9871315360069275
1.1329859495162964
0.8470863103866577
1.1621692180633545
0.8976271748542786
0.9366884827613831
1.1064541339874268
1.1537500619888306
0.7843586802482605
1.528037190437317
0.8070312142372131
0.8656747937202454
0.9927495718002319
1.4845058917999268
0.48911041021347046
1.4134341478347778
1.1201847791671753
0.8653086423873901
0.7782948017120361
2.028313159942627
0.5274688601493835
1.3366409540176392
0.9699233174324036
1.1373502016067505
0.8710193634033203
1.0229963064193726
0.8674150109291077
1.2484946250915527
0.6265670657157898
1.3229013681411743
1.4176104068756104
1.103709101676941
0.46292462944984436
1.7217916250228882
0.7517476677894592
1.1836870908737183
0.731861412525177
1.7219387292861938
0.7485678195953369
1.2471051216125488
0.9338287711143494
0.7704529762268066
1.2541016340255737
1.0073596239089966
0.7110085487365723
1.5536704063415527
0.8062751889228821
1.5970367193222046
0.5275205969810486
1.2870073318481445
0.8455381989479065
1.7107380628585815
0.5757752656936646
1.4942443370819092
0.7124569416046143
0.9282112121582031
1.2119501829147339
1.0532562732696533
0.7339264750480652
1.307106614112854
0.7032284736633301
1.49150550365448
0.9098839163780212
1.2537013292312622
0.8006089329719543
1.2464827299118042
0.8080244660377502
1.083466649055481
0.7667050361633301
1.3416285514831543
0.9763518571853638
1.1792060136795044
0.5620565414428711
1.558715581893921
0.7063432335853577
1.3676838874816895
0.912237286567688
1.3065589666366577
0.45017483830451965
1.5072325468063354
1.0377070903778076
1.2487597465515137
0.9632062315940857
1.2230719327926636
0.5421410799026489
1.7785977125167847
0.579282820224762
1.201219081878662
1.0964117050170898
0.7903146147727966
1.1320841312408447
1.2996492385864258
0.8604788780212402
0.8832107782363892
1.175384759902954
0.8413013219833374
1.269302248954773
0.6795406937599182
1.8008118867874146
0.7602938413619995
1.0060031414031982
1.0087119340896606
1.3088427782058716
0.6345810890197754
1.4682793617248535
0.4471481442451477
2.254818916320801
0.6963623762130737
1.1142746210098267
0.8892741799354553
1.3792812824249268
0.8686517477035522
0.9801268577575684
1.1737209558486938
0.7554696798324585
1.3050990104675293
0.7415382862091064
1.3420536518096924
0.8965708613395691
1.125256061553955
0.7830114960670471
1.0940093994140625
0.9942359328269958
0.7553791403770447
1.236230731010437
1.3258788585662842
0.6522302627563477
1.3075724840164185
0.8977835774421692
1.0497841835021973
1.1388686895370483
0.7914828658103943
1.3894394636154175
0.6672359108924866
1.516408085823059
0.688410222530365
1.4023053646087646
0.5966397523880005
1.1963486671447754
1.2276439666748047
0.8160341382026672
1.2929843664169312
0.8233799338340759
1.4795581102371216
0.6097980737686157
1.3575713634490967
1.053815245628357
0.6248812079429626
1.6196763515472412
0.6670812964439392
1.3997246026992798
0.6998641490936279
1.4930187463760376
0.5911703705787659
1.4555240869522095
0.9513543248176575
1.4149985313415527
0.7699008584022522
1.0101699829101562
1.215520977973938
0.6162649393081665
1.5726191997528076
0.7297096252441406
0.9856791496276855
1.083046793937683
0.8577238321304321
1.2109357118606567
0.7862004637718201
1.0839827060699463
1.2527589797973633
0.7666146159172058
0.9789905548095703
1.3644824028015137
1.1750611066818237
0.6901964545249939
1.2708733081817627
0.7982263565063477
1.0550777912139893
1.1153689622879028
1.040452003479004
0.8262582421302795
1.404846429824829
0.5252016186714172
1.4572025537490845
0.7722535133361816
1.4012809991836548
0.8261942863464355
1.2335036993026733
0.6720913648605347
1.2415155172348022
0.9355407953262329
0.9397359490394592
0.9154642820358276
1.5501478910446167
0.5863673090934753
1.2319080829620361
1.1066261529922485
1.1924469470977783
0.7695527076721191
1.2409998178482056
0.8905755281448364
1.4113166332244873
0.6663665175437927
1.0004926919937134
1.0817387104034424
1.0128809213638306
1.136083960533142
0.8001479506492615
1.2336372137069702
0.5850681066513062
1.649790644645691
0.8403142690658569
1.4802030324935913
0.6516584157943726
1.1940945386886597
1.1706753969192505
0.9721297025680542
0.7459204196929932
1.2165958881378174
0.8358340859413147
1.2449774742126465
0.8437395095825195
0.9546308517456055
1.0778141021728516
0.8898084759712219
1.4467861652374268
0.6474360227584839
1.1444318294525146
1.0793503522872925
0.8246451020240784
1.185045599937439
1.059847116470337
0.8834927678108215
1.3187953233718872
0.7269700169563293
1.1420035362243652
0.9523190855979919
0.9733585119247437
1.2446898221969604
0.8259508013725281
1.07234525680542
0.9192311763763428
1.0257619619369507
1.1278738975524902
0.6907580494880676
1.665177345275879
0.7156051397323608
0.9718756079673767
1.3911491632461548
0.7299099564552307
1.0404285192489624
1.0430834293365479
1.2426788806915283
0.7961652874946594
1.5016415119171143
0.5881866812705994
1.6153403520584106
0.46962034702301025
1.9691500663757324
0.6813026666641235
1.0365827083587646
1.1802105903625488
0.8463987708091736
1.287955403327942
0.7502976059913635
1.411301612854004
0.7982129454612732
1.1817878484725952
0.9582268595695496
1.0693552494049072
0.6115142703056335
1.36105477809906
0.7470028400421143
1.242295265197754
1.0979056358337402
1.1546543836593628
0.7574802041053772
1.2287824153900146
1.0419565439224243
0.7971957325935364
1.195549726486206
0.6319882273674011
1.6633292436599731
0.9557799100875854
0.9192166924476624
0.9217955470085144
1.1570217609405518
0.9283004999160767
1.3534507751464844
0.7813344597816467
0.9752863645553589
0.8501063585281372
1.1421829462051392
1.090752124786377
0.9419877529144287
0.9537050127983093
1.1593319177627563
0.9022760391235352
1.0567009449005127
0.8522799015045166
1.0004128217697144
0.8849177360534668
1.7085397243499756
0.6990311741828918
1.1493940353393555
0.927879810333252
1.1256495714187622
0.7258303165435791
1.4653187990188599
0.8338828682899475
1.0803650617599487
0.8136696219444275
1.09538996219635
0.8769543170928955
1.0960595607757568
1.0839076042175293
0.7033613324165344
1.8747661113739014
0.6194673776626587
1.134495735168457
1.0436458587646484
0.9102025032043457
1.238280177116394
0.6520649194717407
1.4396837949752808
0.8808897137641907
1.0293954610824585
0.9052473902702332
1.1858174800872803
0.7473979592323303
1.6417245864868164
0.6700059771537781
1.3281631469726562
0.9242503046989441
1.2395775318145752
0.6615867018699646
1.3691221475601196
0.7672236561775208
1.4035544395446777
0.741072952747345
1.2795265913009644
0.6402602195739746
1.5592167377471924
0.97454434633255
0.965813398361206
0.9180936813354492
0.9381134510040283
0.8691051006317139
1.4190070629119873
0.6578280925750732
1.542457938194275
0.6555314064025879
1.2628031969070435
0.6743822693824768
1.893890380859375
0.6331700086593628
0.9862351417541504
1.2117383480072021
1.1660751104354858
0.7260565161705017
1.336401343345642
0.8968527913093567
1.0731871128082275
0.7968564629554749
1.6100417375564575
0.6918053030967712
0.9480211734771729
1.0093917846679688
1.4588810205459595
0.4864403307437897
1.5079185962677002
0.6601801514625549
1.917690396308899
0.5758498311042786
1.9460179805755615
1.112939715385437
0.7320501208305359
0.8638381958007812
1.177247166633606
0.7407651543617249
1.2820618152618408
0.761486291885376
1.334875226020813
0.965837299823761
1.289081335067749
0.6654107570648193
0.8710660338401794
1.0938737392425537
1.2627300024032593
1.0088765621185303
0.7445665001869202
1.2648119926452637
0.8499444723129272
1.1244608163833618
1.1981666088104248
0.6705588102340698
1.6058580875396729
0.7454041838645935
1.293232798576355
0.8828481435775757
0.8280786275863647
1.0366472005844116
1.2731494903564453
1.2509816884994507
0.49656710028648376
0.8746076822280884
1.6451438665390015
1.0468240976333618
0.8398422002792358
0.6816725730895996
2.0192229747772217
0.631654679775238
1.3576515913009644
1.0087136030197144
0.9167234897613525
1.1098628044128418
0.48177656531333923
1.9748800992965698
1.020958423614502
1.096587896347046
0.6895591020584106
1.4114607572555542
0.5182574987411499
1.3774713277816772
1.1256582736968994
0.7809242606163025
1.5231680870056152
0.8034718632698059
1.2689656019210815
0.8199751973152161
1.2228691577911377
0.8780775666236877
1.5311638116836548
0.49140021204948425
1.1160777807235718
1.4084583520889282
0.6705616116523743
1.4001524448394775
0.9084802865982056
1.2749706506729126
0.6284288763999939
1.4260468482971191
0.9988718032836914
0.9298297762870789
0.9175426959991455
1.0819636583328247
1.295020580291748
0.6668038368225098
1.488135814666748
0.5090736746788025
1.0734226703643799
1.456475019454956
0.7061612010002136
0.9179241061210632
1.5616836547851562
0.6688587069511414
1.697222113609314
0.7922138571739197
0.8130860924720764
1.464871883392334
0.6888073682785034
1.5481911897659302
0.8309693932533264
0.8669482469558716
1.1901390552520752
1.1424543857574463
0.672680139541626
1.2786717414855957
1.0407884120941162
0.9796921610832214
1.0375999212265015
0.7164483070373535
1.4927330017089844
0.8979572653770447
0.871570348739624
0.899465799331665
1.0578101873397827
1.1646292209625244
0.8388603329658508
0.9419781565666199
1.4186965227127075
0.7778929471969604
1.1781699657440186
0.8256822824478149
1.2044994831085205
0.8137959837913513
1.2890053987503052
0.8801382184028625
0.9570565819740295
0.8957247734069824
1.6076678037643433
0.7230802178382874
1.350576639175415
0.8126986622810364
0.8526648283004761
1.2082014083862305
0.6578717231750488
1.6358137130737305
0.8575589060783386
1.0710663795471191
0.647597074508667
1.5547194480895996
0.688509464263916
1.4711737632751465
0.7143012881278992
1.4054739475250244
0.8413596153259277
1.3026800155639648
0.9599877595901489
0.9464437961578369
0.8830971121788025
0.8698934316635132
1.0575385093688965
1.353623390197754
0.7537463903427124
1.1025656461715698
0.9686378240585327
0.9615013599395752
1.3977855443954468
0.5640482306480408
1.3475704193115234
0.9748425483703613
0.8286149501800537
1.1512641906738281
0.9649187326431274
1.1738027334213257
0.8812085390090942
1.3271461725234985
0.8590863943099976
0.8860843181610107
1.2662456035614014
0.7098032832145691
0.9513293504714966
1.3495737314224243
1.0706855058670044
0.759009838104248
1.0822950601577759
0.9085895419120789
1.415371060371399
0.6716702580451965
1.2720979452133179
0.9210895895957947
1.4097002744674683
0.7740883231163025
1.0352094173431396
1.099141240119934
0.9874348640441895
0.9580106735229492
0.6912695169448853
1.4708406925201416
0.9814835786819458
0.9368180632591248
0.9071235656738281
1.0448851585388184
1.1240252256393433
1.0354267358779907
0.83713299036026
1.1555676460266113
0.8468724489212036
1.0440336465835571
0.9759349226951599
0.9348189830780029
1.3955117464065552
0.6740158796310425
1.3467650413513184
0.8252383470535278
1.0769966840744019
0.9763060212135315
1.1790231466293335
0.7805567383766174
1.3320894241333008
0.7474989891052246
1.0398755073547363
1.17316472530365
0.9346630573272705
1.0603569746017456
0.9103307723999023
1.012731671333313
1.0186032056808472
0.8531818985939026
1.5037293434143066
0.5628898739814758
2.0430474281311035
0.5929303169250488
1.017199158668518
1.2175015211105347
1.011916995048523
1.0258429050445557
0.8026212453842163
1.054161548614502
1.0323715209960938
1.138329267501831
0.8182575702667236
1.2309050559997559
0.7584491968154907
1.230602741241455
0.8328797221183777
0.908159077167511
1.3782598972320557
0.7136574387550354
1.3503581285476685
0.9003198742866516
1.1311835050582886
1.0364017486572266
0.8316965699195862
1.192730188369751
1.064988136291504
0.5521166324615479
1.42408287525177
1.156429648399353
1.012896180152893
0.8274739980697632
1.3988159894943237
0.5944587588310242
1.4669185876846313
0.8900065422058105
1.1182535886764526
0.7544392943382263
1.266647458076477
0.7464088201522827
1.4993499517440796
0.7257491946220398
1.2034118175506592
1.0636262893676758
0.9801900386810303
0.8095036149024963
0.9197486639022827
1.5756990909576416
0.5798857808113098
1.6050950288772583
0.6962181925773621
1.1555960178375244
1.1954938173294067
0.9083104729652405
1.143527626991272
0.8338924050331116
1.1975188255310059
0.8318184018135071
1.251880168914795
0.5337948799133301
1.7057217359542847
0.7285289168357849
0.9921301007270813
1.3355077505111694
0.9320847392082214
1.2299822568893433
0.6289430856704712
1.120387077331543
1.1434086561203003
0.8487936854362488
1.5811691284179688
0.6933082938194275
1.592930555343628
0.4850495755672455
1.1424089670181274
1.1867039203643799
1.0361850261688232
0.8249258399009705
1.5299654006958008
0.3897700011730194
2.243037462234497
0.9854652881622314
0.5868397951126099
1.7523595094680786
0.9024482369422913
0.9864654541015625
0.8776147365570068
1.0642927885055542
0.9620504975318909
1.2491731643676758
0.8187808990478516
1.077797532081604
0.8310005068778992
1.304518222808838
0.7087189555168152
1.2532060146331787
0.9531071186065674
1.14329993724823
0.9740481376647949
0.8667091727256775
0.9118725061416626
1.1913700103759766
0.995812177658081
1.29311203956604
0.7598238587379456
1.4475411176681519
0.7157807946205139
1.101677656173706
0.9563176035881042
0.8044787049293518
1.3434361219406128
0.8933088779449463
1.186102032661438
0.7944563627243042
1.1095783710479736
1.0926623344421387
0.7474439740180969
1.338474154472351
0.7974089980125427
1.1349464654922485
0.843671977519989
1.58133065700531
0.5782517790794373
1.3506760597229004
0.726219117641449
1.7104697227478027
0.7496050000190735
0.7686796188354492
1.4639633893966675
0.9959099888801575
0.6941385269165039
1.2628206014633179
0.7278313636779785
1.9216176271438599
0.9026228785514832
1.05927312374115
0.6834620237350464
1.1505775451660156
0.9011657238006592
1.3649388551712036
0.6781566143035889
1.3947008848190308
0.9121760129928589
1.035898208618164
0.7292900681495667
1.2079598903656006
1.3650230169296265
0.6955989003181458
1.0498452186584473
0.9832431674003601
1.1566184759140015
0.8766603469848633
1.1130512952804565
0.866195797920227
1.0767487287521362
1.0719152688980103
0.8785780072212219
0.9728811383247375
1.0328606367111206
1.0655139684677124
0.8664906620979309
1.0934557914733887
1.0991711616516113
0.8852275609970093
1.039099931716919
1.0320433378219604
1.0959570407867432
0.7410179972648621
1.3172390460968018
0.6082828044891357
1.5846906900405884
1.1513361930847168
0.94261634349823
0.8245806097984314
1.1464478969573975
0.7060059309005737
1.4125916957855225
0.8510809540748596
0.9846065640449524
0.8942457437515259
1.5564014911651611
0.9157490134239197
0.9614911675453186
0.6768431663513184
1.4514141082763672
0.5774375796318054
2.035564422607422
0.7685444951057434
1.2799397706985474
0.6888231039047241
0.9773902297019958
1.106381893157959
1.145837664604187
0.8747128248214722
1.2664662599563599
0.8355005383491516
1.1029107570648193
0.6110551357269287
1.3857702016830444
0.8344143629074097
1.7179027795791626
0.5798366069793701
1.663774013519287
0.6828628778457642
1.2295762300491333
0.9362947940826416
1.0457966327667236
0.6102757453918457
1.352385401725769
0.9842474460601807
1.469327449798584
0.5916342735290527
1.3697702884674072
1.0520833730697632
0.9552295804023743
0.7324177026748657
1.6311333179473877
0.9357879161834717
0.7809162735939026
0.7392706274986267
1.635177493095398
1.3902157545089722
0.5534060001373291
1.2860651016235352
0.9944689869880676
1.0909650325775146
0.8447142243385315
0.886683464050293
1.5852186679840088
0.5056676864624023
1.57988703250885
0.8225894570350647
0.9827364683151245
0.992743730545044
0.9869948625564575
1.5233403444290161
0.801040768623352
0.7485631704330444
1.3837673664093018
0.8478949666023254
1.4743437767028809
0.6540826559066772
1.3992319107055664
0.8026569485664368
0.9058014750480652
1.1000711917877197
1.1344618797302246
0.8312681317329407
1.0811376571655273
0.9324328303337097
0.9209007024765015
1.284151315689087
0.635796070098877
1.389534592628479
0.9331116080284119
1.2296265363693237
0.7748238444328308
0.8648436069488525
1.0994155406951904
1.2704474925994873
1.024727702140808
1.0659139156341553
0.7426193356513977
0.8995986580848694
1.526850938796997
0.6495378613471985
1.48976731300354
0.7554819583892822
1.1506282091140747
0.6792656183242798
1.4190824031829834
1.0412418842315674
0.8794811964035034
0.8020899891853333
1.4409552812576294
0.835987389087677
1.3616515398025513
0.6311842799186707
1.2142419815063477
1.078891634941101
1.2858645915985107
0.5863839387893677
1.1932100057601929
0.8502780199050903
1.229398250579834
1.2685182094573975
0.7135516405105591
1.297376036643982
0.7409008145332336
1.3551409244537354
0.8648912310600281
1.17609441280365
0.9692450165748596
0.7602269649505615
1.1388169527053833
1.0225497484207153
1.0279196500778198
1.0788596868515015
0.8245756030082703
1.4890929460525513
0.6712300777435303
1.3535492420196533
0.863528311252594
1.098875880241394
0.68647700548172
1.5573017597198486
0.7618284225463867
1.3335797786712646
0.631539523601532
1.2847050428390503
0.8169703483581543
1.0072067975997925
1.329288363456726
0.7709527611732483
1.5263915061950684
0.6559579372406006
1.5067510604858398
0.8138513565063477
1.1148841381072998
0.7343246340751648
1.0611193180084229
1.162142038345337
0.9409807324409485
0.8759279847145081
1.5922034978866577
0.6420809030532837
1.004338026046753
1.1428329944610596
1.13905668258667
0.780276358127594
0.9875448346138
1.0074384212493896
1.2706339359283447
0.5930308103561401
1.3334845304489136
1.5625836849212646
0.46638238430023193
1.2295377254486084
0.9738028645515442
1.7438217401504517
0.6391283869743347
1.0954084396362305
1.0632925033569336
1.2000479698181152
0.5812029242515564
1.240615725517273
1.0706377029418945
0.9831079244613647
1.0389983654022217
1.0297482013702393
1.003212571144104
1.254895806312561
0.6266611218452454
1.5562458038330078
0.8523291349411011
1.0507073402404785
1.157601237297058
0.5502016544342041
1.4025053977966309
0.8783361315727234
1.097861409187317
0.9256153702735901
1.119612216949463
1.4943723678588867
0.5244889259338379
1.4363809823989868
0.9485780000686646
0.8238310813903809
1.3399603366851807
0.725174069404602
1.3770015239715576
0.9565070867538452
0.8047354817390442
0.8116072416305542
1.860744595527649
0.6057872772216797
1.2260814905166626
1.085485577583313
1.2241135835647583
0.8453848361968994
0.6828893423080444
1.4374709129333496
0.7697176337242126
1.236106276512146
1.0327950716018677
1.0199235677719116
0.9685537815093994
0.9731199741363525
0.9824486970901489
1.0688378810882568
0.7437283992767334
1.090788722038269
1.0988562107086182
0.9699682593345642
1.2813783884048462
0.7078937292098999
1.588820457458496
0.7004573941230774
1.1818517446517944
1.140289068222046
0.6976942420005798
1.0137851238250732
0.7743421792984009
1.2317184209823608
1.0965524911880493
1.0194536447525024
0.8478547930717468
1.4989405870437622
1.0840399265289307
0.7416365146636963
1.1054805517196655
0.9635011553764343
0.9827743768692017
1.2648735046386719
0.7129827737808228
1.2856377363204956
0.6957646012306213
1.3990907669067383
0.7951417565345764
1.1837326288223267
0.9068016409873962
0.6475363373756409
1.6707829236984253
1.1316169500350952
0.6917306184768677
1.1440174579620361
1.0584324598312378
0.7628195285797119
1.3718209266662598
1.077191948890686
0.7332088947296143
1.1320589780807495
1.13133704662323
0.6533281207084656
1.4593490362167358
0.8447303771972656
1.2258076667785645
0.8636966347694397
1.2841931581497192
0.7430028915405273
1.0501654148101807
1.1285942792892456
0.8332487940788269
1.1284191608428955
1.3283883333206177
0.7125095129013062
1.0932209491729736
0.8799977898597717
0.8240172863006592
1.429105520248413
0.9297876954078674
1.0352859497070312
1.0115647315979004
1.2967396974563599
0.6405801773071289
1.3803054094314575
0.7958648800849915
1.2136578559875488
0.5684206485748291
1.7855896949768066
0.6759127378463745
1.4138002395629883
0.7645885944366455
0.9272799491882324
1.706896424293518
0.9382123947143555
0.6721701622009277
0.8190240859985352
1.886343002319336
0.6404619812965393
1.2192020416259766
1.170426368713379
0.8248266577720642
0.8693690896034241
0.9748146533966064
1.504752278327942
0.8687739372253418
1.093645691871643
0.8753740787506104
1.0082520246505737
1.217179775238037
0.5274513363838196
1.8626447916030884
0.7162805795669556
1.2420234680175781
0.8341099619865417
1.2483713626861572
0.7408691048622131
1.1522122621536255
0.8250998258590698
1.080770492553711
1.0647810697555542
0.8366236090660095
1.5859283208847046
0.809412956237793
1.2226611375808716
0.8322764039039612
1.1835050582885742
0.6381788849830627
1.4830341339111328
0.8038251996040344
1.280320167541504
0.8406739830970764
0.6055395603179932
1.7376093864440918
0.75728440284729
1.3088465929031372
0.9142788648605347
0.950738787651062
1.167567253112793
1.142207384109497
0.7140387296676636
1.6337451934814453
0.6676813364028931
1.0314993858337402
0.8932671546936035
1.2124717235565186
0.8741798996925354
1.0780119895935059
0.9018958806991577
1.1357421875
1.0052613019943237
0.9745151996612549
1.1136056184768677
0.8762463927268982
0.9503803253173828
0.933376133441925
1.6198533773422241
0.7935511469841003
0.8899968266487122
1.0962218046188354
0.9712998867034912
0.8996248841285706
1.1420352458953857
0.9773263335227966
0.9286137819290161
0.9917280077934265
0.9945917725563049
0.9574174880981445
1.2276848554611206
0.7357670664787292
1.1342089176177979
0.7597814202308655
1.512387752532959
0.5868261456489563
2.201453924179077
0.5203547477722168
1.78525710105896
0.7586125731468201
1.2911264896392822
0.7848473191261292
0.9840439558029175
1.0650771856307983
1.2705097198486328
0.7009446620941162
1.4038411378860474
0.6322318911552429
1.0229922533035278
1.224516749382019
0.8777506947517395
1.622543215751648
0.6139057278633118
1.1300709247589111
1.1619305610656738
0.7867948412895203
1.4709455966949463
0.7575323581695557
1.0029710531234741
1.0334357023239136
0.9256162047386169
0.7426980137825012
1.6448280811309814
1.0076525211334229
0.9410741329193115
0.6622653603553772
1.4878112077713013
0.6155185699462891
1.348852515220642
0.9871342778205872
1.1430267095565796
0.707140326499939
1.6941851377487183
0.6558830738067627
1.1220331192016602
0.6756603717803955
1.8098829984664917
0.7730719447135925
1.2747606039047241
0.8238430619239807
0.8702648878097534
0.886410653591156
1.530666470527649
0.736767590045929
1.1623255014419556
1.2818807363510132
1.042267084121704
0.7685826420783997
0.9814286828041077
1.166289210319519
0.9126426577568054
0.9839072823524475
0.8622878789901733
1.1244415044784546
0.9923227429389954
1.1578623056411743
0.7647714614868164
1.4169775247573853
0.6579428315162659
1.3915925025939941
0.8695375919342041
0.9864650368690491
1.123039960861206
0.8942041993141174
0.8115507960319519
1.436684489250183
0.7637538909912109
1.293065071105957
1.032291054725647
0.9924197196960449
0.875262975692749
1.208968162536621
0.7507455348968506
1.1609594821929932
0.9218338131904602
1.1104753017425537
0.8541492223739624
0.8209762573242188
1.444872498512268
1.0579041242599487
0.8826582431793213
0.9017447829246521
0.7825006246566772
1.575402021408081
0.8058440089225769
1.2218624353408813
0.7768336534500122