1.0
0.8774484992027283
1.2629399299621582
1.0205392837524414
1.3204234838485718
1.3228669166564941
1.1242153644561768
1.512082576751709
0.7349567413330078
0.9884012341499329
1.1246503591537476
0.7287717461585999
1.5651882886886597
0.8588510155677795
0.7131991982460022
1.2395415306091309
0.9072704315185547
0.9549086093902588
0.8706808090209961
1.0369352102279663
0.7954692244529724
1.1602622270584106
1.058688759803772
0.7592044472694397
1.1957898139953613
0.7958618998527527
0.9434930682182312
1.1825085878372192
0.708553671836853
1.0629651546478271
0.939843475818634
1.211346983909607
0.8540995717048645
1.1230921745300293
0.9176380634307861
1.0735985040664673
0.8514899015426636
0.9787678122520447
1.2294517755508423
0.8421083688735962
1.131447434425354
0.9842877388000488
0.993477463722229
0.9405642151832581
0.9854735732078552
0.8082812428474426
1.6381820440292358
0.7229086756706238
1.2661151885986328
1.0018528699874878
0.6925236582756042
1.3417621850967407
0.8298044800758362
1.1827486753463745
0.7378405928611755
0.9823846220970154
1.2654012441635132
0.8026861548423767
1.8671457767486572
0.6029871106147766
1.0302023887634277
0.898320734500885
1.2387408018112183
0.9155877232551575
0.8755630254745483
1.157100796699524
1.210166096687317
1.0147929191589355
0.7371504902839661
0.9503892660140991
1.0512551069259644
1.3231574296951294
0.914981484413147
0.8877920508384705
0.9952501654624939
0.9564748406410217
1.2385607957839966
0.879692018032074
1.1544097661972046
0.7664085626602173
1.179111361503601
0.9960203766822815
0.8874373435974121
0.9591041207313538
1.2993979454040527
0.8856028318405151
1.0093517303466797
1.132941484451294
0.812292754650116
1.0167654752731323
1.2914272546768188
1.1081486940383911
0.7126135230064392
1.03469979763031
0.8983675241470337
1.052329182624817
0.7983903884887695
1.247483253479004
0.9083051681518555
0.9435542821884155
1.2191051244735718
0.8800140023231506
1.2470039129257202
0.6205098032951355
1.4097434282302856
1.285256028175354
0.639050304889679
1.1802494525909424
0.8616383075714111
1.4678524732589722
0.7180453538894653
1.2797667980194092
0.6554595232009888
1.569057822227478
1.0855733156204224
0.538282573223114
1.3586604595184326
1.0294725894927979
1.170366883277893
0.974044680595398
0.9655808210372925
0.9202197194099426
0.9372303485870361
1.3530138731002808
0.8854215741157532
0.9428800344467163
0.8948389291763306
1.1016771793365479
0.8246020674705505
0.9841947555541992
1.1493538618087769
0.7176890969276428
1.392278790473938
0.9204915165901184
0.9395517706871033
1.3378156423568726
0.736518919467926
1.3418630361557007
0.6990166306495667
1.2816438674926758
0.6420744061470032
1.9267919063568115
0.8080059289932251
1.0828261375427246
1.1222432851791382
0.9006847739219666
1.0325547456741333
0.6245607733726501
1.3427011966705322
0.9264634251594543
1.2769795656204224
1.162354588508606
0.7508606314659119
1.1339372396469116
0.7135546207427979
1.26558518409729
1.1384633779525757
0.7614281177520752
1.0245041847229004
0.8419381380081177
1.9139810800552368
0.6612042188644409
0.8866481184959412
1.4490076303482056
0.7747703790664673
1.0589529275894165
0.9389533996582031
1.2256190776824951
0.7557857036590576
1.1287903785705566
0.9151448607444763
0.8746786713600159
1.1153099536895752
1.2097084522247314
0.9150588512420654
0.7483686208724976
1.0820364952087402
1.2215241193771362
0.8865946531295776
1.3221298456192017
0.6873837113380432
1.6427931785583496
0.7906801104545593
1.050821304321289
0.9193516373634338
0.8912490010261536
1.11947762966156
1.0503543615341187
0.9443187713623047
0.9200643301010132
1.150093913078308
0.7438287734985352
1.5061516761779785
0.47577592730522156
1.733591079711914
1.0631872415542603
1.0262110233306885
1.248449444770813
0.6702671051025391
1.2002285718917847
0.9783983826637268
1.0335745811462402
0.9029284119606018
0.8813777565956116
1.0058690309524536
1.2490299940109253
0.6927369832992554
1.9275296926498413
0.563456654548645
1.0655547380447388
1.129276156425476
1.1000688076019287
1.0886796712875366
0.515034019947052
1.828986644744873
0.7630554437637329
1.2484731674194336
0.8548115491867065
1.084733486175537
1.1431105136871338
0.9837843179702759
0.8468301892280579
1.456086277961731
0.5547895431518555
1.4811009168624878
0.9809902310371399
0.7113185524940491
1.2508083581924438
0.7270517349243164
1.5794483423233032
0.9721054434776306
0.9761672616004944
0.7698872089385986
1.2193888425827026
0.8873759508132935
1.2433736324310303
0.8546384572982788
0.980470597743988
1.357424259185791
0.7505943179130554
1.3632416725158691
0.7587670683860779
0.9161432385444641
1.4293869733810425
0.48783397674560547
1.769553303718567
0.6608500480651855
1.2525490522384644
0.9026711583137512
0.8396056294441223
1.3679739236831665
0.8432917594909668
1.4941965341567993
0.6038700342178345
1.0980665683746338
1.0876184701919556
1.1030280590057373
1.0791939496994019
0.8134047389030457
1.2499303817749023
0.7509030699729919
1.4424962997436523
0.8344519138336182
0.7666701078414917
1.3204206228256226
0.9621995091438293
1.120007038116455
1.0243442058563232
0.9002872705459595
0.9599155783653259
1.0275954008102417
0.884955883026123
1.0969096422195435
1.1908408403396606
0.9163426756858826
0.9476972818374634
1.0481621026992798
1.1386059522628784
0.6406543850898743
1.3261052370071411
0.8231878876686096
1.0393058061599731
1.401355504989624
0.6878507733345032
1.085020899772644
1.4381097555160522
0.5444700717926025
1.5717116594314575
0.7092136144638062
1.253971815109253
0.9442636370658875
1.6260930299758911
0.5628728270530701
1.300754427909851
1.194387435913086
0.5477256774902344
1.3661397695541382
0.8742485642433167
1.028983473777771
1.2335954904556274
0.8845014572143555
1.1327301263809204
0.6749874949455261
1.5201681852340698
0.7462949156761169
1.3222306966781616
0.8045276999473572
1.1878573894500732
0.699937105178833
1.0226061344146729
1.3090567588806152
1.144506812095642
0.750245988368988
1.2391124963760376
0.9221330285072327
0.9096872806549072
0.8546297550201416
1.4044861793518066
0.8372174501419067
1.1094313859939575
0.9135189652442932
1.1070387363433838
0.6729850172996521
1.6530330181121826
0.7567293643951416
1.1160879135131836
0.826734185218811
1.475936770439148
0.6509076356887817
1.2917671203613281
0.9074941277503967
1.2126648426055908
0.8479502201080322
1.1029376983642578
0.9462985396385193
1.1870062351226807
0.8238295316696167
1.2012146711349487
0.7707669734954834
1.1663721799850464
1.1006181240081787
1.1281300783157349
0.7489078044891357
1.1609020233154297
0.9346387982368469
0.976235032081604
1.2217830419540405
0.6297754049301147
1.031872034072876
1.2040101289749146
1.3810725212097168
0.7817625999450684
1.3232316970825195
0.8766078352928162
0.8186246752738953
1.3100874423980713
0.6379168629646301
1.2371089458465576
1.1036834716796875
0.8336265087127686
1.3777779340744019
0.5966807007789612
1.5239312648773193
0.9865228533744812
0.6743108034133911
1.389726161956787
0.577498733997345
1.458064079284668
0.9425230622291565
1.4997777938842773
0.49879661202430725
1.8639932870864868
0.798305094242096
1.0173299312591553
0.9704909920692444
0.9267373085021973
1.0180584192276
1.1025067567825317
0.6510563492774963
1.471571922302246
1.0694990158081055
1.1557087898254395
1.1642481088638306
0.6943550705909729
1.0497040748596191
1.1355841159820557
0.646017849445343
1.5004253387451172
0.8513380885124207
1.0260435342788696
0.8591862916946411
1.4455220699310303
0.5092922449111938
1.6890034675598145
0.9013273119926453
0.9538169503211975
0.8979551196098328
1.5056962966918945
0.699474036693573
1.215179681777954
1.0779542922973633
1.0741807222366333
0.8252547383308411
1.1932934522628784
0.8181619048118591
1.4234856367111206
0.6336068511009216
1.3789931535720825
0.7352955341339111
1.0085277557373047
0.9614099860191345
1.3549054861068726
0.8293524384498596
1.0472426414489746
0.8631073832511902
1.4117811918258667
0.9594400525093079
0.944449782371521
0.7978898882865906
1.1397945880889893
1.212019920349121
0.5782037377357483
1.5039368867874146
0.9817243218421936
0.8728830218315125
0.9111841917037964
1.1719422340393066
0.8422649502754211
1.6214532852172852
0.5887228846549988
1.4154423475265503
0.6939049363136292
1.2463747262954712
1.0854785442352295
0.919405460357666
0.9373796582221985
1.1552271842956543
0.8364172577857971
1.2454890012741089
1.1509073972702026
0.5988360047340393
1.6897602081298828
0.7379018664360046
0.9243715405464172
1.3740051984786987
0.9447313547134399
0.873580813407898
0.8670929670333862
1.1935628652572632
0.8885096311569214
1.2065484523773193
0.8918615579605103
1.0831035375595093
1.027082085609436
1.0369058847427368
0.7667187452316284
1.373034954071045
0.6247929930686951
1.505331039428711
0.9290419816970825
0.948764443397522
0.7483130693435669
1.5887380838394165
0.6073065996170044
1.6437914371490479
0.8913049697875977
1.0113524198532104
0.6654503345489502
1.660619854927063
0.747714638710022
1.181455135345459
1.0106501579284668
0.7181328535079956
0.8096410632133484
2.1404011249542236
0.8174121975898743
0.9626854062080383
0.8023352026939392
1.6375300884246826
0.6244888305664062
0.9409024715423584
1.382354497909546
0.9659258723258972
1.0190902948379517
0.7701916694641113
1.1913129091262817
1.0213968753814697
1.2213127613067627
0.6293495893478394
1.3323482275009155
0.9671486020088196
1.0513650178909302
0.833959698677063
1.6197254657745361
0.6618984341621399
1.1073431968688965
0.9986925721168518
1.264378547668457
0.828070878982544
1.1283024549484253
0.5841310024261475
1.5066344738006592
0.5128039121627808
1.482065200805664
1.0396422147750854
1.4239953756332397
0.7683812379837036
1.1152082681655884
0.9891543388366699
0.7964748740196228
1.1517595052719116
1.2712608575820923
0.836370050907135
1.0313578844070435
0.8052665591239929
1.1929272413253784
0.9919500946998596
1.2033827304840088
0.8395365476608276
1.2967958450317383
0.7638864517211914
1.2585262060165405
0.7702987790107727
1.286807656288147
0.7502131462097168
1.0427993535995483
0.9228162169456482
1.1377240419387817
0.6992427706718445
1.1707130670547485
1.2666585445404053
1.1327738761901855
0.7893056869506836
1.28180992603302
0.8024638295173645
1.0540796518325806
0.777812659740448
1.69407320022583
0.6778897643089294
0.9807343482971191
0.8458333015441895
1.6060688495635986
0.7512322664260864
1.2580783367156982
0.8001185655593872
1.095587968826294
0.9708830714225769
1.0184919834136963
1.2525873184204102
0.6731972694396973
0.8996699452400208
1.5754294395446777
0.8232099413871765
1.1270321607589722
0.8782539367675781
1.15657377243042
0.8974365592002869
1.0411471128463745
0.9032008051872253
1.066068410873413
1.0554735660552979
0.8994585871696472
1.072426676750183
1.07413911819458
0.7127618193626404
1.0882740020751953
1.2327646017074585
0.7854987382888794
1.2817811965942383
0.9167065620422363
0.887151300907135
0.7144232988357544
2.004495620727539
0.8250483870506287
0.9265084266662598
1.2236430644989014
0.6047072410583496
1.557556390762329
0.8709162473678589
0.9818101525306702
1.0073869228363037
1.490546703338623
0.5935442447662354
1.4470351934432983
0.7422400116920471
1.1967557668685913
0.8192486763000488
1.271274209022522
0.7569620013237
1.3796290159225464
0.8606442213058472
1.169166088104248
0.8199665546417236
0.9975742697715759
0.9724417924880981
1.377044439315796
0.6837491393089294
1.3249708414077759
0.6676920652389526
1.323944091796875
0.6821030378341675
1.706787347793579
0.7609599828720093
0.964871346950531
1.0381910800933838
0.9894464612007141
0.9169405698776245
1.1448521614074707
0.8691822290420532
1.2932298183441162
1.139565110206604
0.7484254837036133
0.8070207238197327
1.7418122291564941
0.6620204448699951
1.1738600730895996
0.7574709057807922
1.5084837675094604
0.6531659960746765
1.2056866884231567
1.0647653341293335
1.181922197341919
0.8156468272209167
1.35953688621521
0.672933042049408
1.139520525932312
0.7403683066368103
1.4970006942749023
0.8148334622383118
1.1639665365219116
0.8593071699142456
1.3154213428497314
0.730781078338623
1.4318857192993164
0.7680609226226807
1.1063563823699951
1.03025484085083
0.9764525294303894
0.7811176180839539
1.6414854526519775
0.6572308540344238
1.439321517944336
0.8735021948814392
1.2521452903747559
0.6195544600486755
1.0346834659576416
1.6971375942230225
0.5886535048484802
1.1466622352600098
1.05194091796875
0.8896464705467224
1.0897020101547241
0.7670001983642578
1.5431523323059082
0.7812430262565613
1.0408233404159546
0.919647753238678
1.4624220132827759
0.48830363154411316
1.771994709968567
0.7995156645774841
1.2533589601516724
0.8447791337966919
1.2122315168380737
0.7066234946250916
1.0923190116882324
1.5711402893066406
0.7775787711143494
0.9780578017234802
1.111681342124939
0.6045640110969543
1.3093209266662598
0.9915621280670166
0.8553731441497803
1.1638481616973877
0.9145838618278503
1.1462587118148804
0.9139127731323242
0.8323209881782532
1.7586467266082764
0.6318985223770142
1.395538330078125
0.7977851629257202
0.8147913217544556
1.2509651184082031
1.1798083782196045
0.7993767261505127
1.5188782215118408
0.7374418377876282
1.216554880142212
0.7013402581214905
1.5286097526550293
0.6893494129180908
1.4597910642623901
0.775532603263855
1.0593212842941284
0.8768007755279541
1.1711881160736084
0.6459855437278748
1.6670570373535156
0.9600225687026978
0.8671973347663879
0.7080584168434143
1.8366888761520386
0.5592924356460571
1.4499530792236328
0.7808653712272644
1.3472063541412354
1.040867567062378
0.942391037940979
1.0275816917419434
0.9399271011352539
1.0664491653442383
0.6957934498786926
1.4950147867202759
0.8377317786216736
0.8850554823875427
0.8895217180252075
1.5477685928344727
0.7698939442634583
1.287161111831665
0.8657998442649841
0.986048698425293
1.1334854364395142
0.9611948728561401
0.685003936290741
1.8997371196746826
0.6117478609085083
1.0380252599716187
1.094592571258545
0.8020815849304199
1.5867396593093872
0.5467932820320129
1.3245097398757935
1.2528159618377686
0.662320613861084
1.584439992904663
0.8503279685974121
0.8117346167564392
1.3419791460037231
0.9651946425437927
0.9822827577590942
0.8537032604217529
1.389515995979309
0.662779688835144
1.1262948513031006
0.8962340354919434
1.4908934831619263
0.6849830150604248
1.3896342515945435
0.6219214797019958
1.3384822607040405
0.9850704073905945
0.9159726500511169
1.044113039970398
1.0713797807693481
0.7383831739425659
1.315000295639038
1.0653283596038818
1.0733741521835327
0.8320717811584473
1.2792373895645142
0.5743090510368347
1.2202314138412476
1.085868000984192
0.8960623145103455
0.952993631362915
1.3435295820236206
0.8616275787353516
0.9569234251976013
1.080108880996704
1.1728339195251465
0.7397519946098328
1.8549156188964844
0.6053535342216492
1.419993281364441
0.7749701142311096
1.068548560142517
0.6135432124137878
1.5402638912200928
1.285090446472168
0.7329682111740112
1.11175537109375
0.9608809947967529
0.871467113494873
1.086842656135559
1.2750827074050903
0.7217409610748291
1.2023621797561646
0.8788766860961914
0.9802384376525879
0.8806814551353455
1.402791142463684
0.5943541526794434
1.496253252029419
0.9440709352493286
1.013794183731079
1.110575556755066
0.8805774450302124
1.012624979019165
0.8394705653190613
1.749898910522461
0.8276311159133911
0.8566153645515442
0.9902136325836182
1.1235296726226807
0.8412543535232544
1.06059992313385
0.7803447842597961
1.086850881576538
0.8822790384292603
1.7290539741516113
0.6926533579826355
0.8907322883605957
1.6680974960327148
0.5617053508758545
1.5401220321655273
0.549856424331665
1.886513113975525
0.7301033139228821
1.1788933277130127
0.7618764042854309
1.5533499717712402
0.735548198223114
1.5154367685317993
0.5970072150230408
1.233182668685913
1.103243350982666
0.8922728300094604
0.9097988605499268
1.1678229570388794
0.8652093410491943
1.0659093856811523
1.3982270956039429
0.3845318555831909
1.9059720039367676
1.2073978185653687
0.8115874528884888
1.2278465032577515
0.7481046915054321
1.4436403512954712
0.6737417578697205
1.033004641532898
1.1076561212539673
1.1333481073379517
0.9921760559082031
0.6710289120674133
1.5583436489105225
0.9076522588729858
0.8455378413200378
1.205773115158081
0.8865201473236084
1.1077457666397095
0.8163872361183167
1.4344340562820435
0.8142313361167908
0.9038186073303223
0.7830957174301147
1.4880030155181885
0.7374298572540283
1.3080964088439941
0.7579342126846313
1.4804970026016235
0.6291957497596741
1.9790539741516113
0.4966571629047394
1.5439356565475464
0.9144989848136902
0.941634476184845
0.8037739992141724
1.2203757762908936
0.8480345606803894
1.1948171854019165
1.2279821634292603
0.6586911678314209
1.2638691663742065
0.8765002489089966
1.2013853788375854
1.011818528175354
0.9144226312637329
1.5059630870819092
0.634783148765564
1.02056884765625
1.18179190158844
0.8382672667503357
1.0354048013687134
0.8443612456321716
1.8308699131011963
0.5972768664360046
1.1564724445343018
0.9106714129447937
1.1889054775238037
0.7251043915748596
1.2468947172164917
0.8577917814254761
1.2298461198806763
0.8151128888130188
1.4927287101745605
0.5487288236618042
1.4137064218521118
1.0213900804519653
0.9634817838668823
1.0188071727752686
1.0730851888656616
1.1125534772872925
0.8570930361747742
0.9935690760612488
0.9022364616394043
1.280709981918335
1.0499811172485352
0.725596010684967
1.543716311454773
0.7239859700202942
1.1144297122955322
0.8745784163475037
1.1519886255264282
0.828119695186615
0.9698596000671387
1.4431641101837158
0.509810745716095
1.7356992959976196
0.9433016777038574
0.9263827800750732
1.011549711227417
0.9078776836395264
0.8004328608512878
1.743623971939087
0.8571693897247314
1.0193638801574707
0.8564037680625916
0.9543092250823975
0.9723488092422485
1.4263652563095093
0.7310975790023804
1.2536900043487549
0.7913306355476379
1.1413387060165405
0.8607067465782166
1.185005784034729
0.7241193652153015
1.5499660968780518
0.8160067200660706
1.03658926486969
0.8648737072944641
1.495859146118164
0.637355625629425
1.3314276933670044
0.7687042951583862
1.535293698310852
0.5748701691627502
1.0781140327453613
0.9903028011322021
1.6142443418502808
0.6795265674591064
1.124072551727295
0.7904478311538696
1.454924464225769
0.9480763077735901
0.9501966834068298
0.9043703675270081
1.298232078552246
0.7847899794578552
1.1079846620559692
0.860891580581665
1.2265598773956299
0.9119106531143188
1.152619481086731
0.8250380158424377
1.0005238056182861
1.0390948057174683
0.8603917956352234
1.103215217590332
1.197913408279419
1.105893850326538
0.8169209361076355
0.897293210029602
1.2308861017227173
0.5701978206634521
2.1907331943511963
0.5384595394134521
1.3391180038452148
0.8774067163467407
1.2268582582473755
0.586182177066803
1.757733941078186
0.8950079679489136
1.3091330528259277
0.7352868914604187
0.9777646660804749
0.8269857168197632
1.541735053062439
0.7355778813362122
1.554376244544983
0.6650981903076172
1.164366364479065
0.814511775970459
1.1646249294281006
0.7142443656921387
1.6670701503753662
0.6429349780082703
1.4025572538375854
1.0598784685134888
0.7975818514823914
0.8660866618156433
1.6435672044754028
0.6491690874099731
1.2535042762756348
1.2078502178192139
0.8683076500892639
0.9519201517105103
0.7189350724220276
1.2423298358917236
1.131455898284912
0.8446263074874878
1.1202093362808228
0.7337024807929993
1.3508061170578003
0.8770188093185425
1.102323293685913
1.0379587411880493
0.8104339838027954
1.0958083868026733
1.0641356706619263
1.1950141191482544
0.7387572526931763
1.476640224456787
0.8737221360206604
1.0780986547470093
0.7344549298286438
1.2718952894210815
0.8362981081008911
1.2020756006240845
0.8235619068145752
1.1896388530731201
0.8440454006195068
1.2060959339141846
0.6396819949150085
1.2738546133041382
1.014161467552185
0.9655490517616272
1.2625794410705566
1.028386116027832
0.7826467752456665
1.3552138805389404
0.7972941398620605
0.8002510070800781
1.093467354774475
1.2671855688095093
1.0189275741577148
1.0034672021865845
0.7052015066146851
1.4514689445495605
0.9571126103401184
0.9440373778343201
0.7998380064964294
1.2843589782714844
0.6785829663276672
1.0906320810317993
1.0789752006530762
0.9790475368499756
0.8224307894706726
1.2432173490524292
1.2023078203201294
0.9286937117576599
1.2128710746765137
0.6101544499397278
1.5473600625991821
0.9692368507385254
1.0546056032180786
0.7701564431190491
1.4289963245391846
0.6034258008003235
1.794471263885498
0.7595353126525879
0.9531099200248718
0.9330520629882812
1.0707921981811523
1.4047315120697021
0.6250521540641785
1.2316573858261108
1.005306601524353
0.9131116271018982
1.2446156740188599
0.7181929349899292
1.6337103843688965
0.7313547134399414
1.3095594644546509
0.8100380897521973
1.0627785921096802
0.7568772435188293
1.0261375904083252
1.2032204866409302
0.9289668202400208
0.994648277759552
0.9465301632881165
1.2198829650878906
0.7845603227615356
1.334952473640442
0.9535863399505615
0.7016751170158386
1.3826857805252075
0.6774044632911682
1.7213172912597656
0.62148517370224
1.2252867221832275
0.8882944583892822
1.1479077339172363
0.949155330657959
1.1972962617874146
0.7697198390960693
1.353060007095337
0.742417573928833
1.3325122594833374
0.803054928779602
0.8197975158691406
1.4194729328155518
0.6355842351913452
1.7557815313339233
0.702452540397644
1.270291805267334
0.776183545589447
1.5042251348495483
0.5187699794769287
1.3673160076141357
1.117231845855713
0.9187110662460327
1.241239309310913
0.6981608271598816
1.4202901124954224
0.8028164505958557
1.098360300064087
0.8471150398254395
0.9146334528923035
1.4111732244491577
0.7625687718391418
1.0184097290039062
1.3546587228775024
0.6321901082992554
1.9224909543991089
0.4746462106704712
1.5899056196212769
0.8762656450271606
1.1799508333206177
1.116446852684021
0.6768674254417419
1.2646427154541016
0.7109121084213257
1.3611985445022583
0.9671322107315063
1.0715997219085693
0.9190137386322021
0.6147454977035522
1.6787807941436768
0.8703710436820984
1.1556674242019653
1.143802523612976
0.9146071672439575
0.9749085903167725
0.8725190758705139
0.9866736531257629
1.3213354349136353
0.8786916136741638
1.3400617837905884
0.6132765412330627
1.2567145824432373
0.7352290749549866
1.4390875101089478
1.030971646308899
0.8054555058479309
0.9379801750183105
1.097421407699585
0.7602072954177856
1.3308584690093994
0.8143059015274048
1.5800840854644775
0.8452657461166382
1.1102075576782227
0.6855531334877014
1.8060119152069092
0.5655492544174194
1.254909873008728
0.7059978246688843
1.7591842412948608
0.6110020875930786
1.179408311843872
1.0586481094360352
1.200537919998169
0.5446261167526245
2.053300142288208
0.582525372505188
1.5924664735794067
0.8512547016143799
1.0704057216644287
0.8405283093452454
1.3409090042114258
0.7165524959564209
0.9344086647033691
1.3619927167892456
0.6845791935920715
1.5680372714996338
0.8495361804962158
0.8454673886299133
1.4320411682128906
0.6189793348312378
1.430708646774292
0.9278239607810974
0.9174132943153381
0.8242227435112
1.4733892679214478
0.855560302734375
1.3369226455688477
0.8325483798980713
0.8674447536468506
0.8354396820068359
1.2984524965286255
0.8461584448814392
1.2909440994262695
0.8091022372245789
1.2822449207305908
0.6911450624465942
1.0622066259384155
1.098473310470581
0.9159252047538757
1.070266842842102
1.1755731105804443
0.7524449229240417
1.4735699892044067
0.8694354891777039
0.8101946711540222
1.2432241439819336
0.9405425786972046
0.9535693526268005
1.003883719444275
1.257205605506897
0.631659984588623
1.1551920175552368
1.168328881263733
1.1627835035324097
0.7368512153625488
1.0398269891738892
0.8485385775566101
1.850319266319275
0.5041033029556274
1.6366708278656006
0.8501782417297363
1.1882649660110474
0.6262167096138
1.430184245109558
0.7652087807655334
1.2609150409698486
0.9485563635826111
1.569881558418274
0.5307440161705017
1.079445242881775
0.8945398330688477
1.5142381191253662
0.6186265349388123
1.2003225088119507
0.916367769241333
1.4324597120285034
0.6597596406936646
1.4793044328689575
0.677993893623352
1.180705189704895
1.1483231782913208
0.832594633102417
1.2969088554382324
0.8496015667915344
1.0475069284439087
1.1552982330322266
0.9771955609321594
0.8356502056121826
1.0799421072006226
0.5480395555496216
2.0847840309143066
0.7430341243743896
1.2523815631866455
0.7911044955253601
1.2087880373001099
0.745631992816925
1.9233611822128296
0.5220873951911926
1.3159081935882568
1.041428565979004
0.6060251593589783
1.1628830432891846
1.68167245388031
0.5755786895751953
1.5979160070419312
0.8477141261100769
1.0909935235977173
1.0197864770889282
0.7547053098678589
1.327125072479248
0.581211507320404
1.4217915534973145
0.969247579574585
1.1187968254089355
1.0691202878952026
0.8600651621818542
1.2841678857803345
0.751569926738739
0.9764834642410278
0.9239179491996765
1.0185120105743408
1.1324094533920288
0.8828340172767639
1.2103921175003052
0.937290370464325
0.9362081289291382
0.876457154750824
1.1278213262557983
0.9451552033424377
1.231758713722229
1.0635626316070557
0.9101065397262573
1.0030816793441772
1.0312557220458984
0.8813997507095337
1.167313814163208
1.0140057802200317
0.5477859377861023
1.6141927242279053
1.068884015083313
1.1658045053482056
0.7316763997077942
1.2478595972061157
0.7795717120170593
1.4923540353775024
0.7226445078849792
1.2126375436782837
0.5443713068962097
2.130537986755371
0.497231662273407
1.831994652748108
0.7586016654968262
1.2203820943832397
0.9854994416236877
1.3557652235031128
0.6409304141998291
1.316830039024353
0.9128642678260803
0.8233245611190796
1.5499751567840576
0.6504749655723572
1.1938025951385498
0.744544267654419
1.2211499214172363
1.0302379131317139
1.3205264806747437
0.5263400077819824
1.4046307802200317
0.9010560512542725
1.0364363193511963
1.4673517942428589
0.5187413692474365
1.596063256263733
0.8114322423934937
1.3467458486557007
0.6517102122306824
1.6010550260543823
0.6709467768669128
1.4517035484313965
0.9478446245193481
0.9771802425384521
0.9259061217308044
0.9945318698883057
1.0285537242889404
0.7677501440048218
1.0718713998794556
1.3784947395324707
0.925504207611084
0.9567755460739136
0.9217881560325623
1.0467510223388672
0.783104419708252
1.2864291667938232
0.9098143577575684
0.9905904531478882
1.24550461769104
0.6379812955856323
0.9671282172203064
1.5212717056274414
0.7329846620559692
0.9511212706565857
1.2002660036087036
1.1561498641967773
0.8168337345123291
1.2819364070892334
0.7449625134468079
1.4977093935012817
0.5715733170509338
1.1967220306396484
1.2751516103744507
0.8029859066009521
1.2825725078582764
0.7721104621887207
1.2210538387298584
0.9622524976730347
1.16422438621521
0.8271495699882507
1.127382755279541
0.7153311371803284
1.329434871673584
0.7628187537193298
0.9779684543609619
1.3252534866333008
0.7543854713439941
1.3080335855484009
0.9652373194694519
0.9067469835281372
1.0762821435928345
0.7698563933372498
1.8560795783996582
0.6324456930160522
1.293615460395813
0.6732625961303711
1.0452995300292969
1.3448715209960938
0.7199977040290833
1.1448463201522827
1.2459783554077148
0.8981971740722656
1.1106253862380981
0.8226878046989441
1.2656463384628296
0.6034066677093506
1.5492799282073975
1.0774099826812744
1.0203393697738647
0.6908667087554932
1.6061209440231323
0.6615855693817139
1.172066569328308
1.1391228437423706
0.7867243885993958
1.1280955076217651
0.86967533826828
1.4732359647750854
0.7315759658813477
1.176802635192871
1.094871997833252
0.739837110042572
0.9087392687797546
1.2012746334075928
1.1918349266052246
0.5967027544975281
1.4312373399734497
0.9724469780921936
0.9248083829879761
1.1833187341690063
0.8011239171028137
0.9430137276649475
1.3960480690002441
0.7896148562431335
1.0884512662887573
0.7661236524581909
1.3455220460891724
0.8005681037902832
1.244362473487854
0.7025018930435181
1.3619639873504639
0.8464508056640625
1.4035762548446655
0.6498646140098572
1.3144177198410034
1.0673941373825073
0.7772378921508789
0.9629074335098267
1.3253660202026367
1.0028866529464722
1.1478570699691772
1.059507131576538
0.6135265231132507
1.303606629371643
0.9567660689353943
0.9900385737419128
1.148255705833435
0.7528643012046814
1.3915635347366333
0.9038851261138916
0.9965000748634338
0.9276530146598816
1.0996477603912354
0.6894861459732056
1.427756667137146
0.6032872796058655
1.4434099197387695
0.9659713506698608
1.2987672090530396
0.7166371941566467
1.673469066619873
0.5437463521957397
1.4127252101898193
0.7542867064476013
1.2637977600097656
0.6977530121803284
2.0350918769836426
0.6262133121490479
1.3749632835388184
0.8768371343612671
1.0925676822662354
0.7265253663063049
1.39561128616333
0.5581960678100586
1.3011524677276611
1.3197517395019531
0.83233642578125
0.8564808964729309
1.3654813766479492
0.9479103684425354
1.2290253639221191
1.1546565294265747
0.5221235156059265
1.430203914642334
0.7268952131271362
1.087520956993103
1.0175056457519531
0.9766422510147095
0.9641866683959961
1.2189958095550537
0.7348731160163879
1.0494226217269897
1.458557367324829
0.6780343651771545
1.4983010292053223
0.6936136484146118
1.2547937631607056
0.8989863991737366
0.9718095660209656
0.960587203502655
0.9959747791290283
1.189965844154358
1.2810684442520142
0.6163551211357117
1.0445468425750732
1.0156879425048828
0.7880401611328125
1.665588617324829
0.5910245776176453
1.6806488037109375
0.8300924301147461
1.1044474840164185
0.9803184270858765
0.8046776056289673
1.5496389865875244
0.5466187596321106
1.27494215965271
1.4568560123443604
0.8010560870170593
0.8083246946334839
1.134806513786316
1.1674304008483887
0.5073471665382385
1.6104072332382202
0.9699863195419312
1.3331834077835083
0.7911590337753296
1.033461570739746
1.0315767526626587
0.8651432991027832
1.0551037788391113
1.2312376499176025
0.5616711378097534
2.0165059566497803
0.6711987853050232
1.5186874866485596
0.6035721898078918
1.8324289321899414
0.7276326417922974
0.8420987129211426
1.0968530178070068
0.9753342270851135
0.9148447513580322
1.4420318603515625
0.6138383150100708
1.3180540800094604
0.9013981819152832
1.2357746362686157
0.6897432208061218
1.6269129514694214
0.7890562415122986
0.9843392968177795
1.2221592664718628
0.99449622631073
0.769775390625
1.2668604850769043
0.7899338006973267
1.2102831602096558
0.8307614922523499
1.1236215829849243
1.2703040838241577
0.8931796550750732
0.5593761801719666
1.7595821619033813
0.7481111288070679
0.9400081634521484
1.0343021154403687
1.1685783863067627
0.8932507038116455
1.4609851837158203
0.6640865206718445
1.063747763633728
0.8810365200042725
1.1460028886795044
1.2222663164138794
0.905238687992096
1.2515218257904053
0.5536314249038696
1.5260809659957886
1.0502889156341553
1.029686450958252
0.7103241682052612
1.167378544807434
0.7815256118774414
1.1723382472991943
1.1677680015563965
1.1652287244796753
0.8454364538192749
1.4688364267349243
0.6218615770339966
1.2838088274002075
0.7285274267196655
1.0298279523849487
0.7394912838935852
1.79822838306427
0.7114262580871582
1.26694917678833
0.738481879234314
1.0918829441070557
1.3095872402191162
1.0663481950759888
0.6586769819259644
1.139929175376892
0.9066808819770813
1.1974354982376099
1.0140396356582642
1.2476980686187744
0.5458335280418396
1.6281538009643555
0.981269121170044
1.3052656650543213
0.5628358721733093
1.1624914407730103
1.0717699527740479
1.3106069564819336
0.5772836208343506
1.2445553541183472
1.005066156387329
1.2657355070114136
0.7458407878875732
1.3021135330200195
0.6640495657920837
1.1746159791946411
1.2635775804519653
0.7576838135719299
1.178112506866455
0.6769800782203674
1.5981868505477905
0.9268549084663391
0.9229890704154968
1.0909934043884277
0.966682493686676
0.9246179461479187
1.1118131875991821
0.8121734261512756
1.205932855606079
1.0791044235229492
0.789191484451294
1.2574231624603271
0.7763146758079529
1.6993993520736694
0.5438585877418518
1.49674391746521
0.9766756296157837
0.7926311492919922
0.8117334842681885
1.583345651626587
0.8954273462295532
1.0701591968536377
1.1568266153335571
0.8680859208106995
0.9803229570388794
0.8452075719833374
1.1047927141189575
0.9774923324584961
0.8122501373291016
1.5761123895645142
0.7149228453636169
1.2373101711273193
0.8828341960906982
1.1322375535964966
0.7012835144996643
1.194920539855957
0.9084542393684387
1.2329037189483643
0.9545462131500244
0.8679991364479065
1.123459815979004
1.0277193784713745
1.0888694524765015
0.8740969896316528
0.9721730351448059
1.4046249389648438
0.6945675611495972
1.4302610158920288
0.9339151978492737
0.7749926447868347
1.0063039064407349
0.8723848462104797
1.0647435188293457
1.310463547706604
0.8338465690612793
1.11396324634552
1.0619720220565796
0.9507396817207336
0.7875914573669434
1.1394758224487305
0.8074046969413757
1.3933213949203491
1.043605089187622
0.8905701041221619
0.9654785394668579
1.2176202535629272
0.7139060497283936
1.5881086587905884
0.8396989703178406
0.8071526885032654
1.2903501987457275
0.6014615297317505
1.500807285308838
0.8573405146598816
1.2867388725280762
0.7742752432823181
1.2718836069107056
0.7067147493362427
1.2491289377212524
0.7694847583770752
1.5200504064559937
0.7967087626457214
1.1768641471862793
0.6984466910362244
1.3685134649276733
0.7913824915885925
1.4683380126953125
0.9296504259109497
1.1132516860961914
0.6786709427833557
0.9923514723777771
0.8582733869552612
1.6956685781478882
0.8982453346252441
0.9319224953651428
0.7171466946601868
1.3365482091903687
0.8874228000640869
1.1426223516464233
0.8965139985084534
1.276313304901123
0.7574254274368286
1.0089017152786255
1.7689906358718872
0.6726512312889099
1.0892640352249146
0.7573561072349548
0.7248910069465637
1.9236021041870117
0.7258184552192688
1.6310380697250366
0.6575352549552917
1.0846229791641235
0.7133032083511353
2.159156322479248
0.4242435097694397
1.6345882415771484
0.8760218620300293
0.8406623005867004
1.287225365638733
0.7585048079490662
1.5598440170288086
0.7962319850921631
1.0676504373550415
0.937634289264679
0.9977062344551086
1.4865280389785767
0.5948802828788757
0.9214140772819519
1.442777156829834
0.6981459259986877
1.1004711389541626
0.9496052265167236
1.3903239965438843
0.6581265330314636
1.5389766693115234
0.6772421002388
1.2790114879608154
0.9109798073768616
1.138983964920044
0.9693576693534851
0.8043166399002075
0.9032488465309143
1.5454739332199097
0.701943039894104
1.1755998134613037
0.8355990648269653
1.2587019205093384
0.8636706471443176
1.0580437183380127
0.9620346426963806
0.9381759762763977
1.1172294616699219
1.2623847723007202
0.652569055557251
1.3444403409957886
0.7525207996368408
1.5893057584762573
0.8311070203781128
1.3469165563583374
0.7066546678543091
0.8032847046852112
1.102394700050354
1.1724251508712769
0.7359328269958496
1.5889912843704224
0.718745231628418
0.9698512554168701
1.163448691368103
1.3829965591430664
0.7195754051208496
1.064939260482788
0.9844599962234497
1.3247579336166382
0.797106146812439
1.018389344215393
1.0392401218414307
1.0735700130462646
0.7859833836555481
1.2040824890136719
0.7814534306526184
1.362994909286499
0.7293666005134583
1.412191390991211
0.7051549553871155
1.3601374626159668
0.7974377870559692
0.9646353125572205
0.8597902059555054
1.3762320280075073
0.6154881119728088
1.4239431619644165
0.8423856496810913
1.1662076711654663
0.9180970788002014
1.2501213550567627
0.8115084171295166
1.3190580606460571
0.731212854385376
0.996915340423584
1.141067624092102
0.9669052958488464
1.3948216438293457
0.6986533403396606
1.1059141159057617
0.8693426251411438
1.3587372303009033
0.7134218215942383
1.2544336318969727
1.082836389541626
0.7545108795166016
0.9443292617797852
1.4084662199020386
0.7498982548713684
1.0168030261993408
0.9942119121551514
0.9895349740982056
1.2029787302017212
0.9133443832397461
1.1025750637054443
0.809977650642395
1.0650856494903564
1.2861605882644653
0.6873994469642639
1.2344609498977661
0.7423325777053833
1.5176680088043213
0.8124850988388062
0.9474945068359375
1.1786699295043945
1.0222423076629639
0.8237593770027161
1.5917682647705078
0.5537388324737549
1.3048639297485352
0.8907111287117004
1.108219027519226
0.7847355008125305
1.1669821739196777
1.3063781261444092
0.8317998051643372
1.0047861337661743
0.9950475096702576
1.1672251224517822
1.1341097354888916
0.7516902685165405
1.1786603927612305
0.9534115791320801
0.9615747928619385
0.9717735648155212
0.7377510666847229
1.8868352174758911
0.6447080969810486
1.2005192041397095
0.8999872803688049
1.0819381475448608
1.249450922012329
0.6570698022842407
1.080551266670227
0.7938434481620789
1.5290637016296387
0.7012704014778137
1.6764894723892212
0.7192657589912415
1.1336127519607544
0.8372902870178223
1.11208176612854
1.2559722661972046
0.679452657699585
1.1292047500610352
0.8979008793830872
1.0291081666946411
1.2066856622695923
0.7776656150817871
1.2963954210281372
0.8303197026252747
0.9899284839630127
0.85587078332901
1.3566100597381592
0.8877100348472595
1.2588908672332764
0.7669941186904907
1.2186009883880615
0.8651695847511292
1.355093240737915
0.6191638112068176
1.3685801029205322
0.7689681649208069
1.4277870655059814
0.897702157497406
0.8879757523536682
0.8859214782714844
1.2064197063446045
0.8477010130882263
1.2790230512619019
0.994993269443512
1.084720492362976
0.8132285475730896
1.0867727994918823
1.1552982330322266
0.8725963830947876
0.8338977098464966
0.8820018172264099
1.155656337738037
1.2250458002090454
1.0006192922592163
0.6554796099662781
1.9290155172348022
0.6676472425460815
1.1406545639038086
1.0049214363098145
1.063508152961731
0.8462815284729004
1.3293949365615845
0.7361884713172913
1.0931936502456665
0.9197993278503418
1.0843693017959595
1.0069079399108887
1.2218637466430664
0.5823872685432434
1.5712631940841675
0.7773059010505676
1.0987823009490967
1.032485842704773
0.7405974268913269
1.1756590604782104
1.0311306715011597
0.878004252910614
1.3403141498565674
0.8081052899360657
1.3398292064666748
0.7296537160873413
1.2393500804901123
1.1380378007888794
0.9163892269134521
0.7306113243103027
1.123761773109436
1.209903359413147
1.2437536716461182
0.7610009908676147
1.0365053415298462
0.8232592344284058
1.275266170501709
0.7714676856994629
1.2000240087509155
0.8997932076454163
1.0515121221542358
0.8745009303092957
1.6678763628005981
0.6156942844390869
1.2465091943740845
0.9122816324234009
0.9120136499404907
1.1004371643066406
1.1696053743362427
0.8044654130935669
1.2213711738586426
0.6444178819656372
1.2886617183685303
0.9893791675567627
1.136741042137146
0.6751000285148621
1.6222928762435913
0.6299967169761658
1.303939700126648
0.9841001629829407
1.176187515258789
0.7561510801315308
1.2080737352371216
0.7210570573806763
1.8145402669906616
0.7372280955314636
1.2600290775299072
0.6624745726585388
1.6580665111541748
0.536811351776123
1.1509363651275635
1.0094925165176392
1.086730718612671
1.262597680091858
0.8248795866966248
1.2128806114196777
0.7816781997680664
1.338619589805603
0.6401116847991943
1.6809998750686646
0.5940710306167603
1.3086532354354858
0.6202529072761536
1.493117094039917
0.8811596632003784
1.5780197381973267
0.5551977753639221
1.50993812084198
0.6487564444541931
1.6732085943222046
0.762622594833374
1.14736807346344
0.6784841418266296
1.7535640001296997
0.649419903755188
1.570805311203003
0.5771164894104004
1.7765992879867554
0.6207971572875977
1.315175175666809
0.713952362537384
1.1948319673538208
1.0149662494659424
0.9831061363220215
1.1342159509658813
0.929598331451416
1.3204478025436401
0.5980044007301331
1.2458674907684326
0.9190598130226135
1.1887286901474
0.6303844451904297
1.717969298362732
1.0231367349624634
0.749290943145752
1.2437337636947632
0.7929487824440002
1.1723617315292358
1.0333882570266724
0.9844940900802612
0.9671118259429932
0.7586226463317871
1.039221167564392
1.36186683177948
0.9944794774055481
0.8756294846534729
1.1679893732070923
0.9583733677864075
0.7833942174911499
1.149318814277649
1.0429879426956177
0.898127555847168
1.2531938552856445
0.9345470070838928
0.9247362613677979
1.2691574096679688
0.7022114992141724
1.5417792797088623
0.7434573173522949
1.3896595239639282
0.7231569290161133
1.0360522270202637
0.9339324831962585
0.981026291847229
1.076550006866455
1.0938925743103027
0.8597841858863831
1.2362576723098755
0.8610824942588806
1.0384469032287598
1.0216227769851685
0.8683889508247375
0.8656281232833862
1.590070366859436
0.7299699187278748
0.8666269183158875
1.1154810190200806
1.183567762374878
0.8440942168235779
1.541305422782898
0.8943679928779602
1.0138130187988281
0.82658451795578
1.2044070959091187
0.6955488920211792
1.289060115814209
0.6378784775733948
1.280637502670288
1.19551682472229
0.6840498447418213
1.5847419500350952
0.7227166891098022
1.0623881816864014
1.0104484558105469
1.0433053970336914
1.0088235139846802
1.108493685722351
0.6403584480285645
1.7582663297653198
0.7221843600273132
1.284738302230835
0.6358740925788879
1.2714457511901855
1.0219570398330688
1.0819896459579468
0.9187506437301636
1.1346317529678345
0.878632664680481
1.0346461534500122
0.9476471543312073
1.3003575801849365
0.9729425311088562
1.0490838289260864
0.9262241125106812
0.85854572057724
1.5424954891204834
0.6633908748626709
1.0431989431381226
0.8616504669189453
0.9812116622924805
1.2709436416625977
1.0252225399017334
0.8229677081108093
1.0051709413528442
0.8178971409797668
1.4898396730422974
0.8667165637016296
0.9023741483688354
0.9865972995758057
1.231166124343872
1.0825978517532349
0.8028656840324402
1.1370694637298584
0.9951862096786499
0.7264741063117981
1.377992868423462
1.0021501779556274
1.2269593477249146
0.7255445122718811
1.2219845056533813
0.9628959894180298
1.0446282625198364
0.9275827407836914
1.083581805229187
0.7345098853111267
1.6194864511489868
0.6003710031509399
1.179960012435913
0.9382600784301758
1.0792341232299805
0.8713350296020508
1.1384763717651367
0.8653919100761414
1.2662713527679443
1.0147249698638916
0.7896876931190491
1.1586965322494507
0.9276458024978638
1.5255426168441772
0.607586145401001
1.6261820793151855
0.5270192623138428
1.640998363494873
0.7701432704925537
1.1415183544158936
0.4554860293865204
2.4301156997680664
0.649055004119873
1.568047046661377
0.7512322664260864
1.033125638961792
0.9883099794387817
1.4058805704116821
0.6551031470298767
0.8348071575164795
1.2069966793060303
1.190477728843689
0.6428188681602478
1.4237946271896362
0.9753293395042419
1.2568384408950806
0.7524183392524719
1.5311845541000366
0.5007829070091248
1.5345160961151123
0.8953241109848022
1.1580750942230225
1.0050023794174194
1.4260756969451904
0.5491806268692017
0.9702743887901306
0.8654382228851318
1.249617099761963
1.0456866025924683
1.060939908027649
0.9912146925926208
1.3435198068618774
0.8337370753288269
1.049333095550537
0.7275941967964172
1.4149024486541748
0.6616057753562927
1.2097405195236206
1.0197737216949463
1.045674443244934
1.1969233751296997
0.806835949420929
1.0640785694122314
0.6973041296005249
1.8422465324401855
0.8904221653938293
1.024990439414978
0.9009009003639221
0.9870561957359314
0.7910891771316528
1.6293284893035889
0.7213072776794434
1.2031694650650024
1.0080442428588867
0.6276757121086121
1.6217176914215088
0.7539282441139221
1.2080885171890259
1.0262413024902344
0.7522278428077698
1.2809114456176758
0.8132678866386414
1.1746138334274292
0.9802505373954773
0.9862303137779236
1.0548210144042969
0.9089099168777466
0.9424569606781006
1.124826192855835
1.0773106813430786
0.8255608677864075
1.127338171005249
0.8402181267738342
1.3520392179489136
0.8326801657676697
1.213472604751587
0.5711411237716675
1.3246153593063354
0.9706246852874756
1.0761762857437134
1.1861698627471924
0.9170222282409668
0.7008689641952515
1.590441107749939
0.6688270568847656
1.5142936706542969
0.7891992926597595
1.6514687538146973
0.5418879985809326
1.3013005256652832
0.9562490582466125
1.1968027353286743
0.7912245988845825
1.4190480709075928
0.7089912295341492
1.2878859043121338
0.8010219931602478
0.8288301229476929
1.2110973596572876
1.1985257863998413
0.8007093071937561
1.2235510349273682
0.9410740733146667
0.7896400094032288
0.9714592099189758
1.2461934089660645
0.9322332739830017
1.0358986854553223
0.9782593250274658
0.9319747090339661
1.3269710540771484
0.9992275834083557
0.5707364082336426
1.8823457956314087
0.5482046008110046
1.5707067251205444
0.7636297941207886
1.0177615880966187
1.177625298500061
0.8379806280136108
0.9971328377723694
1.4596089124679565
0.7899130582809448
1.0306406021118164
1.071240782737732
0.721390962600708
1.3834261894226074
0.9953622817993164
0.9224053621292114
0.9534103870391846
1.3239418268203735
0.6103639602661133
1.4352164268493652
0.8700817227363586
1.0800710916519165
0.8561629056930542
1.2063008546829224
1.4265376329421997
0.5962652564048767
0.8788623213768005
1.5598546266555786
0.8897994160652161
0.8981900811195374
0.9168851375579834
1.2616941928863525
0.8005040287971497
0.896668553352356
0.9661755561828613
1.5088802576065063
0.6965632438659668
1.224785327911377
0.9129893183708191
0.7616835236549377
1.6294152736663818
0.8868629932403564
0.8699550628662109
1.6768813133239746
0.70683753490448
0.8018690943717957
1.4067937135696411
0.7632625699043274
1.2897841930389404
0.7489132881164551
1.1597223281860352
0.9956152439117432
0.8769564628601074
0.8719870448112488
1.6783061027526855
0.6717311143875122
1.3009005784988403
0.9488436579704285
0.811286449432373
0.7760851383209229
1.7457456588745117
0.8239564895629883
1.1075388193130493
0.7675588726997375
1.2825286388397217
0.6243744492530823
1.4834158420562744
0.9504332542419434
1.2017890214920044
0.9246900677680969
1.0294374227523804
0.905475914478302
1.0096687078475952
1.0405206680297852
0.7383155226707458
1.0319836139678955
1.2333333492279053
0.8013178110122681
1.2201097011566162
1.122543454170227
0.7860503792762756
0.916696310043335
1.7996408939361572
0.5074388980865479
1.4733374118804932
0.8241499662399292
1.2501925230026245
0.947806179523468
0.9338163733482361
0.8211210370063782
1.3264391422271729
0.9452497959136963
0.8943371772766113
1.091262936592102
1.3359349966049194
0.6074756383895874
1.3789995908737183
1.009255051612854
1.1235193014144897
0.9761899709701538
1.0734065771102905
0.5951728224754333
1.3414422273635864
0.879558801651001
1.3258663415908813
0.8937699198722839
1.1320992708206177
0.6972881555557251
1.2430181503295898
0.9153765439987183
1.0971992015838623
0.7937855124473572
1.3534526824951172
0.8565022945404053
1.0447983741760254
0.7850945591926575
1.0825728178024292
0.9555515050888062
1.2885080575942993
0.8576838970184326
1.0903418064117432
0.8058102130889893
1.1434810161590576
0.8433167338371277
1.3005568981170654
1.0675408840179443
0.8549770712852478
0.9874981045722961
1.1510248184204102
0.762690544128418
1.602988839149475
0.7056879997253418
1.0133236646652222
0.9072663187980652
1.4604403972625732
0.7590824365615845
1.3094096183776855
0.8243287205696106
0.9035354852676392
1.0177489519119263
1.2382491827011108
0.914310097694397
1.1175457239151
0.7712259292602539
1.06960129737854
0.9384868144989014
0.9771201610565186
1.2475244998931885
0.6967847347259521
1.4782357215881348
0.9337230324745178
1.1704925298690796
0.5972011685371399
1.4097188711166382
1.0035934448242188
1.0305719375610352
1.244026780128479
0.8721765875816345
0.7266550660133362
1.773726224899292
0.7107523083686829
1.1640349626541138
0.9776146411895752
0.9267626404762268
0.7240120768547058
1.1488806009292603
0.826062023639679
1.3907169103622437
0.7853710055351257
1.326619267463684
1.072253704071045
0.83035808801651
0.8900907039642334
1.1818020343780518
0.8418523073196411
1.1894757747650146
0.6265925765037537
1.885450005531311
0.6495703458786011
1.2935599088668823
0.7498082518577576
1.3417057991027832
1.0595699548721313
1.064439058303833
0.7527329325675964
1.252784252166748
0.9688577055931091
1.0584614276885986
0.8652500510215759
0.8334460258483887
1.4654537439346313
0.7907766103744507
0.9972649812698364
0.8432084918022156
1.400161862373352
0.8604807257652283
1.0877395868301392
0.7452468276023865
1.230832815170288
0.8801129460334778
1.1437560319900513
0.8890849351882935
1.3583651781082153
0.760647177696228
0.8854402899742126
0.9155980348587036
1.9086511135101318
0.5517691969871521
1.5372155904769897
0.8533869385719299
1.0229125022888184
0.886951744556427
1.2593902349472046
0.6200535893440247
1.6309096813201904
0.5271103978157043
1.6892865896224976
0.9995710849761963
0.7090668678283691
1.3465770483016968
0.9172218441963196
1.443305492401123
0.6859358549118042
1.1187398433685303
0.955386757850647
1.0401471853256226
0.8178426027297974
1.6953729391098022
0.7127888798713684
1.338470220565796
0.7760953307151794
0.8897268772125244
0.8402310013771057
1.5956534147262573
0.5952960848808289
1.191672682762146
1.4733659029006958
0.7348597049713135
1.1338183879852295
0.5538049340248108
2.1269915103912354
0.8108490705490112
1.0635886192321777
0.6021498441696167
1.3885200023651123
0.9407943487167358
1.2058610916137695
0.9540512561798096
0.8264610171318054
1.4160724878311157
0.643134593963623
1.335647463798523
0.7427864074707031
1.5435817241668701
0.903648316860199
1.1128132343292236
0.6731387376785278
1.646596908569336
0.6685699820518494
1.0784237384796143
0.9842594861984253
1.202649712562561
0.7891606092453003
1.4804153442382812
0.7091702818870544
1.105355978012085
1.339137315750122
0.8180818557739258
0.7615929245948792
1.437660813331604
0.7270088791847229
1.131580114364624
1.201932430267334
0.9757066965103149
0.8012934923171997
0.8060122728347778
1.5333458185195923
0.8755871057510376
0.9287527203559875
1.2138080596923828
1.1299843788146973
0.8577783107757568
0.8276078104972839
1.07274329662323
0.9891560077667236
0.939116895198822
1.1606614589691162
0.9993976950645447
0.9838687181472778
0.961128294467926
0.8865646123886108
1.5625343322753906
0.7985307574272156
1.3199635744094849
0.5863816142082214
0.9820378422737122
1.3427704572677612
0.8657262921333313
1.4266231060028076
0.7402570247650146
0.9056171774864197
1.0371289253234863
1.1029046773910522
0.8786123394966125
1.4221214056015015
0.7430393695831299
1.1429123878479004
0.8176130056381226
1.1586501598358154
1.0774058103561401
1.0389423370361328
0.6020358204841614
1.3876807689666748
1.085977554321289
0.7295692563056946
1.1372027397155762
1.0026525259017944
1.3832330703735352
0.890775203704834
0.7803854942321777
0.8457586169242859
1.3639297485351562
0.8660018444061279
1.3744105100631714
0.7896838784217834
1.2703465223312378
0.8667213916778564
0.8286999464035034
1.1698969602584839
0.6626214385032654
1.5306884050369263
0.8114439249038696
1.2821096181869507
1.0503939390182495
1.32466459274292
0.6903955936431885
0.8340369462966919
1.0796340703964233
1.0505162477493286
1.0238572359085083
0.6618467569351196
1.4863477945327759
0.8789564967155457
1.2468276023864746
1.1424241065979004
0.8884581923484802
1.1441576480865479
0.8079305291175842
1.1250108480453491
0.9335399270057678
1.0762553215026855
0.6885471343994141
1.3954308032989502
0.7890762686729431
1.004645586013794
0.9338309168815613
1.229802131652832
0.7390576601028442
1.575053095817566
0.8602574467658997
1.1510332822799683
0.8402633666992188
1.219545602798462
0.857986330986023
1.2950382232666016
0.6204442977905273
1.172232985496521
1.290682077407837
0.5996228456497192
1.357007384300232
1.1217581033706665
0.881432831287384
0.9772321581840515
1.395379662513733
0.673347532749176
1.0353645086288452
1.072611927986145
0.9471391439437866
1.0531185865402222
0.8099955320358276
1.7766203880310059
0.5401952266693115
1.4598500728607178
0.8623026013374329
1.226598858833313
0.7397926449775696
1.256274938583374
0.8381160497665405
1.1037473678588867
0.5807405710220337
2.079082489013672
0.6841054558753967
1.5704054832458496
0.536937415599823
1.5954457521438599
0.7238147258758545
1.1708430051803589
1.064849853515625
1.253404140472412
0.7219645380973816
0.9442172646522522
1.4608545303344727
0.8696460127830505
0.7415172457695007
1.0607279539108276
0.9986895322799683
1.117641568183899
1.1363043785095215
1.1260340213775635
0.7319278717041016
1.062146782875061
1.2864489555358887
0.669928252696991
1.1696206331253052
1.2016733884811401
0.7030178904533386
1.0881253480911255
0.8759267926216125
1.5473612546920776
0.7519505620002747
1.1370925903320312
1.057639241218567
1.0076265335083008
0.7102785110473633
1.6920429468154907
0.6096037030220032
1.4734535217285156
0.8768847584724426
0.9304360747337341
1.2069756984710693
0.7028067111968994
1.583243727684021
0.8854036927223206
0.7814897894859314
1.0970945358276367
1.1020904779434204
1.0771501064300537
0.7339192032814026
1.3047817945480347
0.9007963538169861
0.941852867603302
1.2967135906219482
0.7660637497901917
1.1480225324630737
0.7940092086791992
1.1174038648605347
0.7987274527549744
1.3643962144851685
0.7231664657592773
1.4490468502044678
0.7313205599784851
1.3036794662475586
1.0553876161575317
1.3784105777740479
0.48078909516334534
1.5332926511764526
0.6916027665138245
1.2463756799697876
0.8661412000656128
1.184464931488037
0.8544552326202393
1.2749977111816406
0.9828345775604248
1.1332958936691284
1.05308997631073
0.9639338850975037
0.7699347734451294
1.0840696096420288
0.9851531386375427
0.840089738368988
1.085606575012207
1.1943531036376953
0.6057342886924744
1.806575059890747
0.7381601333618164
0.9141174554824829
1.3104113340377808
0.8670503497123718
1.3257936239242554
0.696016788482666
1.0570894479751587
1.2216395139694214
0.9773763418197632
1.0266493558883667
0.7455423474311829
1.1263647079467773
1.0218816995620728
1.344042181968689
0.6638422012329102
1.3122611045837402
0.8030527830123901
1.1198128461837769
0.9909285306930542
1.099053978919983
0.8341735005378723
1.1632736921310425
0.7398505210876465