1.0
0.9769639372825623
0.9668634533882141
1.0029418468475342
0.9670720100402832
1.1699260473251343
1.0413717031478882
0.8898034691810608
0.8688507080078125
1.1272211074829102
0.8558204174041748
1.057481050491333
0.9803484678268433
0.9131191372871399
1.0045385360717773
0.9868330359458923
0.8249302506446838
0.91093909740448
0.991820752620697
0.8711769580841064
0.9793427586555481
0.9725407958030701
1.0250545740127563
0.9305812120437622
1.0758113861083984
1.0171194076538086
0.9426330327987671
1.0938327312469482
0.991235077381134
0.9914730787277222
0.976544201374054
0.9732317924499512
0.9787951111793518
0.9835761189460754
1.0844541788101196
0.992898166179657
0.9846879839897156
0.9736570715904236
1.047977328300476
1.0412335395812988
0.9638919234275818
1.015816569328308
1.0376862287521362
1.0760066509246826
0.9954409003257751
0.9678369760513306
1.0853523015975952
1.0345423221588135
1.0848009586334229
1.0255035161972046
1.0677803754806519
0.991068959236145
0.906466007232666
1.007583737373352
0.9688150882720947
0.9400442242622375
0.9674469232559204
1.018058180809021
1.0308436155319214
1.01315176486969
1.0250790119171143
1.076705813407898
1.0487908124923706
1.0192898511886597
1.0019797086715698
1.012054443359375
1.0749799013137817
1.0623198747634888
0.98736572265625
1.139900803565979
1.148725986480713
0.9591103792190552
0.9928284883499146
1.0234181880950928
1.0559865236282349
0.9169813990592957
0.9212870597839355
1.038782000541687
0.9666461944580078
1.0479339361190796
1.0551780462265015
0.8919624090194702
1.0275567770004272
1.0143879652023315
1.0006929636001587
0.9945855140686035
0.9734463095664978
0.9964244365692139
1.0431170463562012
1.082238793373108
1.0114718675613403
0.9714802503585815
1.039991021156311
1.0003440380096436
0.9149952530860901
0.9880293607711792
1.0365111827850342
1.0628793239593506
1.0446072816848755
0.9138587117195129
1.0231616497039795
1.0360764265060425
1.0154508352279663
0.9969883561134338
0.9477242827415466
0.9933322668075562
1.0714023113250732
0.9980462789535522
0.9818825125694275
0.9807865619659424
1.0417739152908325
0.9921572804450989
1.0446670055389404
1.0053777694702148
1.0093504190444946
0.9480464458465576
1.0085811614990234
0.9773088693618774
0.9390511512756348
0.9439371228218079
0.9880864024162292
1.01527738571167
1.129198670387268
0.9903174638748169
0.9780687689781189
1.0207899808883667
1.0218065977096558
0.917212724685669
1.0054560899734497
1.0221866369247437
0.9505057334899902
0.9157518744468689
0.9965676069259644
0.990716814994812
1.013085961341858
1.0505974292755127
0.947428822517395
1.0013922452926636
0.9808473587036133
0.9852438569068909
1.010054349899292
1.11194908618927
1.039626955986023
0.9237974882125854
0.9374716281890869
0.9304471611976624
1.014221429824829
0.9568764567375183
0.9805378913879395
1.0308531522750854
0.9741010069847107
0.9426398277282715
1.0036500692367554
1.0258738994598389
1.0013459920883179
1.002583384513855
0.9346691370010376
0.9954409599304199
0.9777024984359741
0.9278690814971924
0.9088821411132812
0.9650779366493225
1.059414267539978
1.0373724699020386
1.0099214315414429
1.0415692329406738
0.998582124710083
0.956031084060669
0.8982444405555725
0.9280424118041992
1.0285950899124146
0.9079156517982483
0.9383673071861267
1.0139694213867188
1.0424426794052124
0.9740027785301208
1.01070237159729
0.9434882402420044
0.9927515387535095
1.0588678121566772
0.9903668761253357
1.054237961769104
0.9908143281936646
0.973347544670105
0.9970605969429016
0.9828329682350159
0.9418030977249146
0.9981828331947327
0.9146688580513
0.9977322816848755
1.0312693119049072
1.0261950492858887
1.0116806030273438
1.0547698736190796
0.9848955273628235
1.0420633554458618
1.1040257215499878
0.9979825019836426
0.993852972984314
1.0397634506225586
0.999029815196991
0.9817505478858948
0.9915351271629333
0.9249380826950073
0.9443508982658386
0.9349195957183838
0.9418735504150391
0.9548251628875732
1.0466313362121582
0.9997254014015198
1.0110373497009277
1.0824488401412964
0.9199634194374084
1.0294411182403564
0.9682883620262146
1.0105141401290894
0.9807757139205933
1.028336524963379
0.9594907164573669
0.9834371209144592
0.9760515093803406
0.9339385032653809
0.9853886365890503
0.9914264678955078
0.9862558841705322
0.9774585366249084
0.9488174915313721
0.882805347442627
1.0463165044784546
1.002764105796814
1.09127938747406
0.9862022995948792
1.0178098678588867
0.9427163600921631
0.9950085878372192
1.024566411972046
1.0073784589767456
0.9744588732719421
0.9534700512886047
1.0036709308624268
1.1257154941558838
1.0489492416381836
1.0942165851593018
0.9364096522331238
0.9365440607070923
1.099263072013855
1.0831329822540283
0.9525399804115295
1.0078469514846802
0.97492516040802
0.9322618842124939
1.1249563694000244
1.0054023265838623
0.9805933237075806
1.0400117635726929
1.0140045881271362
0.9444147944450378
0.9796893000602722
1.116551160812378
1.0531750917434692
0.9912198781967163
1.0061622858047485
1.0648201704025269
1.0406708717346191
0.9010266661643982
0.9676522612571716
1.0694178342819214
0.9222831130027771
1.0749465227127075
1.060539722442627
1.0816807746887207
1.0806539058685303
1.0001755952835083
0.9636099934577942
0.9473151564598083
0.9549126625061035
1.0054914951324463
1.0906341075897217
1.0223699808120728
0.9527133107185364
1.0466079711914062
0.9882444143295288
1.0449126958847046
0.9768924713134766
0.9550373554229736
1.0002187490463257
1.0207598209381104
1.0199768543243408
0.9489729404449463
1.0394175052642822
0.993864119052887
1.0022094249725342
1.0123502016067505
1.101526141166687
0.9923481345176697
0.9070085883140564
0.9711248278617859
0.9432647824287415
0.9286743402481079
0.9240610599517822
1.013624906539917
1.1018599271774292
1.0103552341461182
1.0899043083190918
0.9595345258712769
0.9922071099281311
1.0294359922409058
0.987307608127594
1.0288499593734741
1.021625280380249
1.0545310974121094
1.074176549911499
0.9645665287971497
0.974738359451294
1.0944015979766846
0.9599218368530273
0.9415369629859924
0.9774885177612305
0.9520741105079651
0.9408813118934631
0.9790868163108826
1.0571662187576294
1.0588630437850952
1.0550864934921265
0.9905402660369873
1.0880978107452393
1.0456273555755615
1.0433858633041382
0.944058358669281
0.9732236862182617
1.042563796043396
0.934063732624054
0.9282217621803284
0.9935221672058105
0.962924599647522
1.0150507688522339
0.9176038503646851
1.0476552248001099
1.037278175354004
0.9270543456077576
1.0286370515823364
1.0246080160140991
1.0526899099349976
0.9568105340003967
0.9177775979042053
0.9760493040084839
0.9124348759651184
0.9181071519851685
0.9917360544204712
1.0091665983200073
0.9989914298057556
1.099953532218933
0.973243772983551
0.9777332544326782
0.9839670062065125
1.0398503541946411
1.003488540649414
1.1602511405944824
1.0046868324279785
0.9885863065719604
1.0385206937789917
1.071984052658081
1.0128029584884644
1.0619577169418335
1.055644154548645
1.016888976097107
0.8724613785743713
0.9753751158714294
0.9862197041511536
1.0759859085083008
1.0591012239456177
1.0367552042007446
1.026228427886963
0.954436719417572
0.9632311463356018
1.0984729528427124
1.0189626216888428
1.106038212776184
1.0101929903030396
1.032031536102295
1.028568983078003
1.0006167888641357
1.00361967086792
1.0069284439086914
0.9755643606185913
1.0563865900039673
0.9472783207893372
1.1150823831558228
0.9656347632408142
0.9457888603210449
0.9284659028053284
1.0526297092437744
1.011049509048462
0.9733354449272156
0.9786877036094666
1.0536092519760132
0.9315979480743408
0.9256163835525513
1.0564275979995728
1.043070912361145
1.0256409645080566
0.9837064146995544
1.029124140739441
1.12631356716156
1.0467849969863892
1.0855398178100586
0.9957429766654968
1.0198954343795776
0.9307090044021606
1.0304419994354248
0.9503802061080933
1.0494805574417114
1.0613527297973633
1.0144317150115967
1.0601787567138672
0.9784142971038818
1.058082103729248
0.9921502470970154
0.947872519493103
1.0002329349517822
1.0689136981964111
1.0310389995574951
0.9931642413139343
0.9772809743881226
1.0667449235916138
0.9861515164375305
1.0006638765335083
0.9938966631889343
1.0088025331497192
0.9636324644088745
1.090652346611023
0.9654780030250549
1.006251335144043
1.0074009895324707
1.0502125024795532
1.0159586668014526
0.9837034344673157
1.0029205083847046
0.9358033537864685
1.037065029144287
0.9926148653030396
0.8973742127418518
0.9805635213851929
0.9662519693374634
1.0315302610397339
1.016350507736206
0.9658721089363098
0.9943101406097412
0.9837474226951599
1.0843416452407837
1.0797566175460815
0.9533525109291077
1.0778828859329224
1.0554988384246826
1.0960071086883545
1.0381169319152832
1.0090757608413696
1.0104719400405884
0.9555519223213196
0.9821459054946899
0.997369647026062
0.9692001938819885
1.0007379055023193
1.039171814918518
1.102353811264038
1.0068696737289429
1.0742971897125244
1.0575693845748901
1.0323357582092285
0.9923294186592102
0.9439929127693176
1.0343470573425293
0.9779877662658691
0.9760057926177979
1.0028539896011353
1.0487172603607178
1.0189874172210693
0.9668400883674622
0.9657782912254333
0.9753282070159912
0.9898577928543091
0.9699608087539673
1.0001906156539917
0.9901966452598572
0.8997473120689392
1.0011504888534546
0.9978867769241333
1.0078657865524292
0.8902847766876221
0.9539949893951416
0.9481430053710938
0.9726687669754028
0.9207963347434998
1.0093457698822021
0.9654110670089722
0.8583543300628662
1.0098142623901367
1.036903977394104
0.999556839466095
1.02625572681427
0.9782662391662598
1.0158969163894653
1.0235732793807983
1.0311013460159302
0.9796056151390076
1.010483741760254
0.9411908984184265
1.1550339460372925
0.9810512065887451
0.9647193551063538
0.8657642006874084
1.1674377918243408
1.0287007093429565
0.8839330673217773
0.9884030818939209
1.0330724716186523
1.066825032234192
0.9998891949653625
0.9847155809402466
0.9703819751739502
1.0602538585662842
1.0119194984436035
0.9875961542129517
0.9272257685661316
1.0382362604141235
1.0316364765167236
1.0178905725479126
1.0669821500778198
0.997086763381958
0.9752506017684937
1.0256576538085938
1.0444104671478271
1.085790991783142
1.0014976263046265
0.9511820077896118
1.04114830493927
1.005733609199524
1.09088134765625
0.9653177261352539
1.1775954961776733
1.095718502998352
1.0213444232940674
1.0133850574493408
0.9943655729293823
1.0466821193695068
0.996048092842102
0.9666197896003723
0.9504981637001038
1.0393003225326538
1.0000895261764526
1.0582244396209717
1.0548782348632812
0.9899399280548096
1.0255035161972046
1.029832124710083
1.0264408588409424
1.0537821054458618
0.9745839238166809
0.9931783676147461
0.9130412340164185
1.012983798980713
1.0302703380584717
0.8977491855621338
0.886308491230011
1.009168267250061
1.0596786737442017
0.9683656692504883
0.9510365724563599
0.981759786605835
0.9693260788917542
0.9478747248649597
0.9605304002761841
1.0731667280197144
1.088081955909729
0.9995163083076477
1.0137219429016113
0.9654245376586914
0.9893965721130371
0.9164189696311951
1.0037822723388672
1.0213377475738525
1.1142940521240234
1.0045274496078491
0.974330723285675
1.0327801704406738
1.0260803699493408
1.0762052536010742
1.0172559022903442
1.0293241739273071
0.9513394832611084
1.079025387763977
1.0213242769241333
1.0392146110534668
0.9332322478294373
0.9582047462463379
1.026154637336731
0.9095480442047119
0.9844571948051453
1.027323603630066
1.0732853412628174
1.073067307472229
0.9103314876556396
1.011380672454834
1.0161161422729492
0.9389082789421082
0.9958069920539856
1.0410572290420532
0.9305342435836792
0.8910632729530334
1.034725546836853
1.0528775453567505
1.0486602783203125
0.969684898853302
1.0249229669570923
1.0832769870758057
0.9838794469833374
0.9998894929885864
1.0205196142196655
1.099610447883606
0.972007155418396
1.0399593114852905
1.0276941061019897
1.0347367525100708
1.0433576107025146
0.9694363474845886
0.9794412851333618
1.058433175086975
1.0235023498535156
0.888816773891449
1.013993740081787
0.9856262803077698
1.0466893911361694
1.0174932479858398
1.0574512481689453
0.9748936891555786
0.9712798595428467
0.9903594255447388
0.9205277562141418
1.0136899948120117
1.0102063417434692
1.0496288537979126
0.947098970413208
1.0355935096740723
1.0068143606185913
0.97746741771698
1.0037578344345093
0.9579834342002869
1.0150270462036133
0.8915438055992126
0.9409001469612122
1.0471757650375366
0.919797420501709
0.9796088337898254
0.9930458068847656
0.9121382832527161
1.0208226442337036
0.9357984066009521
0.9641014337539673
0.9448666572570801
0.987112283706665
1.0486445426940918
1.02088463306427
0.980044960975647
1.04507315158844
0.9472643136978149
0.9999598264694214
1.0003737211227417
1.0341293811798096
1.0536742210388184
0.9851871132850647
1.0456125736236572
0.9314713478088379
0.9313951730728149
0.9968369603157043
1.053261637687683
1.0533437728881836
1.0279929637908936
0.9157319664955139
1.0022971630096436
1.0608969926834106
0.9611228108406067
1.004896640777588
1.0038225650787354
1.0214747190475464
1.016411304473877
0.9791740775108337
1.1486120223999023
1.0638604164123535
0.9586981534957886
1.0263893604278564
0.989818811416626
1.0584524869918823
1.0080348253250122
1.0557751655578613
1.0139293670654297
0.8517926931381226
0.8753292560577393
1.0260189771652222
1.0412817001342773
0.9737381339073181
1.066470980644226
0.9168540835380554
1.009305477142334
1.0296573638916016
1.0632269382476807
1.0005061626434326
0.9826260805130005
1.0465004444122314
1.105064868927002
1.00130295753479
0.9880145192146301
1.1549217700958252
0.8658757209777832
0.977770209312439
1.0046885013580322
1.1294723749160767
0.9213728308677673
1.095051646232605
0.9948358535766602
1.0155960321426392
1.010242223739624
0.9491696953773499
0.9214056730270386
1.0393065214157104
0.9990130662918091
1.0457733869552612
1.003316044807434
0.8486871719360352
1.0346890687942505
0.9220829606056213
1.1056689023971558
0.9866865873336792
0.9419714212417603
0.9560375213623047
0.993870735168457
1.017114281654358
0.9983380436897278
0.9550430178642273
0.9955366253852844
1.0176388025283813
0.9959056973457336
0.9779172539710999
1.02625572681427
1.0745998620986938
1.138357400894165
1.1498534679412842
0.8053766489028931
0.9331163763999939
0.9910008311271667
1.1103296279907227
1.0712337493896484
1.0802812576293945
1.1598620414733887
1.067476511001587
0.9992628693580627
1.0609936714172363
0.92967289686203
0.8956387042999268
0.9762003421783447
1.1891629695892334
1.1104955673217773
1.1317486763000488
0.9912864565849304
1.0828382968902588
0.9040030241012573
0.9349600672721863
1.1429133415222168
1.088670253753662
1.1776750087738037
1.0423029661178589
0.9626961350440979
0.991021454334259
0.9340827465057373
0.967309296131134
0.8172053694725037
1.004412293434143
0.9382036924362183
0.8958443403244019
1.0261791944503784
1.1067092418670654
1.0375076532363892
0.9414365887641907
0.8333269357681274
0.9746671319007874
0.8126965165138245
0.9046357274055481
0.8997868299484253
1.4255504608154297
0.9097808003425598
1.04840087890625
1.028125286102295
0.921436071395874
0.8196069598197937
1.1266484260559082
1.0866022109985352
1.1381803750991821
1.2436081171035767
0.9616017937660217
1.0157642364501953
0.9369468092918396
0.8812107443809509
0.9051538109779358
1.0076863765716553
0.8666425347328186
1.1719237565994263
1.3890138864517212
1.0448046922683716
0.9043697714805603
0.8065252900123596
1.2815898656845093
0.9898422360420227
0.9234997630119324
1.2512294054031372
1.0268625020980835
1.2961246967315674
0.8155756592750549
1.4462445974349976
1.0404436588287354
0.7582933902740479
0.8166611194610596
0.9517890214920044
0.8739500641822815
1.0915920734405518
0.8292069435119629
0.8127628564834595
1.0089141130447388
0.9326314330101013
0.7699055075645447
0.9653433561325073
0.9286137819290161
0.928046464920044
0.893466591835022
0.8145867586135864
0.9983906149864197
0.8702800273895264
1.0045095682144165
0.9102073907852173
1.012937307357788
1.337964415550232
1.0647568702697754
0.9650591015815735
0.9785608649253845
1.1168335676193237
1.2597407102584839
0.9641323685646057
0.9600329399108887
0.7384253144264221
0.9959340691566467
1.2751950025558472
0.8612977862358093
1.1137323379516602
0.7837470173835754
0.9152315258979797
0.9603965878486633
1.0249366760253906
1.2752259969711304
0.9031156301498413
0.9986920356750488
1.0298514366149902
1.019637942314148
1.4567935466766357
1.0556070804595947
0.9811362624168396
0.8373297452926636
1.2612072229385376
1.1580361127853394
1.0812243223190308
0.941216766834259
1.1499829292297363
1.0487664937973022
1.0853840112686157
0.8471971154212952
1.0997742414474487
0.9356510043144226
0.8947271108627319
1.1542655229568481
1.0778206586837769
1.1980245113372803
1.0106316804885864
1.178368330001831
0.9502585530281067
0.8546913266181946
0.8806294798851013
0.8567303419113159
0.8698630332946777
0.9743636846542358
0.8439855575561523
0.8438087701797485
1.017670750617981
1.0346659421920776
0.8859280943870544
0.8624504208564758
0.9781937599182129
0.8354368805885315
0.9842196106910706
1.0867936611175537
0.9613440036773682
1.2607090473175049
0.9573835134506226
0.8557177186012268
1.2374632358551025
1.2423551082611084
1.0742111206054688
0.9824511408805847
1.0019787549972534
0.9324500560760498
0.7691597938537598
1.1167839765548706
1.062241554260254
1.1850628852844238
0.9504683613777161
0.9078995585441589
0.9178545475006104
1.0429855585098267
1.0952622890472412
1.1348103284835815
1.114249348640442
1.4373122453689575
1.135901927947998
1.1367136240005493
0.8850646615028381
1.0166516304016113
0.9691528677940369
1.0944122076034546
1.0474903583526611
1.2273510694503784
0.9368677139282227
0.9863460659980774
1.0773053169250488
0.8797999024391174
0.9207713007926941
0.8914505839347839
1.384199619293213
0.8686507344245911
1.0090906620025635
0.8930466771125793
0.9549794793128967
0.8853696584701538
1.0310258865356445
1.526658296585083
0.8497164249420166
1.0476373434066772
0.8461365699768066
1.4010334014892578
0.8815845847129822
1.504489541053772
0.8875255584716797
0.876081645488739
1.2052890062332153
0.7928360104560852
1.1212691068649292
0.9480778574943542
0.8131583333015442
0.8448211550712585
1.0282515287399292
0.8634569644927979
0.9424679279327393
1.2430274486541748
0.984944224357605
0.7890435457229614