1.0
0.9184738397598267
1.0790470838546753
1.3451132774353027
1.1239514350891113
1.0059868097305298
1.7506729364395142
0.979814350605011
0.8417752981185913
1.2800668478012085
0.990366518497467
0.9108439683914185
1.1634283065795898
0.9271306395530701
0.7836642861366272
1.0078716278076172
1.2618224620819092
0.7220197319984436
1.5895209312438965
0.8652487397193909
1.395440936088562
0.7823603749275208
0.6675795316696167
1.0654670000076294
1.0824198722839355
0.8649919033050537
1.0367136001586914
0.7600398063659668
1.2293516397476196
0.8795205354690552
0.874352216720581
0.9268951416015625
1.0903816223144531
1.0408977270126343
0.9850971102714539
1.0025014877319336
0.9790457487106323
1.3205121755599976
0.8667089343070984
0.8625909686088562
1.1191937923431396
0.8786953091621399
1.0831727981567383
0.9902036786079407
0.8974521160125732
0.953066885471344
1.1449118852615356
1.0350415706634521
0.9307235479354858
0.8112895488739014
0.996023416519165
1.1647120714187622
1.038861870765686
1.051987886428833
0.8283371329307556
1.0197725296020508
1.3031765222549438
0.5930326581001282
1.4354513883590698
1.2383160591125488
0.833746612071991
0.618780255317688
1.7961540222167969
0.7645764350891113
0.9786683917045593
1.2084319591522217
0.9952599406242371
0.8630642294883728
1.329124927520752
0.9002050757408142
0.7904940247535706
1.1332381963729858
1.1724662780761719
0.9696770310401917
0.5764613747596741
1.560146689414978
0.8751790523529053
1.2668417692184448
0.7190585136413574
1.0168126821517944
1.5527607202529907
0.700029730796814
1.273573875427246
0.7924712300300598
0.7426308393478394
1.8023326396942139
0.6827624440193176
1.2752059698104858
0.8045480251312256
1.1891567707061768
1.1474863290786743
1.0159049034118652
0.6250383257865906
1.3086588382720947
0.9169155955314636
1.0168360471725464
1.3068742752075195
0.8206632137298584
0.8345254063606262
1.1848870515823364
0.8593491315841675
1.0033445358276367
1.0121545791625977
1.0632257461547852
1.0544275045394897
1.037524700164795
1.0611140727996826
1.0821048021316528
0.8495586514472961
1.204387903213501
0.8055140972137451
1.0651367902755737
0.9370415210723877
0.9187020659446716
0.7380985617637634
1.3584253787994385
1.2980883121490479
0.6886765360832214
1.387373924255371
0.8548697829246521
1.2350761890411377
0.8097865581512451
1.1580673456192017
0.8363128304481506
1.1123936176300049
1.0194416046142578
0.9050078988075256
0.753912627696991
1.5958877801895142
0.8936163783073425
0.7916439175605774
1.3673902750015259
0.6767714619636536
1.6362086534500122
0.9508039951324463
0.940208911895752
0.6446077823638916
1.437723994255066
1.0119013786315918
0.8037495613098145
1.4025688171386719
0.6608036160469055
1.4518027305603027
0.8848317265510559
1.0186291933059692
1.3143447637557983
0.6258257031440735
1.3323967456817627
0.8966741561889648
0.8028998374938965
1.1919440031051636
1.4510632753372192
0.6954891681671143
0.8671080470085144
1.4578824043273926
0.9570141434669495
0.9225206971168518
1.0353353023529053
1.0364880561828613
0.8650233745574951
0.7877885699272156
1.3722758293151855
1.1009621620178223
0.7308655381202698
1.3535813093185425
0.8189277648925781
0.8439581990242004
1.6556907892227173
0.8641737699508667
0.9629926085472107
0.8474471569061279
0.9970611929893494
1.00508451461792
1.125400185585022
0.7043163180351257
1.452183485031128
0.7077112197875977
1.2404773235321045
0.907010555267334
1.3573079109191895
0.8240085244178772
1.0392965078353882
0.8970075249671936
0.9374656677246094
1.119715929031372
0.8341699242591858
1.0671464204788208
0.9052144289016724
1.5763648748397827
0.7684987187385559
1.0681650638580322
0.7392764091491699
1.5870168209075928
0.8224316239356995
0.8259218335151672
1.7228025197982788
0.7795009613037109
0.9337493181228638
0.9609646201133728
1.1733614206314087
0.935705840587616
1.1029900312423706
1.0134315490722656
0.9197879433631897
1.2156145572662354
0.7065260410308838
1.0017906427383423
1.1594538688659668
0.8721895217895508
1.034725308418274
0.7258363366127014
1.64015531539917
0.8240742087364197
1.011568307876587
1.1615509986877441
1.060593843460083
0.7958434820175171
1.0702793598175049
1.1293765306472778
0.7862789630889893
1.2987141609191895
0.582309901714325
1.5066055059432983
0.8471830487251282
1.3965765237808228
0.8676830530166626
0.9125630259513855
0.9278236627578735
1.4714137315750122
0.6760945320129395
1.1863948106765747
0.9871902465820312
0.8464008569717407
0.9448522925376892
1.3633551597595215
0.686276912689209
1.4344375133514404
1.071487307548523
0.8308597803115845
1.1922956705093384
0.9578686356544495
0.8011484146118164
0.863032341003418
1.3251148462295532
0.8328542113304138
1.3908988237380981
0.6162906885147095
1.7088193893432617
0.6761518120765686
1.1341981887817383
1.0127480030059814
1.144715428352356
0.7862500548362732
0.9926489591598511
1.122022271156311
1.153712511062622
0.8198792338371277
1.479111909866333
0.74360591173172
0.9908456206321716
0.885539710521698
1.0171308517456055
0.9691613912582397
0.7475714683532715
1.3002324104309082
1.1842622756958008
0.9809890389442444
1.289631724357605
0.6166039109230042
1.3650656938552856
1.0313864946365356
0.9901673197746277
0.7009316086769104
1.4970935583114624
0.8965060114860535
1.0127146244049072
0.7831249237060547
1.5934985876083374
0.6710767149925232
1.1170666217803955
1.06540048122406
0.7735031843185425
1.2316594123840332
1.055881142616272
0.9185697436332703
0.754919707775116
1.5149500370025635
0.7710010409355164
1.3468587398529053
0.8597233295440674
1.005247950553894
0.8421563506126404
1.3290361166000366
0.7443722486495972
1.0028190612792969
1.2454750537872314
0.9252943396568298
0.9030723571777344
1.2240736484527588
0.9825252890586853
0.8292571902275085
1.2197120189666748
0.9788966178894043
1.2270628213882446
0.7793481349945068
0.9155587553977966
0.9619008302688599
1.1293057203292847
1.1232484579086304
1.0365182161331177
0.940928041934967
0.9697708487510681
0.8286072611808777
1.0319483280181885
1.2716211080551147
0.8114558458328247
0.8075772523880005
1.319603443145752
1.1345092058181763
0.6837834715843201
1.3536872863769531
0.7929443717002869
0.910580039024353
1.2707053422927856
0.9414486289024353
1.4157264232635498
0.6125797629356384
1.042077660560608
1.1249719858169556
0.918357789516449
0.8370454907417297
1.705617904663086
0.8097363114356995
0.7787153124809265
1.03348708152771
0.9771202206611633
1.4315950870513916
0.9779173731803894
0.9935299158096313
0.8639473915100098
1.2659199237823486
0.6090925335884094
1.4112290143966675
1.067402720451355
0.682788074016571
1.4234774112701416
0.8266520500183105
1.00676429271698
1.2621997594833374
0.7597900032997131
1.240530014038086
0.9135334491729736
1.2277323007583618
0.8204043507575989
0.8445605039596558
1.1357592344284058
1.25778067111969
0.7457707524299622
1.0281875133514404
1.1375738382339478
0.8291881680488586
1.3947985172271729
0.7090779542922974
1.46146821975708
0.9511424899101257
0.9347121119499207
0.9438775181770325
0.581010639667511
2.151841878890991
0.8555967211723328
0.8460041284561157
1.013723611831665
0.7984952330589294
1.4474812746047974
1.0139421224594116
0.8402062654495239
0.9229153394699097
0.9196884632110596
1.1805042028427124
1.1743955612182617
0.8668761849403381
0.9733160138130188
0.9338375926017761
1.235761046409607
0.8497533202171326
1.2201123237609863
0.7510929107666016
1.2023903131484985
0.7823200225830078
1.5771011114120483
0.7360748648643494
1.0261635780334473
1.060672640800476
1.1247068643569946
0.9349990487098694
0.9048067331314087
1.2057167291641235
0.9877536296844482
0.7980403900146484
1.082049012184143
0.796629786491394
1.3945069313049316
1.087436318397522
0.7621599435806274
1.2338788509368896
0.6758459806442261
1.0530126094818115
1.389960765838623
0.6783240437507629
1.256047010421753
1.0744917392730713
0.734900176525116
1.043218970298767
1.319326639175415
0.8498431444168091
0.9065046310424805
1.3137067556381226
0.9438627362251282
0.8271620869636536
1.3917334079742432
1.0575147867202759
0.8583479523658752
1.1238529682159424
0.7866690754890442
1.1357818841934204
0.969549298286438
1.2432293891906738
0.6799105405807495
1.0581058263778687
0.9095646142959595
1.3458863496780396
0.930287778377533
0.7512989044189453
1.012944221496582
1.516724944114685
0.7120823264122009
1.2001665830612183
0.9274894595146179
0.9363613128662109
1.1481146812438965
1.1224844455718994
0.7256404757499695
1.017954707145691
0.9178378582000732
1.2026243209838867
1.4582734107971191
0.7157614231109619
0.9839041829109192
1.1659327745437622
0.9279065132141113
0.928236186504364
1.169806718826294
0.8403360247612
1.0172686576843262
1.171155333518982
0.8988366723060608
0.7906517386436462
1.258296012878418
0.9469154477119446
0.8870519399642944
1.2216334342956543
0.7773566246032715
1.24978506565094
0.8711715936660767
1.1030384302139282
0.8312029838562012
1.4845473766326904
0.9424827098846436
0.8875151872634888
0.8863471746444702
1.453728437423706
0.6802317500114441
1.3016330003738403
0.8932669758796692
0.8746337890625
1.2009066343307495
1.0326365232467651
0.9143424034118652
1.19602632522583
0.909170925617218
0.9499229788780212
0.9683244824409485
1.2281183004379272
0.8627185821533203
0.9786543846130371
1.2303601503372192
0.915122389793396
0.9713229537010193
0.9288433790206909
0.7181143760681152
0.8981770873069763
1.4463059902191162
1.1526501178741455
0.9780907034873962
0.8437483310699463
1.4978442192077637
0.709818422794342
0.8659874200820923
1.2438908815383911
1.1075599193572998
0.8651975393295288
1.2781122922897339
0.6996221542358398
1.0280357599258423
1.345931053161621
0.7852946519851685
1.1966270208358765
0.7735549807548523
1.1909953355789185
0.9351643323898315
0.9868897795677185
0.9408891201019287
1.2424137592315674
0.8364181518554688
1.0731297731399536
1.3200031518936157
0.6420347094535828
1.2058552503585815
1.1499977111816406
0.9617464542388916
0.8793030977249146
1.0121111869812012
0.8109107613563538
1.0018408298492432
1.2255067825317383
0.6920037865638733
1.7974798679351807
0.6644607782363892
1.0791300535202026
1.0889791250228882
1.1897554397583008
0.9179293513298035
0.6063801646232605
1.7992663383483887
0.7025390267372131
0.9775555729866028
1.1557955741882324
1.1545932292938232
1.116816520690918
0.6548113226890564
1.5051689147949219
1.002162218093872
0.803764283657074
1.0973247289657593
0.7763742804527283
0.9273276925086975
0.9536513686180115
1.5881403684616089
1.092056393623352
0.9814729690551758
0.829412043094635
0.9459054470062256
1.2162669897079468
0.8490753173828125
1.1988146305084229
0.6602627038955688
1.2083351612091064
1.22012460231781
0.5932838916778564
1.1943484544754028
1.1043626070022583
1.1191517114639282
1.020768165588379
0.9712560772895813
0.9298529028892517
0.9082955121994019
0.9766092896461487
1.2395952939987183
1.069054126739502
1.0722593069076538
0.8493178486824036
0.9338701963424683
1.0888317823410034
0.8837984204292297
1.2694035768508911
0.707855761051178
1.2774115800857544
0.92327481508255
1.0231460332870483
1.0861514806747437
1.0803250074386597
0.720238208770752
1.3373112678527832
0.7016018629074097
1.195826768875122
1.158378005027771
0.8856604695320129
1.0270658731460571
1.0192736387252808
0.9566298723220825
1.156117558479309
0.7461551427841187
1.1483261585235596
1.00570809841156
1.098896861076355
1.1762815713882446
0.9167624115943909
0.8045257925987244
1.1596087217330933
0.8860092163085938
1.1086961030960083
0.779840350151062
1.4806909561157227
0.9053124785423279
0.8320931792259216
1.1146291494369507
1.1521700620651245
0.8866730332374573
0.8831208944320679
0.8186167478561401
1.7637234926223755
0.772778332233429
0.8766831159591675
0.8882077932357788
1.2795099020004272
0.8592535853385925
1.023998498916626
1.0153249502182007
1.10187566280365
1.1869721412658691
0.8287250399589539
0.8539961576461792
1.2122750282287598
0.9987934231758118
0.8100751042366028
1.094900131225586
1.107679843902588
0.9287654757499695
1.3633599281311035
0.6370896100997925
1.3848505020141602
0.9231418967247009
1.12455153465271
0.6934912204742432
1.1245510578155518
1.1800020933151245
1.2193397283554077
0.5986778140068054
1.2109601497650146
0.9567427039146423
1.2231547832489014
0.6199761033058167
1.0279896259307861
1.3389365673065186
1.0289610624313354
0.9265429377555847
0.9717356562614441
1.06316339969635
0.9786050319671631
0.6896117925643921
1.6155003309249878
0.7485923171043396
1.2735618352890015
1.2180250883102417
0.7319924831390381
1.0923264026641846
0.8721944093704224
1.2603402137756348
0.8216789364814758
1.080327033996582
1.031049132347107
0.8228036761283875
1.3427635431289673
0.8218007683753967
0.9563665390014648
1.3602328300476074
0.9817725419998169
0.8760773539543152
1.098635196685791
0.9993261694908142
0.9359496235847473
1.066152572631836
0.6581730842590332
1.2923580408096313
1.0829840898513794
0.7017186284065247
1.4926525354385376
1.1947036981582642
0.752027690410614
0.9260029196739197
0.883720338344574
1.376637578010559
1.1730655431747437
0.8442636132240295
1.0550742149353027
0.8952749967575073
1.0604692697525024
0.7064811587333679
1.4843775033950806
0.8035579323768616
0.8790760040283203
1.2917568683624268
1.0177959203720093
0.8494760394096375
1.3155211210250854
0.9296950697898865
0.7974554300308228
1.2901369333267212
0.7033669948577881
1.6460460424423218
0.7450709939002991
1.1874299049377441
0.8310175538063049
0.8931426405906677
1.1409289836883545
0.9814547300338745
1.1597436666488647
0.7903874516487122
1.158964991569519
1.021958827972412
1.2545396089553833
0.6107856631278992
1.4603116512298584
0.8253772258758545
1.33562171459198
0.6917073726654053
1.0483542680740356
0.8623558878898621
0.9835452437400818
1.1425771713256836
1.3194960355758667
0.7514659762382507
1.188576340675354
0.7960852384567261
1.3582721948623657
0.6626858711242676
1.1637526750564575
1.1235705614089966
0.8239477276802063
1.7151367664337158
0.7453513741493225
0.8284910917282104
0.9280444979667664
1.2775216102600098
0.8415477275848389
1.2200359106063843
0.8876771926879883
1.1164517402648926
0.7972379326820374
1.1669217348098755
1.0650440454483032
0.9301088452339172
0.8162920475006104
1.4228906631469727
0.9594777226448059
0.8229634165763855
1.1512125730514526
1.148690104484558
0.7625988721847534
1.3691296577453613
0.8558536767959595
0.8397901654243469
1.223235011100769
0.807529866695404
1.1477831602096558
0.8384132981300354
0.9673806428909302
1.2405086755752563
1.0785425901412964
0.7315350770950317
1.3526387214660645
0.8747896552085876
0.9731186628341675
1.0414609909057617
1.209094762802124
0.9440355896949768
0.916763186454773
1.042288064956665
1.075810432434082
1.0922651290893555
0.8474633693695068
1.2105680704116821
0.5420827269554138
1.610663652420044
0.9595186114311218
0.992753267288208
0.7828866839408875
1.2059615850448608
0.9652649760246277
0.8550772666931152
1.0974763631820679
1.1925241947174072
0.9628339409828186
0.8695862293243408
1.066826343536377
1.1521501541137695
1.1291528940200806
0.7535468339920044
1.0918076038360596
0.9483911991119385
1.0188355445861816
1.4180134534835815
0.7911019325256348
0.806699812412262
1.140180230140686
1.2022680044174194
0.9194828867912292
0.7948404550552368
1.2550218105316162
0.9047555923461914
1.085884928703308
1.0702041387557983
0.8257790207862854
1.0557929277420044
1.1220948696136475
0.8929694294929504
1.0243068933486938
0.944407045841217
0.9160070419311523
1.105711579322815
0.9929205775260925
0.773928165435791
1.0081267356872559
1.4892553091049194
0.8837741017341614
0.9391748309135437
0.8948224186897278
0.962124228477478
1.4907296895980835
0.7612729072570801
0.7949128150939941
1.3656399250030518
1.049256443977356
1.0849498510360718
0.9618457555770874
0.9399291276931763
0.9021488428115845
1.0493781566619873
1.0947412252426147
0.90676349401474
0.9849020838737488
1.384251356124878
0.5985219478607178
1.2017754316329956
1.1819864511489868
1.1099542379379272
0.7497571110725403
1.2053368091583252
0.8640921115875244
0.9119001626968384
1.1203806400299072
0.8342657089233398
1.2318295240402222
1.2271122932434082
0.6763050556182861
0.8447374701499939
1.6355974674224854
0.8320073485374451
1.0661414861679077
0.8994293808937073
1.2879818677902222
0.7940642833709717
1.0839923620224
0.6800699234008789
1.4075216054916382
1.0110563039779663
1.1955978870391846
0.6672622561454773
1.2328346967697144
1.2786226272583008
0.8989610075950623
1.032906413078308
0.8052586913108826
0.9554721117019653
1.096943736076355
0.7355136871337891
1.3109030723571777
1.1756620407104492
0.8626126646995544
1.1358294486999512
0.7837934494018555
0.8780915141105652
1.4400837421417236
0.7753079533576965
1.2953046560287476
1.0400258302688599
0.754490077495575
1.1700642108917236
1.2386537790298462
0.874258816242218
1.0725398063659668
1.093570351600647
0.7912402749061584
0.8681915402412415
0.9491527080535889
1.0792348384857178
0.8586097955703735
1.276762843132019
0.8557929396629333
1.5882493257522583
0.7023851871490479
1.2396072149276733
0.9321295022964478
0.9147963523864746
0.7233177423477173
1.418421983718872
1.0720123052597046
0.9751007556915283
1.0123040676116943
0.8254795074462891
1.2681795358657837
0.7851354479789734
1.1505266427993774
0.9373302459716797
0.9122048616409302
1.0301371812820435
0.992674708366394
1.176528811454773
1.0127252340316772
0.8302477598190308
0.9498948454856873
1.248576045036316
0.9149236083030701
1.2168889045715332
0.8614578247070312
1.025543451309204
0.9891334772109985
1.220741868019104
0.9789652228355408
0.9073027968406677
1.0012106895446777
0.7017124891281128
1.3108172416687012
1.0736782550811768
0.8555574417114258
1.1524847745895386
0.7807103991508484
1.0917706489562988
0.9624802470207214
1.5037728548049927
0.9148426651954651
0.6903963685035706
0.9972622394561768
1.3698177337646484
0.7159474492073059
1.1217836141586304
1.021572232246399
1.0197572708129883
0.9518863558769226
1.1136012077331543
0.8567050695419312
1.1867929697036743
0.705788254737854
0.915693461894989
1.5867987871170044
0.7002915740013123
1.3498722314834595
1.1223647594451904
0.9531490802764893
1.1547739505767822
0.7119480967521667
1.0922367572784424
1.1371196508407593
0.9423743486404419
1.0830374956130981
0.6530061364173889
1.2512832880020142
0.8319066166877747
1.2708179950714111
0.6833470463752747
1.9210740327835083
0.9069899916648865
0.8590254187583923
0.6983424425125122
1.4911001920700073
1.0207850933074951
0.9540854096412659
1.2279934883117676
0.6647645235061646
1.447784423828125
0.7563920021057129
1.0313013792037964
1.154528260231018
1.15607488155365
0.842532217502594
1.0975909233093262
0.8623995184898376
1.0051580667495728
0.6223019957542419
1.5961650609970093
0.9210028648376465
1.0384712219238281
0.9998927712440491
1.0183465480804443
1.0129237174987793
1.0013505220413208
1.0792592763900757
0.5889024138450623
1.4855279922485352
1.3630787134170532
0.7496042847633362
1.1466175317764282
0.984835684299469
1.0181183815002441
0.9729275703430176
0.8760433793067932
1.177948236465454
1.0586488246917725
1.0482951402664185
0.9116525650024414
0.8040383458137512
1.0049363374710083
1.0928534269332886
1.2425979375839233
0.8217002153396606
0.7981036901473999
1.7625885009765625
0.608429491519928
1.2596224546432495
1.015000343322754
1.113217830657959
0.9012482166290283
0.7748719453811646
1.1986857652664185
1.1468595266342163
1.0000877380371094
0.5218647122383118
2.0045909881591797
0.9660099148750305
0.7213312387466431
1.0429438352584839
0.7925340533256531
1.6978788375854492
0.9529697299003601
0.9370508193969727
1.025006651878357
0.8700606822967529
1.1493182182312012
1.0110455751419067
0.6991755962371826
0.9681131839752197
1.341231346130371
1.2471851110458374
0.8483263850212097
1.174183964729309
0.8019700646400452
1.1143959760665894
1.1372795104980469
0.9133182764053345
0.7451977133750916
1.3717294931411743
0.9455004930496216
0.8787438273429871
1.2855801582336426
0.7442080974578857
1.1622897386550903
0.9987878799438477
0.9016954302787781
0.7981930375099182
1.2170125246047974
1.2914575338363647
0.8647024631500244
0.9668281674385071
1.1738066673278809
0.8737025260925293
1.1266578435897827
0.7846062183380127
1.3462636470794678
0.8117521405220032
0.8890188336372375
0.9215197563171387
1.4798811674118042
0.7375940680503845
1.0155233144760132
1.1236637830734253
0.826475203037262
1.0935717821121216
1.0313448905944824
0.9493435025215149
1.3465911149978638
0.6483168005943298
1.6827056407928467
0.690637469291687
1.4458130598068237
0.6661792397499084
1.2086303234100342
0.8958683013916016
1.3795500993728638
0.7829347252845764
0.7260333299636841
1.381842017173767
1.074281930923462
1.0519977807998657
0.7587916254997253
1.2533901929855347
0.9015612602233887
1.0249197483062744
1.068528413772583
0.75497967004776
1.2592084407806396
1.0180433988571167
0.9245187044143677
1.278572916984558
0.5564265847206116
1.6454335451126099
0.9157665967941284
1.235997200012207
0.7883894443511963
0.9889556169509888
1.006192922592163
0.9569665193557739
0.8200179934501648
1.2810019254684448
1.0740705728530884
1.1120907068252563
0.8028897643089294
0.7559194564819336
1.1351840496063232
1.1780726909637451
1.134606957435608
0.956602931022644
1.1235398054122925
0.830780565738678
1.0670987367630005
0.9286419749259949
1.1668974161148071
0.5462357401847839
1.2797374725341797
1.4440042972564697
0.7587264776229858
1.0256651639938354
1.112782597541809
1.1136484146118164
0.7442653775215149
1.1922919750213623
1.1526415348052979
0.8681216239929199
1.1560264825820923
0.5835486054420471
1.5390032529830933
1.028194546699524
0.985733687877655
0.7197099924087524
1.2772992849349976
1.0413795709609985
0.870771050453186
1.2407838106155396
0.8735055327415466
1.2005867958068848
0.828064501285553
0.9423656463623047
1.2481526136398315
0.8137474060058594
1.284997582435608
0.8111246824264526
0.7534648180007935
1.57051420211792
0.5838158130645752
1.3314954042434692
1.2268166542053223
1.0193936824798584
0.9398106932640076
1.05008864402771
0.8969332575798035
1.087983250617981
0.971095860004425
0.9653229713439941
1.3656889200210571
0.5967516303062439
1.2450436353683472
0.9635409712791443
0.9280795454978943
0.968611478805542
1.2130590677261353
0.8211969137191772
1.2165179252624512
1.3051526546478271
0.594761073589325
0.97831130027771
1.4805233478546143
0.8440048694610596
0.9381894469261169
1.2241437435150146
0.8008361458778381
0.832709789276123
1.7050739526748657
0.8268032670021057
0.8318763971328735
0.9825107455253601
1.542660117149353
0.9127257466316223
0.652318000793457
1.2198387384414673
1.0355446338653564
0.910789966583252
1.1476082801818848
1.1107025146484375
0.8887814283370972
0.7280281186103821
1.1289945840835571
0.9995748400688171
1.1814476251602173
0.8678373098373413
1.0774600505828857
0.966984748840332
1.4202345609664917
0.8333680033683777
0.7929773926734924
1.0141890048980713
1.3197214603424072
0.7303788661956787
1.1064178943634033
0.9948752522468567
1.1549242734909058
1.103389859199524
0.9609619975090027
0.8063032031059265
1.0753402709960938
0.9982795715332031
1.221243977546692
0.7209036946296692
1.3005441427230835
0.871783435344696
0.9904054403305054
1.06707763671875
0.8227570652961731
1.2171026468276978
0.749625563621521
0.7836906313896179
1.7989579439163208
0.8324776291847229
0.9851301312446594
1.1955862045288086
0.8668649792671204
1.4232091903686523
0.8186770081520081
0.8009177446365356
1.2007108926773071
0.947539746761322
0.905182957649231
0.7674578428268433
1.447831153869629
1.099250316619873
0.6803640723228455
1.4965157508850098
1.1061617136001587
0.9708358645439148
0.6877934336662292
1.1968210935592651
1.0900142192840576
1.0971850156784058
0.6622178554534912
1.3983675241470337
0.8409879803657532
1.1083773374557495
0.8686041831970215
0.6809319853782654
1.8309359550476074
0.861011803150177
0.9679548740386963
0.9750090837478638
1.1605044603347778
1.0012428760528564
0.787201464176178
1.3347738981246948
0.9111815094947815
1.0502222776412964
0.9366580247879028
1.0441112518310547
0.920610249042511
1.3647271394729614
0.6394971609115601
1.3217811584472656
0.9032452702522278
1.064622402191162
1.2469066381454468
0.6993277668952942
1.137083888053894
0.8470020890235901
1.3931719064712524
0.6264431476593018
1.4538309574127197
1.0633043050765991
0.8776358366012573
1.1442612409591675
0.9954445958137512
0.780568540096283
1.2856225967407227
0.9952840209007263
0.9805275201797485
0.996046245098114
0.8522141575813293
1.0988000631332397
0.8568176031112671
0.9014422297477722
1.0009427070617676
1.3294116258621216
0.8979410529136658
0.7204938530921936
1.4745081663131714
0.7935864329338074
1.0013400316238403
1.1203033924102783
0.9785438776016235
1.3113698959350586
1.0094202756881714
1.0138598680496216
0.8483980298042297
0.832326352596283
0.9570103287696838
1.2225152254104614
0.7265061736106873
1.4318270683288574
0.9695359468460083
1.0306525230407715
0.9344546794891357
1.0543780326843262
1.2841548919677734
0.6801798343658447
0.9604186415672302
1.0952637195587158
1.272149920463562
0.8046785593032837
0.92975914478302
1.2716807126998901
0.9617312550544739
0.9430823922157288
1.1164616346359253
0.8990939259529114
1.120144248008728
0.9740679860115051
0.8395533561706543
1.2817299365997314
0.8902292847633362
0.9798049330711365
1.2119582891464233
0.6530463099479675
1.3357570171356201
0.8784325122833252
1.0137678384780884
0.8684785962104797
1.0163017511367798
1.1197012662887573
0.7471486926078796
1.265262484550476
1.0071678161621094
0.9538837671279907
0.9623334407806396
1.8757374286651611
0.7094421982765198
0.7404259443283081
1.2045255899429321
1.0343214273452759
0.9020510315895081
1.1354318857192993
0.9673374891281128
0.8729521036148071
1.180079698562622
1.193558692932129
0.6964136362075806
1.4006699323654175
0.8105857372283936
0.7009962201118469
1.0786770582199097
1.3589035272598267
0.9970889687538147
0.8213967084884644
1.18483567237854
1.0658512115478516
0.9978533983230591
0.822148323059082
1.3431816101074219
0.765252411365509
0.9565361738204956
1.5218034982681274
0.6607360243797302
1.2548860311508179
0.9238389730453491
1.1216046810150146
0.8671013116836548
0.8761035203933716
1.331887125968933
0.9299959540367126
1.1170448064804077
0.648036539554596
1.4079242944717407
1.1370398998260498
0.6490357518196106
1.1728876829147339
0.9948261380195618
0.9749849438667297
1.136216402053833
0.7856470346450806
1.37256920337677
0.9617276787757874
1.100172758102417
0.6313326358795166
1.607913851737976
0.7172302603721619
0.9762032628059387
1.2706348896026611
0.9198278188705444
1.0687742233276367
0.9323394298553467
0.8853845596313477
1.1730852127075195
0.9698278307914734
0.8467262387275696
1.0980987548828125
0.8959969282150269
0.9120236039161682
1.4181450605392456
1.1544674634933472
0.7190807461738586
1.202609658241272
0.7642599940299988
1.1689867973327637
0.923759400844574
0.8085382580757141
1.259703516960144
1.0013988018035889
1.240332007408142
0.9231907725334167
1.0742383003234863
0.7957196831703186
0.9853336215019226
1.0685205459594727
0.9224327802658081
1.1879785060882568
0.9356403946876526
0.9274906516075134
0.9707872867584229
1.342154860496521
0.7559617757797241
1.160102128982544
1.0183085203170776
1.0205634832382202
1.2046644687652588
0.8326976895332336
1.0178396701812744
0.8678985834121704
0.8214437365531921
1.3043614625930786
1.287048101425171
0.6576189398765564
1.5117616653442383
0.7735825181007385
0.9830862879753113
0.9149115681648254
1.187554955482483
0.8505215048789978
0.9941602945327759
1.0585920810699463
0.9119085073471069
0.8599403500556946
1.5716019868850708
0.8378230333328247
1.3067433834075928
0.682826817035675
1.126418948173523
0.7459872364997864
1.5000168085098267
0.6229912638664246
1.4655592441558838
0.8789390921592712
0.8598623871803284
1.417693018913269
0.7589437365531921
0.8017065525054932
1.7191507816314697
0.8538346886634827
1.1041606664657593
1.1184173822402954
1.100271224975586
0.6105647683143616
1.2967324256896973
0.9967419505119324
1.1208853721618652
1.0179160833358765
0.7528361082077026
1.3053971529006958
0.7043047547340393
1.1564385890960693
1.0012116432189941
0.8215509653091431
1.1555730104446411
1.3799169063568115
0.628892719745636
1.2331032752990723
0.7528188228607178
1.6711199283599854
0.7653744220733643
1.211060881614685
1.0740578174591064
0.9457395076751709
0.9028893113136292
0.7422430515289307
1.3565064668655396
1.1172665357589722
0.8945247530937195
0.9047622084617615
1.2270463705062866
1.0282684564590454
0.9184147119522095
0.9294291734695435
1.210750699043274
0.6945307850837708
1.0828685760498047
0.9980691075325012
1.0426063537597656
0.8847193717956543
1.0501575469970703
1.1433396339416504
0.7390353679656982
1.0577614307403564
1.2210112810134888
0.9405176043510437
1.0400111675262451
1.428571343421936
0.6202397346496582
1.140239953994751
0.8789246082305908
0.9662363529205322
1.3536407947540283
0.7938096523284912
0.9240924119949341
1.3446353673934937
0.8341468572616577
1.0935858488082886
1.0443120002746582
1.099503755569458
0.8256651163101196
1.2006512880325317
0.9654920697212219
0.9340203404426575
0.9585418701171875
1.1968203783035278
0.8676303625106812
1.1866369247436523
0.825484037399292
0.8861997723579407
1.4990826845169067
0.8233856558799744
0.8998541235923767
1.0521138906478882
1.1683447360992432
0.6987362504005432
1.4790364503860474
0.7642946243286133
1.0715713500976562
1.4015377759933472
0.6351572275161743
1.0388706922531128
1.2757152318954468
0.7185826301574707
1.1270657777786255
1.134653091430664
1.1607099771499634
0.9317039847373962
1.0283458232879639
1.0247137546539307
0.8005940318107605
0.9600641131401062
1.1319575309753418
1.1280274391174316
0.7789945602416992
1.1028575897216797
0.927384614944458
1.0915496349334717
1.0796657800674438
1.022895097732544
0.9553535580635071
0.7570935487747192
1.2423189878463745
0.9128960371017456
0.9975863099098206
0.9775952696800232
1.0803617238998413
1.2727912664413452
0.7141743302345276
0.8138434886932373
1.4837170839309692
0.912936270236969
1.0028257369995117
0.8995298743247986
0.8766072392463684
1.3952592611312866
0.8444907665252686
1.133626103401184
1.0594170093536377
0.7360266447067261
1.3634041547775269
1.233274221420288
0.7129282355308533
0.8028594255447388
1.3754723072052002
0.7257176637649536
1.019061803817749
1.291420578956604
1.157799482345581
0.9688870310783386
0.7646815180778503
1.1277347803115845
1.0200672149658203
0.8555592894554138
0.951850950717926
0.9949104189872742
1.0145602226257324
1.197805643081665
0.7815337181091309
1.2560209035873413
0.6760389804840088
0.938624918460846
1.5038738250732422
1.1449544429779053
0.9407947659492493
1.0664870738983154
0.7186119556427002
1.1283278465270996
1.2424964904785156
0.7841606140136719
1.3213684558868408
0.7187344431877136
1.3292031288146973
0.9404479265213013
0.9650538563728333
1.0213773250579834
0.8029324412345886
1.1758383512496948
1.543792724609375
0.44534021615982056
1.357401728630066
1.200563907623291
1.1578303575515747
0.533610999584198
1.475088357925415
0.7973994016647339
1.3592122793197632
0.9092388153076172
0.9695572257041931
1.3009858131408691
0.7677800059318542
1.0239747762680054
0.8503736257553101
1.253060221672058
0.8638140559196472
0.8732648491859436
1.318602204322815
0.8501067757606506
1.0797741413116455
0.7201101779937744
1.1264073848724365
1.216888666152954
0.8567349314689636
1.337847352027893
0.8155186176300049
1.1021063327789307
1.1374763250350952
1.0411005020141602
0.823543906211853
1.1105777025222778
1.1679967641830444
1.0027529001235962
0.7718743085861206
0.8556612133979797
1.4267511367797852
0.7030182480812073
1.27134370803833
0.9364131093025208
0.7911391854286194
1.546543002128601
0.8286823034286499
0.9482962489128113
1.0689512491226196
1.2923442125320435
0.6661267876625061
0.9288657307624817
1.4594953060150146
0.7930904626846313
1.15966796875
0.9348584413528442
0.9014137387275696
1.224107265472412
1.1524935960769653
0.8428252935409546
0.8485139012336731
0.9548816084861755
1.071305751800537
0.8604038953781128
1.2688610553741455
1.3643685579299927
0.6453604102134705
1.1216341257095337
1.220945119857788
0.7539336085319519
0.7974444031715393
1.4816993474960327
1.2249418497085571
0.7732555270195007
1.1296195983886719
0.6637279987335205
1.1428308486938477
1.2429919242858887
0.9518812298774719
0.7998732924461365
1.2285455465316772
0.9163008332252502
1.0120526552200317
1.019189715385437
1.0711749792099
1.3500512838363647
0.8350346684455872
0.8291811943054199
1.1057443618774414
1.027698040008545
0.9315114617347717
0.9904639720916748
0.7975056767463684
1.1283382177352905
1.2030788660049438
0.7858417630195618
1.332377314567566
0.9244734644889832
0.7158194780349731
1.4960170984268188
0.8967428207397461
0.8699988722801208
1.2301709651947021
1.0112439393997192
0.9310737252235413
1.0374373197555542
1.0992249250411987
0.9733846783638
1.0182337760925293
0.8458598852157593
1.202180027961731
0.8374355435371399
0.7609218955039978
1.260994553565979
1.076147437095642
1.0588092803955078
1.0624603033065796
0.8453721404075623
0.9521409273147583
1.588083028793335
0.6465132236480713
1.0106353759765625
1.0944569110870361
0.9165312051773071
0.9210651516914368
1.322190761566162
0.9143006801605225
0.9312337636947632
0.8660390377044678
1.3932652473449707
0.5568553805351257
1.7257888317108154
0.7480444312095642
0.9369069933891296
1.3102353811264038
0.9612987637519836
1.0357261896133423
0.840299665927887
1.4820728302001953
0.699171781539917
0.9779402017593384
1.1397123336791992
1.3282976150512695
0.7235698103904724
0.9422881603240967
1.0131491422653198
1.132933259010315
1.0476797819137573
0.885073721408844
1.1968035697937012
0.8038498163223267
1.2370439767837524
0.7667520642280579
1.4650875329971313
0.9880502820014954
0.6591991782188416
1.1717034578323364
1.3576041460037231
0.744688868522644
0.9454026222229004
1.093224287033081
0.8038404583930969
1.0487494468688965
1.0845707654953003
0.9559903144836426
1.2206865549087524
0.6608288884162903
1.2084020376205444
1.5137317180633545
0.7440868616104126
0.6887418627738953
1.3973459005355835
1.1367318630218506
1.0118499994277954
1.0047661066055298
0.876705527305603
0.8742542266845703
1.2912688255310059
0.8535733222961426
0.8567583560943604
1.1660336256027222
1.3956376314163208
0.7997452616691589
1.0744963884353638
0.7431939840316772
0.9162346124649048
1.1480051279067993
1.0081005096435547
1.2303961515426636
0.9738190770149231
1.2140021324157715
0.7839370965957642
1.109456181526184
1.0010958909988403
0.7588791847229004
1.0493332147598267
1.3386842012405396
1.0594780445098877
0.6382966041564941
1.3343260288238525
0.7275314927101135
1.2514055967330933
0.8208110332489014
1.2040163278579712
1.1409224271774292
0.8976925611495972
0.822257936000824
1.3839229345321655
0.9324038028717041
0.8105180859565735
0.9014948606491089
1.2527180910110474
0.8682080507278442
1.227553129196167
0.8604529500007629
1.3044135570526123
0.9219728112220764
0.9149619340896606
0.9301785826683044
1.4488651752471924
0.8379248380661011
0.7697864770889282
1.1808704137802124
0.9152588248252869
0.9722059369087219
1.0983322858810425
0.993679404258728
1.1056010723114014
0.9069756269454956
1.0597306489944458
1.1066884994506836
1.0993400812149048
0.8257132172584534
1.2283284664154053
0.7130104899406433
0.8763562440872192
1.4680315256118774
0.7931207418441772
1.0691646337509155
1.0431662797927856
0.8295165300369263
0.9511411190032959
1.2563302516937256
0.8462728261947632
1.1568876504898071
1.0851194858551025
0.7565228343009949
1.0202910900115967
1.1979188919067383
1.1315851211547852
0.7692800760269165
1.289310336112976
0.832531213760376
1.3835731744766235
1.0643677711486816
0.8396565318107605
0.7497957944869995
1.3065688610076904
1.0883913040161133
0.7131625413894653
1.088256597518921
0.997334897518158
0.6834094524383545
1.1157798767089844
1.2727395296096802
0.941994845867157
1.1409693956375122
1.1767698526382446
0.8345818519592285
0.8525382876396179
1.4503445625305176
0.7263918519020081
1.1582757234573364
0.9078767895698547
1.2633360624313354
0.9297096729278564
0.8912602663040161
0.9486364126205444
0.7837010025978088
1.2599453926086426
1.2136482000350952
0.8154832124710083
1.1292821168899536
1.016232967376709
0.7849389910697937
1.5745353698730469
0.7919429540634155
1.1020506620407104
1.0190833806991577
0.9655550122261047
0.9140869975090027
1.1344757080078125
0.7323604822158813
0.9854635000228882
1.2410534620285034
0.8911752104759216
0.900123119354248
1.083080768585205
0.9891013503074646
1.0259469747543335
1.1903351545333862
0.7133183479309082
1.2863701581954956
0.8402891755104065
1.3037086725234985
0.8783248662948608
1.4214650392532349
0.7315871119499207
1.126351237297058
0.981205403804779
1.0783425569534302
0.9827824831008911
0.8367935419082642
0.9067923426628113
1.6336705684661865
0.7938599586486816
0.846504271030426
0.8673295378684998
1.205705165863037
0.8085742592811584
1.1856439113616943
0.9090758562088013
1.3922117948532104
0.7636326551437378
0.9352210164070129
1.093794822692871
0.7301244735717773
1.4974315166473389
1.1263302564620972
0.5163189768791199
1.7773414850234985
0.6740028858184814
1.0590813159942627
1.2357395887374878
1.0672342777252197
1.2161942720413208
0.7590858936309814
1.0149192810058594
1.0968387126922607
0.8769364953041077
1.0357465744018555
1.0412489175796509
1.0842922925949097
1.071616291999817
0.6888599991798401
1.2371222972869873
0.9172223806381226
0.9914882183074951
1.041816234588623
1.1183098554611206
0.6432243585586548
1.3298882246017456
0.934045135974884
1.390829086303711
0.7162445187568665
1.3705612421035767
0.9315011501312256
0.7479152083396912
1.5537941455841064
1.0150682926177979
0.8957498669624329
0.9030649662017822
1.00834059715271
1.177117109298706
0.8921397924423218
0.7319751381874084
1.357249140739441
0.897212028503418
0.9980800151824951
0.8878997564315796
1.0811822414398193
1.3093377351760864
0.7723861932754517
0.8703450560569763
1.236611247062683
1.172833800315857
0.8594134449958801
0.8711925745010376
1.265348196029663
0.6804479360580444
1.5177992582321167
0.7657811045646667
1.1065011024475098
0.9666179418563843
0.9177783131599426
1.2504030466079712
1.0034350156784058
1.0363469123840332
0.8396167755126953
1.1123708486557007
0.9482955932617188
1.2592546939849854
0.7330260276794434
1.112625241279602
0.7661905288696289
1.5338038206100464
0.9220146536827087
0.9027835130691528
1.0064564943313599
0.9164813160896301
0.9443072080612183
1.3208345174789429
0.7777625322341919
1.1324092149734497
1.1411948204040527
0.9582564234733582
0.9956393837928772
1.1168806552886963
1.0285208225250244
0.768478274345398
1.0419728755950928
1.0196843147277832
1.1229115724563599
0.8937535285949707
1.1506930589675903
0.8229536414146423
0.9823269844055176
1.2946676015853882
1.12777578830719
0.7128573656082153
1.2377965450286865
0.6163027882575989
1.7016973495483398
0.7401642203330994
1.0221410989761353
0.9681479334831238
1.380411982536316
0.7637733221054077
1.0639379024505615
1.1205439567565918
1.0253108739852905
0.8653779029846191
0.8796373009681702
1.0034135580062866
1.0238537788391113
0.6526358127593994
1.778595209121704
0.6836274266242981
1.5960414409637451
0.9978281259536743
0.752565324306488
1.1533724069595337
1.0765403509140015
0.9809920787811279
0.7517896890640259
1.4429314136505127
0.760687530040741
1.2641355991363525
0.9611991047859192
0.7623618245124817
1.0586819648742676
1.004146933555603
0.9650975465774536
0.8630678057670593
1.0224671363830566
1.4318212270736694
0.96660977602005
1.0093318223953247
1.143130898475647
0.8936243653297424
0.7879562973976135
0.9768319725990295
1.2684123516082764
0.9604088068008423
0.9084486961364746
1.0430089235305786
1.1245547533035278
0.9986610412597656
1.0085322856903076
0.8656274080276489
0.9583754539489746
1.0228976011276245
1.0195457935333252
1.0620235204696655
1.016149878501892
0.9659290909767151
0.672910749912262
1.370792031288147
0.7593509554862976
1.632041096687317
0.6912386417388916
1.1499558687210083
1.2720975875854492
0.8360497355461121
1.1552313566207886
0.8976457118988037
1.2419687509536743
0.7937833070755005
1.3007265329360962
0.6932446956634521
1.0554767847061157
0.6314753293991089
1.939534068107605
0.8230085372924805
1.068816900253296
0.9896032214164734
0.8455455899238586
1.22906494140625
0.9312341213226318
1.2953578233718872
1.1203854084014893
0.7814645767211914
1.0850573778152466
0.9426117539405823
0.9820557832717896
0.7038313150405884
1.040610432624817
1.5496705770492554
0.7786550521850586
1.2836520671844482
0.7233839631080627
1.2099840641021729
1.1320850849151611
0.5515372157096863
1.431748628616333
0.6765596270561218
1.1999356746673584
1.4235254526138306
0.9389152526855469
0.7510485649108887
1.432621717453003
0.8294436931610107
1.3334619998931885
0.5739749073982239
1.3434743881225586
0.9965845942497253
0.9649274349212646
1.1133244037628174
0.989019513130188
1.087733507156372
0.8717896342277527
1.213096261024475
0.8832989931106567
0.7775996327400208
1.4257904291152954
1.0170706510543823
0.720565676689148
1.3970179557800293
0.7797842025756836
1.2758915424346924
0.787304699420929
1.0583915710449219
1.1027588844299316
0.8597168326377869
0.8881856203079224
1.095428466796875
0.9992404580116272
1.090356469154358
0.8004659414291382
1.1603463888168335
1.143322467803955
1.0533771514892578
0.6791248321533203
1.0238564014434814
1.6031631231307983
0.907559871673584
0.9094622135162354
0.8483344912528992
0.9920650124549866
1.33838951587677
0.8051043152809143
1.1784610748291016
0.8237881660461426
1.271120309829712
0.8552809953689575
0.9445111751556396
1.2340891361236572
0.8676047921180725
1.1190239191055298
0.8997415900230408
0.7771841287612915
1.4067200422286987
0.9937175512313843
1.136622667312622
0.6428202390670776
1.2962729930877686
0.8101763725280762
1.387220025062561
0.7906216979026794
0.8541728854179382
0.9999596476554871
1.5803011655807495
0.7488691806793213
1.1177107095718384
0.8879095315933228
0.8758373260498047
1.4104995727539062
1.0718064308166504
0.6552425026893616
1.2927895784378052
1.0288292169570923
0.9643563032150269
1.0518425703048706
0.7817273139953613
0.8696754574775696
1.1290324926376343
1.209596872329712
0.8921949863433838
0.8249547481536865
1.2788336277008057
1.3212136030197144
0.7614802122116089
1.0634037256240845
1.289275050163269
0.6841805577278137
0.9897210001945496
1.045494556427002
1.2359340190887451
0.9427711963653564
0.6222595572471619
1.8645751476287842
0.7212234735488892
0.8064613342285156
1.6200069189071655
0.7920413017272949
1.1600337028503418
0.8372836112976074
0.8041161298751831
1.5597208738327026
0.9848054051399231
0.7668542861938477
0.9283602833747864
1.1190032958984375
1.2201476097106934
0.9219449162483215
0.9788723587989807
1.0722332000732422
1.0344868898391724
0.8806360363960266
0.9089961647987366
0.8791248798370361
1.3352571725845337
0.9243660569190979
1.24855375289917
0.8675539493560791
0.9080823659896851
1.2552001476287842
0.8009427785873413
1.2489434480667114
0.6495219469070435
1.1767081022262573
0.9450957775115967
1.221166968345642
1.011435866355896
0.8809186220169067
1.1765085458755493
1.3078866004943848
0.6691707372665405
0.8013013005256653
1.0643706321716309
1.4821492433547974
0.7132411599159241
1.1675010919570923
0.933675229549408
0.8239679932594299
0.9758345484733582
1.5842875242233276
0.7623347043991089
1.4646263122558594
0.735966145992279
0.9715961813926697
1.3243309259414673
0.9203366637229919
0.8674694299697876
1.569953441619873
0.6373441815376282
1.0994888544082642
0.8005960583686829
1.4879341125488281
0.8571747541427612
0.9238259792327881
0.8073199987411499
1.3656460046768188
0.8949655890464783
0.9798403978347778
0.7601324319839478
1.328549861907959
1.127766489982605
0.7963753342628479
1.1249973773956299
1.1030194759368896
0.8323465585708618
1.124263048171997
0.827010452747345
0.8934517502784729
1.1110602617263794
1.2737782001495361
0.9209297895431519
1.1015723943710327
0.8960505127906799
1.1995056867599487
0.7635037302970886
1.308717966079712
0.75350022315979
1.1766537427902222
0.6301752328872681
1.9298044443130493
0.8489335179328918
0.7813952565193176
0.9305989742279053
1.1847354173660278
0.8798587918281555
0.9548115730285645
1.3262734413146973
0.998978316783905
1.0994306802749634
0.6091856360435486
1.5156561136245728
0.8714208602905273
1.0758761167526245
1.182979941368103
0.7922102808952332
1.0893253087997437
0.9825730323791504
0.9212865233421326
1.3241231441497803
0.7779340744018555
0.9169510006904602
1.2438950538635254
0.7346578240394592
1.0795186758041382
1.2485722303390503
1.1546114683151245
0.809622049331665
0.9275380373001099
1.1489547491073608
0.8226612210273743
0.9978146553039551
1.226681113243103
0.9075282216072083
1.119522213935852
1.0382428169250488
1.1288989782333374
0.747110903263092
1.1084110736846924
0.9208163022994995
0.8886494636535645
1.0250250101089478
1.399760365486145
0.7626913189888
0.9397898316383362
1.147276520729065
0.779319167137146
1.085703730583191
1.263601303100586
0.7940301895141602
1.0380969047546387
1.1468302011489868
1.3409466743469238
0.7604737281799316
0.9837011098861694
0.7687968015670776
1.2227239608764648
1.0391345024108887
0.9528447389602661
0.6776272654533386
1.5866384506225586
0.7230749726295471
1.0539809465408325
1.528942346572876
0.7236367464065552
1.154381275177002
0.9315084218978882
1.1776701211929321
0.9200425148010254
1.0996065139770508
1.074101209640503
0.8213333487510681
1.098029375076294
0.7618746161460876
1.0496457815170288
1.271092414855957
0.8902208209037781
0.817411482334137
1.23505699634552
0.956540048122406
0.8385359644889832
1.1684458255767822
1.158064365386963
1.0251344442367554
0.9970671534538269
0.7801244854927063
1.2214252948760986
1.1005357503890991
1.0013529062271118
1.0165033340454102
0.7327374219894409
1.1118144989013672
0.8672128319740295
1.3655139207839966
0.679469883441925
1.479381799697876
0.6850636601448059
1.0425676107406616
1.394262671470642
0.7135694622993469
1.4602469205856323
0.8913024663925171
0.9299891591072083
0.930915892124176
0.8218950629234314
1.2569559812545776
1.2286771535873413
1.0007902383804321
1.0380656719207764
0.9639509916305542
0.902695894241333
1.0460624694824219
1.0663737058639526
0.7621773481369019
1.1322513818740845
1.0102790594100952
1.0018279552459717
0.9712691903114319
0.9672647714614868
0.9355820417404175
0.902073085308075
1.438590407371521
0.9116354584693909
1.002952218055725
1.1103384494781494
0.4966248869895935
1.80343496799469
0.8425120115280151
1.2447084188461304
1.053544521331787
0.8267033100128174
0.8608044981956482
1.444179654121399
0.7612029314041138
1.3062604665756226
0.8463318943977356
1.0148245096206665
0.8368257880210876
1.1913962364196777
0.7557321786880493
1.289013385772705
1.0516992807388306
1.16219961643219
0.9087674617767334
0.8806421756744385
1.1514391899108887
0.870835542678833
0.9999265074729919
1.1543546915054321
0.8915229439735413
0.8888888955116272
1.2643933296203613
0.6971275806427002
1.4550632238388062
0.8901386260986328
0.9943315386772156
1.1890387535095215
0.7925044298171997
1.0192347764968872
1.045301914215088
0.896140992641449
0.9749194979667664
1.0222138166427612
1.254041314125061
1.2015645503997803
0.8718876242637634
0.9059699773788452
0.7496525049209595
1.1733980178833008
0.9382103085517883
1.0717722177505493
1.0388178825378418
0.9865217804908752
0.839399516582489
1.1084213256835938
1.0868183374404907
1.2014929056167603
0.8755999207496643
0.9603607058525085
1.369619607925415
0.8030137419700623
0.7572207450866699
1.2161755561828613
0.9101601243019104
1.2992527484893799
0.7368362545967102
1.146530032157898
1.3104429244995117
0.6512001156806946
1.008131980895996
1.4072930812835693
0.8776140213012695
1.0274581909179688
0.7367556691169739
1.070723295211792
1.3700673580169678
0.9207998514175415
1.0224530696868896
1.0355664491653442
1.1559958457946777
0.6880570650100708
1.2407220602035522
1.0057862997055054
0.8960891962051392
0.9635542035102844
1.0644131898880005
0.9497637152671814
0.9159035682678223
1.0732173919677734
0.8296689391136169
1.3222500085830688
0.9467697143554688
1.0202224254608154
0.9261935949325562
1.066187858581543
0.8169742226600647
1.4420514106750488
0.9766868352890015
0.9190639853477478
0.8024230599403381
1.1697100400924683
1.168123483657837
0.8450535535812378
0.8995438814163208
1.223271131515503
0.9034439325332642
1.1388777494430542
0.864071249961853
0.913027822971344
1.1908038854599
1.1107820272445679
1.0392249822616577
0.9005098938941956
0.6769634485244751
0.8533459901809692
1.3700401782989502
0.9431934356689453
1.4317426681518555
0.8136841654777527
1.183357834815979
0.77070552110672
0.9622084498405457
0.8828484416007996
1.0342645645141602
1.4586795568466187
0.8295939564704895
1.0304163694381714
0.9186109900474548
1.2804940938949585
0.6481726765632629
1.5330042839050293
0.7960701584815979
1.3969789743423462
0.8862609267234802
0.7682799696922302
1.6330238580703735
0.7265375256538391
1.0370372533798218
0.6681845188140869
0.9937043190002441
2.0420713424682617
0.5395391583442688
1.0513136386871338
1.4513607025146484
0.7881689667701721
1.30795419216156
0.8925615549087524
1.1107124090194702
0.7886417508125305
1.025956153869629
1.0222784280776978
0.919095516204834
1.068040370941162
0.8438366055488586
1.358567476272583
0.7866089940071106
1.384341835975647
0.9084741473197937
0.8964076638221741
0.8363467454910278
1.2695883512496948
0.8669579029083252
1.6157042980194092
0.7923443913459778
0.656053900718689
1.3325345516204834
0.7726958394050598
1.0903184413909912
1.1204454898834229
0.9591566324234009
1.1210209131240845
0.8886828422546387
1.0546680688858032
0.9283061623573303
1.3489664793014526
0.8758494257926941
1.0963635444641113
0.9450742602348328
0.6563360095024109
1.2979698181152344
1.3172292709350586
0.7050207853317261
1.5130658149719238
0.718820333480835
1.089034914970398
0.9571374654769897
0.8918712139129639
1.1240121126174927
1.075487494468689
0.9949142932891846
1.0428972244262695
1.04974365234375
0.7788349390029907
0.9453676342964172
0.9991682767868042
1.3691737651824951
0.7807236909866333
1.090665340423584
0.8425813913345337
1.1206786632537842
1.1310253143310547
1.0727180242538452
0.8201454281806946
0.7984833121299744
1.0494098663330078
1.0050262212753296
1.1666374206542969
1.074381947517395
1.0101475715637207
1.3011341094970703
0.6445988416671753
1.4432650804519653
0.9031891226768494
0.8019505739212036
1.2349215745925903
0.7571230530738831
1.3485066890716553
0.8880720138549805
1.113338828086853
1.0174294710159302
0.8732393980026245
1.256571888923645
0.8864886164665222
0.7417001724243164
1.4012993574142456
1.14246666431427
0.5226669311523438
1.5296165943145752
1.0783660411834717
1.068089246749878
0.8989236950874329
1.134968876838684
0.9016688466072083
0.9290459752082825
1.3044160604476929
0.6972339153289795
1.2784336805343628
0.609555184841156
1.2476332187652588
1.1500378847122192
0.8892605304718018
1.2040988206863403
0.9536279439926147
0.7921668887138367
1.326801061630249
0.9296397566795349
1.0909680128097534
1.0285488367080688
0.8623695969581604
0.8805267214775085
1.5166164636611938
0.8719874024391174
0.7867344617843628
1.0848950147628784
1.08999502658844
1.0534942150115967
0.8463966846466064
0.9239413738250732
1.5921059846878052
0.6473429203033447
0.8543360829353333
1.3074638843536377
1.1930298805236816
0.8557717204093933
1.108040690422058
0.8060662746429443
0.9708699584007263
0.9339512586593628
1.1982789039611816
0.9449442625045776
1.2601858377456665
0.9429105520248413
0.801150918006897
1.095362663269043
0.9100438952445984
1.0868948698043823
1.007042646408081
1.038439154624939
0.8962452411651611
0.9055488109588623
1.4595595598220825
0.7045043110847473
1.1925355195999146
0.9851510524749756
0.8418729901313782
1.416223406791687
1.0451918840408325
0.8866451382637024
0.9067666530609131
1.009846806526184
0.8655499219894409
0.8234037756919861
1.3916040658950806
0.917060375213623
1.1951533555984497
0.9672479033470154
0.7017355561256409
1.7136139869689941
0.73447585105896
1.0874241590499878
0.9992635250091553
1.081926703453064
1.0167031288146973
0.8464306592941284
1.049700379371643
1.029975175857544
1.031808614730835
0.794413149356842
0.9610583186149597
1.1340986490249634
1.223665475845337
0.6958144903182983
1.2763664722442627
0.9921287298202515
0.9872546792030334
1.3501862287521362
0.8540049195289612
1.015607476234436
0.7416886687278748
1.3881412744522095
0.9578705430030823
0.7399431467056274
1.2520384788513184
1.1089106798171997
0.8046274781227112
0.9989140629768372
0.954075276851654
0.7901278138160706
1.5226421356201172
0.9390791654586792
0.9915353655815125
1.09201180934906
0.967247486114502
0.8435491323471069
1.4712055921554565
0.9795820116996765
1.094091773033142
0.7303053140640259
1.0170800685882568
0.9588760137557983
1.0802804231643677
1.2386027574539185
0.6738243699073792
0.9752889275550842
1.2161659002304077
1.006220817565918
0.9055262804031372
1.1687226295471191
0.9373525977134705
1.0165992975234985
0.9877625703811646
0.9580074548721313
1.343845248222351
0.529033362865448
1.2732174396514893
1.2285586595535278
0.9167304039001465
0.976113498210907
0.9555168747901917
0.8475049138069153
1.15032160282135
1.1423050165176392
1.1545268297195435
0.8148274421691895
0.8860054612159729
0.9624480605125427
0.9556490778923035
1.3617877960205078
1.0964395999908447
0.6968768835067749
0.8412278890609741
1.2654013633728027
1.0058331489562988
1.1311748027801514
0.8602972030639648
1.327656865119934
0.8007781505584717
0.9968076944351196
1.0096654891967773
1.0836544036865234
0.8281010985374451
1.1308029890060425
1.129649043083191
1.1738797426223755
0.743564248085022
1.0121285915374756
1.0308551788330078
0.9464258551597595
0.9644526243209839