1.0
1.0425907373428345
0.9741725921630859
1.0566420555114746
1.0434526205062866
1.0203856229782104
1.0081359148025513
0.9302823543548584
0.9868582487106323
1.1142925024032593
1.062779188156128
0.919633686542511
0.9650571942329407
0.9887064695358276
0.9805783033370972
0.9685015678405762
1.0483627319335938
1.012027621269226
0.9391412734985352
0.9621841907501221
1.0133837461471558
0.9030169248580933
1.0304818153381348
1.0369768142700195
1.0130302906036377
0.9794031977653503
0.9923638701438904
1.011927604675293
0.9245717525482178
1.0638974905014038
0.9680983424186707
0.9157472848892212
0.9672571420669556
1.0105775594711304
1.0309492349624634
0.9496484994888306
1.0146033763885498
1.000255823135376
1.0829538106918335
1.0365017652511597
1.0224194526672363
0.9476363658905029
0.9582979679107666
0.9107726812362671
0.9032827615737915
0.9382174611091614
0.9432867169380188
1.0100080966949463
0.9966971278190613
0.9982914328575134
1.0459842681884766
0.986343502998352
0.9795671701431274
1.047183632850647
1.0219976902008057
0.9706844091415405
1.0571240186691284
0.9767807722091675
0.9407108426094055
1.0207664966583252
1.006422996520996
1.0597338676452637
0.9633182287216187
0.9788622856140137
0.954834520816803
1.0209563970565796
1.0171759128570557
1.0333470106124878
1.0446265935897827
1.0117852687835693
1.0281586647033691
1.0221858024597168
1.1087758541107178
0.9646868109703064
0.8736380934715271
0.9957995414733887
1.02144455909729
0.9416496753692627
0.9951101541519165
1.0257335901260376
1.060516595840454
1.1312974691390991
0.9894932508468628
1.026305079460144
1.0357412099838257
0.890045166015625
0.9450373649597168
1.0625886917114258
0.995981752872467
0.9691582322120667
1.0197083950042725
1.091118574142456
0.9829117059707642
1.0378941297531128
1.0031720399856567
0.9413780570030212
0.9891693592071533
1.045453429222107
0.8814585208892822
1.001357913017273
0.9861612319946289
1.0349655151367188
1.0729998350143433
1.0024129152297974
0.969097375869751
0.9397355914115906
1.0497912168502808
0.9546330571174622
1.0670500993728638
0.9854621291160583
1.067438006401062
1.0033477544784546
1.0492857694625854
1.0690351724624634
0.9834162592887878
1.0908912420272827
0.9466197490692139
0.9996293187141418
0.9760233163833618
0.9657486081123352
0.9224295616149902
1.034084439277649
1.0843815803527832
1.0396499633789062
1.0131736993789673
1.010168194770813
1.018032193183899
1.0663524866104126
0.9593843221664429
0.9821621179580688
0.9000003933906555
0.9975177049636841
0.9564880132675171
1.00227952003479
0.9796178936958313
1.0021544694900513
0.9895033240318298
0.9714705348014832
0.9816977977752686
0.8945879936218262
0.9454752802848816
1.0147978067398071
1.0137455463409424
0.948900580406189
0.9097498655319214
0.9897141456604004
1.0430691242218018
1.0945972204208374
1.035505771636963
0.9339665770530701
1.0432791709899902
0.9810333251953125
1.006489872932434
0.9737175107002258
1.1141477823257446
0.9858346581459045
1.0899415016174316
1.0008256435394287
0.9918603301048279
0.9878798723220825
0.9948651790618896
0.9675276279449463
1.0237659215927124
1.0215822458267212
0.9993783831596375
0.9869310855865479
0.9582158923149109
1.0186073780059814
0.9561712145805359
0.9719774127006531
0.9476229548454285
1.0013525485992432
1.005697250366211
0.9838309288024902
1.0494595766067505
1.008788824081421
0.9018486142158508
1.087017297744751
0.979721188545227
0.857873797416687
0.9678105115890503
0.9399727582931519
1.019976258277893
1.102956771850586
0.9730477929115295
0.8950691223144531
0.9262514710426331
1.044568657875061
1.0154244899749756
1.0286506414413452
1.0928808450698853
0.9998448491096497
0.9129973649978638
0.9662724137306213
0.953396737575531
0.977269172668457
1.0201936960220337
1.0096015930175781
1.0630656480789185
0.9719454646110535
1.0387272834777832
0.8965360522270203
1.0802267789840698
0.9566344618797302
1.0070304870605469
1.0677695274353027
1.0009180307388306
1.0200316905975342
0.9482658505439758
1.0437391996383667
1.015430212020874
0.9848586916923523
0.9614394307136536
0.9648380279541016
0.9238895177841187
0.9670722484588623
0.9228541851043701
1.0193350315093994
0.9843375086784363
1.0723857879638672
1.003928780555725
0.9620869159698486
0.9696351289749146
1.0222926139831543
1.0678857564926147
1.014559030532837
1.013893961906433
1.0482608079910278
0.9255326390266418
1.0262123346328735
1.0099211931228638
0.9823207855224609
1.056642770767212
0.9696049094200134
1.0034871101379395
1.0115041732788086
0.9752715229988098
0.9841994047164917
0.9960764050483704
0.9999577403068542
0.9644464254379272
0.9677414298057556
0.9241161942481995
0.9723129272460938
0.9745171070098877
0.9990921020507812
1.0322976112365723
1.0105397701263428
0.9603865146636963
0.9863510727882385
1.0096122026443481
0.9904723167419434
0.9110379815101624
1.0172374248504639
1.0760003328323364
1.0543359518051147
0.93706876039505
1.0199507474899292
0.9690405130386353
1.0753984451293945
1.0377897024154663
1.0018155574798584
1.033788800239563
1.0147892236709595
1.0352637767791748
0.9752546548843384
0.9810259342193604
0.9339384436607361
0.9935619235038757
0.9275707602500916
1.008984923362732
0.8929685354232788
1.047400712966919
0.9831225275993347
1.0217845439910889
1.0335617065429688
1.0268255472183228
1.0092847347259521
1.076084017753601
1.0221027135849
1.0615607500076294
1.0298975706100464
0.9455443620681763
0.9403069615364075
0.9552727341651917
1.0365689992904663
0.9877753257751465
0.9694547653198242
0.9597170948982239
1.0489177703857422
1.0475670099258423
1.0057399272918701
0.9469630718231201
1.0062769651412964
1.0080313682556152
1.025730848312378
0.9868050217628479
1.024384617805481
1.0510438680648804
0.9477636218070984
0.943571925163269
1.0103645324707031
0.9530097842216492
0.9777488112449646
1.0298097133636475
1.056820034980774
0.9850857853889465
1.0174131393432617
0.9833675026893616
1.0608266592025757
1.0276994705200195
1.0095915794372559
1.0311810970306396
0.9769265055656433
1.1389247179031372
1.040535569190979
0.9943892359733582
1.1010702848434448
1.0534961223602295
1.034609079360962
1.0335160493850708
0.975385308265686
1.0027694702148438
1.0364134311676025
1.0305231809616089
1.014386773109436
1.0319185256958008
0.9361732006072998
1.0286747217178345
0.9815894961357117
0.9960957765579224
0.9420747756958008
0.9767128229141235
0.9930084347724915
1.016839861869812
0.9555514454841614
0.9718688130378723
1.017521619796753
1.003875970840454
0.9489067196846008
0.9798804521560669
0.9970362186431885
0.9833515286445618
1.0021498203277588
0.9276937246322632
0.9955608248710632
1.0321297645568848
1.0767815113067627
0.9192624688148499
0.953651487827301
1.0310829877853394
1.0917130708694458
1.0438957214355469
0.9673792123794556
1.0158753395080566
1.0074286460876465
1.054816484451294
1.0761076211929321
0.98885178565979
0.9702023863792419
0.9913623929023743
1.0220779180526733
0.9763822555541992
0.9361518025398254
0.9820395708084106
0.9605165123939514
1.044590711593628
0.9526746869087219
1.0133243799209595
0.9633443355560303
0.9822400212287903
0.9148710370063782
1.0309550762176514
0.9547987580299377
1.0960533618927002
1.034305214881897
0.912611722946167
1.0039891004562378
0.9894601702690125
0.9532378911972046
1.0048164129257202
1.0359472036361694
1.0422741174697876
0.9839459657669067
0.9251402020454407
1.023796558380127
0.972374439239502
1.0834569931030273
0.953104555606842
1.0581377744674683
0.964156448841095
1.005977988243103
1.051501750946045
0.9565373063087463
0.9288796186447144
0.9767872095108032
1.0392341613769531
0.9806214570999146
0.9207352995872498
1.0668233633041382
1.0123616456985474
0.9999381899833679
0.9634844660758972
1.0377119779586792
0.9970932602882385
0.9600999355316162
0.9506861567497253
1.0041871070861816
1.0148553848266602
1.0457090139389038
1.066635012626648
0.9314211010932922
0.9463218450546265
0.9467737674713135
0.9880386590957642
0.9233762621879578
1.0584139823913574
1.0077933073043823
0.9715465307235718
1.023585557937622
1.0229650735855103
1.0313812494277954
1.016904354095459
0.9578242301940918
0.9470272660255432
1.0651594400405884
0.9666696190834045
1.042020559310913
0.954167366027832
1.0870306491851807
0.9902825951576233
1.0401979684829712
0.9795092344284058
0.9753099679946899
1.092978596687317
1.0701595544815063
0.9773164987564087
0.9509742856025696
1.0282765626907349
0.9579940438270569
0.9548059105873108
0.9668954610824585
0.965512216091156
0.9659423232078552
0.9750852584838867
0.9936923980712891
1.0629874467849731
0.9876298904418945
0.8695810437202454
1.009856104850769
0.9262263178825378
0.9354919195175171
1.022094488143921
0.9139702916145325
1.0344253778457642
0.9518716335296631
1.059542179107666
1.0257108211517334
0.9522066712379456
1.0357714891433716
0.9973562359809875
0.9864971041679382
0.9856587648391724
0.9889417290687561
1.0066519975662231
1.0295007228851318
0.9709131717681885
0.9790204763412476
1.0148720741271973
0.9530019760131836
0.9735738039016724
1.0376750230789185
0.9009981751441956
1.0780786275863647
0.9245247840881348
1.0284448862075806
1.0998448133468628
0.9495562314987183
0.9155490398406982
0.9620825052261353
0.9942197799682617
0.9686185717582703
1.0593308210372925
1.0138723850250244
0.9701645374298096
0.9407161474227905
0.9936425089836121
1.065451979637146
1.0032883882522583
1.0471155643463135
0.9980180859565735
0.917630672454834
1.0347007513046265
0.9774001240730286
1.03437340259552
1.0657463073730469
0.9798717498779297
1.0639241933822632
0.9329734444618225
1.0382871627807617
1.0457606315612793
0.9675435423851013
1.0545865297317505
0.9989120364189148
0.964318573474884
0.9832113981246948
0.9949221014976501
0.8671794533729553
1.00997793674469
0.9696285128593445
1.00282883644104
0.9821310043334961
1.0717461109161377
0.9674691557884216
1.0723634958267212
1.0626156330108643
1.0464110374450684
0.9096681475639343
1.0173150300979614
0.9699448347091675
1.0722061395645142
1.0388753414154053
1.0569120645523071
0.9592607021331787
1.0218420028686523
0.950394332408905
0.9637219905853271
0.9942190051078796
0.9811432957649231
0.9964960813522339
0.9988336563110352
1.0099005699157715
1.0171946287155151
1.0623679161071777
0.993489146232605
0.9742231965065002
0.9498476982116699
0.9591010808944702
0.9849468469619751
0.9589625000953674
0.935286283493042
0.9940006136894226
0.9723889827728271
1.0419838428497314
1.0902928113937378
0.9930465817451477
0.9791884422302246
0.9390345811843872
1.0024408102035522
0.9446532130241394
0.9890314340591431
1.0467240810394287
0.9637890458106995
1.0773694515228271
1.0827959775924683
0.9197869896888733
0.9804362654685974
1.002250075340271
0.9262691140174866
1.097657561302185
1.0610661506652832
0.9998039603233337
1.0793612003326416
1.056872844696045
1.008155107498169
1.0114564895629883
0.9271284341812134
1.0036038160324097
0.9732497334480286
0.9864371418952942
0.927943229675293
1.0147438049316406
1.0176174640655518
1.0282909870147705
0.9836698770523071
0.9055252075195312
0.9585889577865601
1.052621603012085
0.9954088926315308
1.058467984199524
1.0067448616027832
1.0481094121932983
1.0684218406677246
1.0120278596878052
0.9699532985687256
1.0575532913208008
0.9861560463905334
1.0395327806472778
0.9862541556358337
0.9829632639884949
1.0366026163101196
0.967310905456543
1.0023912191390991
1.0666007995605469
1.1001404523849487
0.9125679731369019
1.032814621925354
1.0346968173980713
0.9964083433151245
0.914220929145813
0.953818678855896
1.0251895189285278
0.915962278842926
1.0484594106674194
0.9895052909851074
0.9760419130325317
1.021083950996399
0.9174855947494507
0.9877845644950867
1.0236083269119263
0.9291951656341553
0.9695507884025574
1.0177769660949707
0.9847316145896912
0.9762840867042542
1.0650049448013306
0.955398440361023
0.9972999095916748
0.9870045781135559
0.9769695401191711
0.9409789443016052
0.9775955080986023
1.0535798072814941
0.9315007328987122
1.0956718921661377
0.9925716519355774
0.9469792246818542
0.9106426239013672
1.0322656631469727
0.9702037572860718
0.928091824054718
1.0252677202224731
0.9184203743934631
0.9863129258155823
0.9929636716842651
0.9742248058319092
1.0439385175704956
0.9389874935150146
1.0937625169754028
1.0220439434051514
0.9619669318199158
0.9921977519989014
0.935580313205719
0.9691252112388611
0.9927111864089966
0.9728060960769653
0.9612962603569031
1.0207990407943726
1.0085476636886597
0.9501665234565735
0.9941907525062561
0.9525418281555176
0.9473538398742676
0.9092140793800354
0.9914499521255493
1.0162663459777832
0.999937117099762
1.0180820226669312
1.0650315284729004
1.04283607006073
1.0592610836029053
1.0357732772827148
1.0313318967819214
1.0090744495391846
0.9794265627861023
1.003808617591858
0.9649333357810974
0.9783962965011597
1.0150023698806763
0.9527829885482788
0.9962949156761169
1.0527292490005493
0.9785494804382324
0.981603741645813
1.04488205909729
0.9846726655960083
0.9919701814651489
0.9317886829376221
0.9539231657981873
1.055690050125122
0.9889309406280518
0.9641166925430298
0.9915085434913635
1.080862045288086
1.031784176826477
0.9828932881355286
0.9427186846733093
0.9481565952301025
1.0220513343811035
0.9556615948677063
1.0174803733825684
1.025785207748413
0.9933533668518066
0.9515761137008667
1.0413590669631958
0.9669886231422424
0.9805532693862915
0.983668863773346
1.052002191543579
0.9895035624504089
1.0129302740097046
0.9845689535140991
1.030864953994751
1.044922947883606
0.9857749938964844
0.9384395480155945
1.013514518737793
1.0156943798065186
0.9973502159118652
1.017467975616455
0.8807306885719299
1.03554368019104
1.0367192029953003
0.9982663989067078
1.0384581089019775
1.0185585021972656
1.0161231756210327
1.0221731662750244
1.0202151536941528
0.9589545726776123
1.0628390312194824
1.0259301662445068
0.9809860587120056
0.967502236366272
0.9801432490348816
0.9655485153198242
0.981369137763977
1.0923439264297485
0.943077802658081
1.0352728366851807
1.0527516603469849
1.0717543363571167
0.9257447719573975
1.0440081357955933
0.9678634405136108
1.0916270017623901
1.0537259578704834
0.993330717086792
0.965509295463562
0.9690707921981812
0.9793580174446106
1.0394030809402466
0.9899787306785583
0.8710588812828064
0.9805472493171692
1.1039682626724243
0.9051154851913452
0.984180212020874
1.0183212757110596
1.0800949335098267
0.9645276069641113
0.9982892274856567
1.026188850402832
1.0267657041549683
1.0764360427856445
0.9798831939697266
0.9376428127288818
1.0118694305419922
0.9813029766082764
1.0265315771102905
0.9851397275924683
0.9636819362640381
0.9618715047836304
1.01617431640625
0.9719897508621216
1.017079472541809
1.0024423599243164
1.1071358919143677
1.048568844795227
1.0117506980895996
0.9512645602226257
0.9682472944259644
1.0309786796569824
0.9747363924980164
1.0047547817230225
1.0317226648330688
0.9819009304046631
1.0141160488128662
0.9708090424537659
1.0022008419036865
1.0374774932861328
0.8903653025627136
0.9419429898262024
1.0080686807632446
0.9791437387466431
1.0480729341506958
0.951693058013916
1.028630018234253
1.0396453142166138
1.0221571922302246
1.093887209892273
0.9109892249107361
1.010793924331665
1.0204955339431763
1.0073771476745605
1.0725210905075073
0.9422498941421509
0.94309401512146
1.0307402610778809
1.038748860359192
0.945533037185669
0.9967610836029053
0.9671712517738342
0.9201685786247253
1.1082555055618286
1.0002987384796143
0.8829529285430908
1.0050567388534546
0.9943059682846069
0.9650606513023376
0.9139348864555359
0.9157500863075256
0.978143572807312
0.9836128354072571
0.975102424621582
1.074513554573059
1.1273081302642822
1.0397275686264038
0.9686405062675476
1.0185953378677368
1.0033077001571655
1.0574909448623657
0.92836594581604
0.9592871069908142
0.9253949522972107
0.9944939613342285
1.0945138931274414
0.940827488899231
0.9168696403503418
0.9054187536239624
1.0534998178482056
1.0847188234329224
1.133013129234314
1.038714051246643
0.9955344796180725
1.2256993055343628
0.9538396000862122
1.0291903018951416
1.0990201234817505
0.997681200504303
1.012093424797058
1.097394347190857
0.9664158225059509
0.9887771606445312
0.9519996643066406
0.9483943581581116
0.8712513446807861
1.058943748474121
1.2000930309295654
0.9734635949134827
1.091676115989685
1.0522856712341309
0.957179069519043
1.040688157081604
0.9785153269767761
0.9733585715293884
1.0670804977416992
0.9632014632225037
1.122821569442749
1.0260547399520874
1.0036885738372803
1.024266004562378
0.9375235438346863
0.9859053492546082
0.9977037906646729
0.9330254793167114
1.0837008953094482
0.9752030372619629
1.0774497985839844
0.979011058807373
0.9168683886528015
1.2215672731399536
1.0067253112792969
1.2723901271820068
0.8287857174873352
1.072040319442749
1.0469210147857666
0.9213057160377502
1.041239619255066
0.9986361861228943
0.8673098087310791
0.9768410921096802
0.9610695838928223
0.9609095454216003
1.001244068145752
0.9992798566818237
0.9264447093009949
0.901623010635376
0.9964990019798279
0.9503317475318909
1.0436224937438965
0.9994337558746338
0.9625691771507263
0.9425058364868164
0.9740778207778931
1.12766695022583
0.9822574853897095
1.0800094604492188
1.2021249532699585
1.0485882759094238
1.0532034635543823
0.957271933555603
0.8861936330795288
0.9740922451019287
0.8317490816116333
0.9470716714859009
1.1008046865463257
0.8795757293701172
0.9770501852035522
0.9377961754798889
0.8692377805709839
1.005731463432312
0.9848031997680664
0.9490544199943542
1.1883538961410522
1.0348446369171143
0.9996291995048523
0.957251787185669
0.9374767541885376
1.0807996988296509
1.1404716968536377
0.9249765276908875
1.0169310569763184
1.059003233909607
1.1626251935958862
0.9964221119880676
0.8854382038116455
1.0216432809829712
0.9846138954162598
1.0456428527832031
0.9882131218910217
0.8243117928504944
0.9627999663352966
1.0016279220581055
1.0808982849121094
0.9458910822868347
0.9690881371498108
1.1646150350570679
0.9797038435935974
1.1604453325271606
1.033453106880188
0.9276407957077026
0.9921400547027588
0.9754714369773865
0.9863802194595337
0.9646347761154175
1.0695390701293945
0.901999831199646
1.048946499824524
0.9791216850280762
0.9468559622764587
0.8632212281227112
0.9763135313987732
1.0472408533096313
1.1383367776870728
0.9281324148178101
0.9623599648475647
0.9682424664497375
1.1015057563781738
0.9680545926094055