11835904
18211264
24240320
27493824
26084544
20576384
18817408
15956672
20207424
21958976
18335296
13865344
21280000
8726784
9666880
7904960
8258048
7664256
6495808
5842048
5776640
6310528
4690944
11538752
4599744
7799488
5108288
8729600
3604032
3497792
2684096
4789056
3734336
3572544
3894016
4373632
4560704
5138816
2386176
3555392
2284800
1526208
4982016
3909824
3040320
1589760
2487296
1686272
2192192
1498560
1727808
2382016
3860288
1235584
3272064
2030976
1828928
2413056
1180800
2096256
4056320
2290688
1153600
1948096
1504000
2452416
2411072
1806912
3795136
1168512
1555520
2580736
1249600
2383936
3753344
737472
1645952
2992832
1618368
1563904
1522112
2050176
798400
971648
1231808
1396032
1817536
962624
1951424
1066432
1553024
1230656
2741952
1160576
1061376
1146432
1566400
2855488
1317952
1190400
909440
980416
2420352
3682176
915008
1165056
856704
1659008
576320
808960
1432576
1097792
580928
1511040
1905920
1083008
881408
1487040
737216
1039616
1974016
1516224
1567680
1607936
690112
879104
881984
1298816
646912
1136192
652096
1374656
1500544
443968
1205568
1410880
1296384
967936
764480
1401216
396480
996480
844416
467840
471104
1090368
1079104
1282176
824320
1481728
1636480
2225856
1451072
578112
923008
672000
784512
1741504
372288
1088000
3225984
1498816
413760
950784
515200
414464
749888
1309056
1460992
634112
522880
830848
1581568
429376
1055552
3042624
227520
458944
718144
653952
300032
1044352
451200
1319168
1240576
1134144
380736
502720
611776
920384
1320192
1153984
1110976
1659968
370816
323264
1014848
522304
459520
385664
1067008
531264
1119552
261632
2121152
451712
1079040
469056
906432
452800
1097984
1907584
548608
170496
230080
626880
575552
727424
230208
377856
224960
484416
504192
312000
1144064
2975808
324352
3251968
1064064
772288
2321152
1006976
1899200
210560
332800
551104
750976
806144
890688
334528
443456
764480
3317696
255232
189632
1319552
137984
566400
1689728
1827712
666048
3102208
162112
1365504
394752
483520
307776
331648
260032
229056
1543808
277824
822272
1192320
230208
457664
760704
1220992
1943040
2463616
474240
633536
419456
250432
979072
1824000
158208
772800
170944
1167808
1064000
291264
553984
1933312
448192
945664
1534912
416768
1483200
746496
382848
255040
349568
769664
1500800
1194304
765888
540288
1582400
929024
721728
716032
216704
299136
208000
1212800
932800
719744
547264
277632
590592
624384
2112384
103808
1871872
185280
922496
771712
170432
1033024
1292608
596672
1668416
176896
315584
1997760
307584
127232
444288
1076480
239424
322176
2330624
754240
885952
1333760
519552
2207232
1205696
94976
128192
147136
622784
1259840
309184
3010688
4387648
580736
124480
236480
520064
199616
236800
424128
877376
5768256
282176
220544
748160
148544
589376
2220800
718976
423872
358464
152192
158848
1283840
903552
161472
706752
308992
281728
2004864
397312
884096
430656
1606976
820480
4334144
2885568
74368
514048
551232
1520192
1112384
649216
989888
1773440
463168
248832
1020096
836160
250368
300352
784960
252544
1447616
2236288
792128
190784
504512
4022016
161920
2387264
143104
456384
684544
282944
325760
406848
299008
692736
229312
327040
402752
948992
812992
460288
3509312
1323200
926464
1315456
224832
298368
1009856
512704
417344
435200
415680
2541568
1061696
1544320
692992
129472
544768
188032
274304
342336
569664
3015744
281792
1117952
648704
298240
1890752
2346240
2888768
297408
806272
724864
557056
2083392
278464
482176
204608
106432
957120
3100736
282944
229760
1326592
1688192
310848
296064
695808
143872
450944
436864
183040
1079360
143296
535872
1485248
392320
227392
900672
1261888
2493248
2967872
1307520
5229440
1345344
260480
165824
313600
387392
392960
206464
540416
261376
1846528
374272
682432
1635776
478976
269952
1017024
452416
160320
795712
238848
525696
979200
860864
1610560
570560
166272
4079360
912256
1283712
2291456
220416
285568
436672
990848
195456
763328
813888
380800
308416
1215232
1376000
1177024
332928
1615296
673856
1946688
964992
841536
638528
176768
459840
1218432
2590016
2059200
613184
1388608
2721856
1721216
248832
852608
1898432
2577472
4253760
1315392
1429824
371200
2169728
593664
682944
843264
488192
1256128
3444352
347712
1034880
241792
558400
498368
1769280
1230784
3299136
194048
152000
784128
631360
975872
339200
563776
368320
781760
163072
236672
936960
1650944
704320
1137984
1096256
265408
537600
518144
824768
301632
1005184
326976
2122368
740544
576320
414144
806016
910208
697088
129408
618624
1487616
824640
2014144
99776
673024
298560
2830016
272192
635392
396288
755584
5226368
2857792
2667840
857984
1222400
2472000
5711616
1679040
354304
3013952
785088
1105216
1314112
2712832
2068416
749824
1587904
415360
460544
961664
1022656
5404032
767296
2785600
2614016
3119808
659520
1730368
268992
1731776
225152
382528
655808
254720
1635584
541696
729792
796352
674624
478912
2138176
480576
769472
3763072
821568
369984
144640
475520
908032
260352
176128
705600
183552
1808960
1661760
301504
769856
383296
741888
536640
719616
560064
1408704
709056
744448
446080
384832
1892544
1908352
354880
3735872
751360
753728
1657664
139520
510016
550272
565440
1066624
1601600
296832
176384
2080576
1460864
1340416
846784
507456
767552
194176
1775168
2523264
134592
400576
1640576
2394112
2062208
163136
382720
1404160
388992
469376
1279808
303488
1115584
946944
927808
220800
698368
1844416
461440
1046464
3849088
3119936
5309184
3366592
1369344
438656
332800
206656
137024
226368
645888
510848
4253824
2583424
880960
1220352
3056576
254080
426176
429888
339392
318848
2405120
2676800
5093376
1133824
1047360
800000
253056
916160
254464
255808
217728
174272
620288
1728576
1740544
687168
264896
141888
462528
683712
456320
791936
1088576
1056128
610432
2323968
1621376
607040
2533248
1577024
6816512
510976
819456
502272
327168
698816
623872
615680
864960
369600
1560768
2404416
3775296
378048
834176
3620992
854272
897472
268992
1258624
900928
1524032
767360
2221888
931200
1264704
8867520
3541632
1044288
6092096
828032
313856
536320
339456
515392
602880
174080
1834112
1005056
2508608
3692928
815040
213696
424704
116864
1236160
669760
473536
195456
1188992
1355264
2053056
1625408
1141248
1567424
645504
537152
738560
678272
751872
478400
874752
794368
1460352
1804032
655552
508288
453824
1215360
234560
318784
241792
652544
1018624
386688
259264
670080
998656
1345088
1749632
2392832
3820160
129088
460032
3156608
2475904
638656
597120
524928
828608
2244864
506880
715136
720192
1426880
1634688
4348544
719040
635584
312512
808768
1270656
440576
2033984
2408704
1250944
301184
1379712
994048
197056
417664
1595008
1250752
4456320
1319488
3802816
1472704
1199104
851200
3459328
622528
522048
294080
460160
623744
2318592
3704704
249472
1791616
2360960
1062400
486016
1096000
861952
764224
605696
658560
5247872
590784
2014528
3380928
453376
324672
435776
246400
711296
218176
1513408
1317632
720448
1065984
844480
1367360
3091776
722624
934272
245568
755264
346240
1127488
598976
252032
1393728
371072
574016
305088
760064
459008
2651584
1662528
1705088
745600
691904
472256
451584
2281984
1262336
964224
1160896
407872
2727616
885504
1657536
838272
837632
2339520
756288
542720
2005696
1535936
1877120
541568
707456
8506304
2970880
1486528
553536
856384
1420928
300544
586048
1030080
1163392
1655616
583168
3098432
2309696
1076096
676928
991424
958272
1604864
1330432
1683392
2461056
673536
5679104
3375360
4224320
319552
275200
378944
359744
1883200
551488
328320
514816
367360
384128
963008
753536
3570880
3054144
609984
2945408
1884544
4118656
689984
3425408
1043776
4152192
214080
315328
909568
255232
329472
462400
1975232
458816
2877376
650176
487808
1104000
1210560
676096
720256
521024
1989888
985216
1131968
2168512
2440832
231680
1489088
777856
6907584
763008
1542016
1983104
366272
1479936
1306432
424832
2691520
307584
512000
770880
895104
1869952
5774656
2903872
4789056
1617280
265920
980992
406656
624576
966912
606976
4695488
737024
2454592
9277568
2700800
1307968
278080
345472
444992
1273344
1067328
236480
377792
419584
797376
1657664
503744
2289536
1635328
2298880
1006080
1253696
233216
434688
894848
1121792
2987840
1171968
406848
1677696
2970048
458752
608000
513216
1490240
1009920
814080
1833664
7926272
800512
1936064
865088
380544
901952
469120
636736
4309184
4987136
2854080
5273664
594240
306816
281792
400384
684160
2824576
2053824
1860992
1638592
3923840
435136
947648
759488
1477120
1425472
1011008
1342272
1413952
577920
511552
1881472
1761216
569536
986112
1825792
1743808
771008
622080
335872
814528
657792
2395712
945600
690880
4040960
777408
2749120
3461056
2689216
1215360
3606336
1036608
2714880
283904
835264
627072
333440
790400
955648
2170944
2635904
590848
2202560
3391168
690240
1252800
418368
965632
3659840
3204544
284736
722240
1127936
1112384
2320384
2040576
6617920
550784
317056
711808
1148928
1462656
1533696
453504
531200
1332480
2912192
2166080
1648192
2065856
1017728
369792
1148800
371712
1057536
798592
1779072
2664768
1764416
1358144
2603264
2202432
2396416
893440
979648
862592
369152
445760
406464
2356608
336128
1267968
3454400
2387584
2486336
600448
635840
3616576
2951744
2062976
267072
842240
565440
319552
561216
1184512
2251008
1890176
1092160
1579008
1140224
1674624
449280
521920
643648
1864512
904640
964928
769728
355520
1935488
903808
452032
1655424
526272
3903104
1480384
408064
427328
594368
1521408
636864
658624
277312
3096640
1785472
1738432
2186944
2825088
4914304
3491968
1961216
1195200
2135808
613568
171648
306432
1219712
407424
2806528
1560000
1426432
918592
1810368
2689984
894848
2299968
902848
558592
1489408
644800
279680
735296
1189632
3175168
2235456
2185344
2881344
1668800
453568
3103360
2195136
2211968
2298752
2157696
851200
810432
1783488
1125440
715456
730112
2117696
1788288
3175296
1696128
1657152
1076544
986432
816512
4795136
1873856
1932544
2268736
2862208
539328
321344
646656
2379968
2587136
1295296
1098112
2832832
2668416
5537984
1085952
2626048
1086336
1071808
2467264
5219712
1991744
2153920
986112
1980416
1034752
470400
1353280
1191424
658624
424064
2168192
916608
1418112
1773760
2226176
1021952
1347712
1476864
313984
1474240
1646912
1985344
768640
256256
817088
1570880
490880
1822656
1362752
3456064
1848576
3139776
2358144
806976
450880
310976
241536
1076928
908480
514624
795584
705024
1310720
1587264
6290432
992448
1418112
1044864
560960
834112
585600
415040
781376
3005376
928896
2512192
3391744
1473152
579520
1282688
1478592
3558016
2964864
4695936
3145600
1201536
461824
4229056
864704
1573312
1238144
1512384
3200576
1533440
1139648
2134912
2367616
286784
1178176
2924608
3559680
1016960
697920
4884672
835264
846976
1735360
2345216
177280
231104
279040
392704
3850112
344576
557824
1748544
807296
1086784
1518912
384128
1359168
482304
1387904
499840
1750848
946688
925696
2412800
1868672
2802560
2522432
281792
1559360
1419520
376064
674880
2054464
1127232
1792320
1154496
1604736
1314304
1496960
2258368
1868736
1664128
865536
549248
2524608
1024832
3059200
587136
884160
2397376
2278336
821376
820288
642240
2615680
3381888
925696
1226880
533184
1176128
3447104
6385088
726592
606784
1878720
1200960
475456
1390912
673024
1088640
1868864
1227584
2214848
2306176
1870272
1237312
358208
517504
4405248
623360
728576
1444928
4961088
1528256
326144
1165376
897920
1262080
1440384
788864
784128
1499904
557696
1029952
528256
1257984
962432
3132928
962944
2729792
1327616
2400192
2740032
809728
543232
783168
284800
2691712
1630016
492608
1359104
4527680
4678720
421888
551424
3336000
3459904
861504
411840
659456
1682880
573760
2599872
1904704
2737152
918976
1520064
4331264
2344064
1429696
3151424
3815232
4675456
1010944
402304
923456
562432
584192
1036288
1744576
798080
1118656
782336
1538240
2611008
1181184
3513920
2305856
753920
8554944
600000
2453056
1677888
1630272
3715456
1974848
2135936
985856
3392448
1537216
749120
542528
1099968
549248
1013248
794688
1690560
2991872
1753344
687616
361600
790784
2483328
2947008
1465856
1021376
1852480
2915776
480896
1748800
3104704
2247680
7784960
878272
1551360
601664
1284608
3015168
703168
1448512
552768
5784704
290112
310784
576384
1462016
1359488
1016448
2204224
3125504
6601536
1618432
1758400
933184
682560
1672896
1588928
1356352
1434432
719424
233216
577152
1766784
454016
1543616
2020992
1132928
694336
1482944
1152128
2068928
1599936
2925696
1912064
2790208
1071488
3456128
456704
5336256
1188096
332800
449088
3610560
5287168
3086976
609664
1247552
1060544
1803776
819200
1736768
1647872
946496
599808
908800
2356288
2692800
899584
1659520
4781376
781440
1062848
809856
6975872
340928
984576
1459968
1272704
846400
1146368
1665536
883520
506432
573056
1580672
2453632
1795968
1356992
2720768
1076096
2725824
616896
2260992
1211008
1578624
3867136
240128
4272832
7089792
3427968
1569152
1453120
675264
2171072
207360
1730112
327808
352512
696512
2067904
1543552
591808
2092352
4611392
712512
2170112
232960
1174528
2209984
3201600
828608
1994560
3051904
2052928
1195392
1679424
1198272
2934208
1042688
732544
893376
1151424
1623296
1232896
6473152
1356096
471360
1067776
1521984
2533824
2886400
639552
2523136
526528
301440
679872
776064
200512
390528
572288
1626048
1232384
458688
1765632
3761600
2906432
7473856
1060416
804992
742144
856768
546112
586368
1009792
538816
888576
5503232
2224448
3708352
1204672
454400
687488
411392
1386176
718144
1734720
3547712
232704
579968
1204928
1188544
7528448
1240000
7831168
281664
984704
2411584
325888
1245376
1464832
623808
1433728
1063744
1126272
1203904
1124288
2867968
850240
4156288
1851712
2242240
798464
680128
3525632
292544
893056
551488
2539712
2512832
1972416
3238592
1884352
1109952
1616896
2733376
1223232
1982080
1185408
1132992
1795904
6311424
709440
1201984
607808
1242240
4615040
245440
968384
250112
402112
829632
1321792
996032
2771712
1004736
1770688
2023872
2037696
9167168
382656
836352
426240
1145216
2345472
2017600
1786624
909760
361344
584960
392896
1215680
1773120
1191744
5904640
1985024
4661632
663104
643072
3538368
750016
1034816
1259072
4099968
260992
1546688
1350336
220672
231104
2839424
1347328
1872576
2986048
889920
3074176
2342912
2724608
598528
1154112
1798912
1738880
995200
2300224
921664
370880
774656
4278528
2000896
1169536
485440
2974272
421824
935808
1620416
2432192
1610240
772864
480960
767104
796160
419328
1481152
7838208
3023168
2580160
763840
5222848
4012096
1912384
1833344
1248832
1029888
988288
2047808
3270912
1604800
1662720
1050944
388928
404736
421312
833856
1721088
4064704
1485440
1299456
714944
1948864
1326976
2827328
2036480
1250048
1992448
1674880
291840
442432
1510144
1235648
919296
1993408
768960
576064
1078464
3310848
2280448
1366272
2197440
2168192
1876416
2920704
995776
2137984
1024256
3568768
1699712
6491008
612864
1839296
1656896
1828480
1152064
1921280
3130688
1303168
4175808
1013056
2578560
2765888
1500672
3420992
453376
820544
2985600
316608
2503232
371264
463104
1493440
1955648
1336320
2211200
491008
269184
2955456
1822656
1391104
1699648
2319424
2346432
3921088
1087744
2015808
4623744
461248
387776
4575744
1791680
749568
760512
1738240
1541696
642112
752448
668416
252672
3169600
866432
3035200
1506048
2813184
4444096
1088512
905472
1084608
4102976
284160
568576
364224
313216
1473344
545536
723392
2656832
1703040
4039616
1826816
1917952
4191104
3331712
6786560
507840
3333696
2321664
3078144
450624
1412736
316416
424128
1161344
608192
803200
703552
5999680
1465088
1017536
2821440
515968
4205312
191360
1829440
324352
502912
3046720
1948032
2802496
1933248
1446272
2264448
2030336
791488
984256
2537856
982464
810880
248320
1031808
360384
3912832
2935680
884032
809792
1216512
1707968
893568
1208512
3109760
2851712
5045056
997952
1451456
7894208
2459904
1413632
1191808
4513792
252672
1171968
395648
1208384
3381696
1028224
607936
521152
531520
1416064
6513536
829888
7825088
983168
1333824
847744
607296
1436992
834304
356288
674112
698816
1534848
758272
913664
2118336
742528
1360768
1125056
8356992
320512
1609600
174720
659072
778368
427008
632512
2068544
4764480
320512
469440
1505280
2775360
1382528
958208
924544
677696
5425472
794944
969152
383488
579072
1641728
2113280
936576
483456
635328
2245120
1241024
1242816
3790528
2070720
507520
689728
3280960
682752
787328
933376
1665728
4288064
633088
1276736
951360
455680
1221184
1040960
2395328
799168
1590912
4734272
4544320
1123840
2091392
2081984
3249216
1076992
434944
2259328
728512
1701888
386880
298880
2949632
2754368
2349056
503424
1814784
455040
1086720
234304
6226624
1044032
2757568
3952192
753344
484224
723008
1324864
2127616
1511168
1561984
2405888
5952960
2553728
2149824
827072
1523392
591360
1609856
1544256
467968
816256
2966528
639808
596416
1096192
550592
407680
1254080
252992
1100928
580288
4893696
2796352
4231296
150400
1003200
1047104
1358656
309376
430592
964032
920384
2533248
2840000
1327680
1525376
4553152
1757440
407744
1187648
1646912
814144
1258240
384256
671488
519424
810880
1635840
2066944
1592128
3003648
4562496
636544
1150976
1313984
4118208
1452800
1878272
1207104
3082304
432896
1920896
916608
1318784
1002752
625344
1454208
1705664
525568
3884800
243520
704128
966976
805568
1280640
2744192
727808
2030080
770048
303744
1515264
4077888
1328768
3076864
1662080
992320
1709632
657344
1087872
586560
2366720
707200
1332992
4249856
1210944
508224
2593280
3605312
1186368
1842432
3100992
5669248
1594240
770560
1117184
3689024
2291072
1407552
3737024
816512
1853120
514048
581120
671936
2053952
1191104
2535104
798784
3817792
974208
5592896
2938560
1816768
2923200
709568
605760
267776
1861632
1818432
937472
554624
451008
1445120
2098624
1191680
1346432
539136
6353472
7529600
1639424
492992
3505024
1439360
4943616
1032704
1297920
1078272
544640
955136
1613120
1934720
1326528
1525632
846400
871424
3093184
3249408
693440
2169088
3335744
1104640
715072
3201536
1171840
398656
1575168
1443648
496832
2177984
3887168
564608
5570880
4656000
1437504
1780992
692992
4825984
289408
2698112
281152
1682368
1134784
2158400
739200
533312
1069504
1517440
365952
940352
799232
829184
2441920
8121920
492352
2193280
702400
2492736
734912
3923200
2063680
1369344
3803520
1011072
1573568
236160
750080
1140672
109440
680064
2704640
1344512
921088
809984
705536
1419008
1329728
1813184
2843136
1105472
2175296
3269568
2673088
1919104
1423360
5481984
649664
659072
855232
849920
4490048
2388928
1614400
1437888
853120
2345600
2392704
740544
1704960
351808
269824
729408
681216
3513344
2291840
2240768
1528000
1534784
212288
306752
1053312
3698304
1315904
878976
488384
224000
436288
1034560
2997632
669376
1454912
1636480
1110016
1379136
4007552
2846976
454400
3915200
593664
841920
2180032
797824
1512448
1420672
583680
3050816
302336
1897024
3218816
902464
870272
4256256
880320
717568
440000
778368
3281920
970752
1524416
4190784
345024
2245312
5788032
1068352
2504384
1492992
208448
1264000
1028160
656000
1252224
798976
770944
1451968
2411136
797056
4093952
4551360
161728
916544
1127424
302976
559360
489536
404736
1042624
1281984
4121024
1121984
2682112
3122368
4478848
1074304
866688
6123968
1094080
473408
1269952
1439104
830272
1079040
1551488
156096
1142592
1410432
5261248
3271168
2411520
1297664
4063808
577984
558784
1044544
1222144
3226496
359296
766976
873024
435584
1676864
1208256
1071168
1551872
628608
1292416
1854464
1475968
1487744
3851456
4344448
2153984
3675136
1040960
279552
274816
1622400
1992576
1315712
2254720
472192
3437056
2108224
808192
1658688
5036736
5136000
3160576
373504
3630464
604288
260800
317312
237248
600064
1334720
846848
953024
1279872
2950528
1336576
2606464
1210496
1608256
511104
387136
4844224
352384
1521728
1359744
3145792
739456
1723456
1581376
623232
4613184
5561024
687488
1120512
1524480
639488
168768
181184
1914048
2081216
3319232
1135104
1248768
2138432
3277696
5845504
2580672
709632
2086784
920192
535104
435776
468608
842816
11206080
2298240
2617792
3518272
4122304
705280
469952
161408
893824
1773504
482304
842816
1404992
938048
870976
2607552
715840
2136512
745472
524288
770304
5242624
373760
2892864
2277184
1096320
1369024
823488
1041536
2826240
896128
9418048
4680128
1007424
1985856
2237376
315200
1793088
1424704
2662336
500352
729920
2446784
821952
876544
1767488
857984
577024
908992
1129600
1646208
670976
578880
250688
683776
2735168
1004544
333760
3141568
957376
915008
1870592
1470080
594688
365760
802048
3454080
835072
3050624
2069440
2738560
456320
472384
1301504
619520
2337664
1907584
1592064
1242688
883648
5285696
1817472
2182464
3313728
1301696
259072
460352
2351552
654144
1820608
769600
994176
1561152
2356480
2405760
712448
4097536
610048
376960
5643904
465920
2314752
1107904
1865472
5676032
742784
223680
1051328
1958656
1708288
7028544
234880
742528
4792064
3034624
1020032
3761024
2815488
168320
1707072
3395712
440064
3049344
9072448
2109184
984576
2255744
723968
195456
644480
1107072
1146432
338048
903360
1444672
1311296
406144
1431040
1101376
1658752
1606336
1909632
1827584
2758720
919488
2932992
2728384
1645888
375744
537216
654016
1122624
2554688
672704
892352
317504
417216
782016
2927104
868224
1330496
833280
374464
1837120
897280
2996736
307776
2139712
1318080
2294208
2947840
844160
2615296
342720
5021632
5149632
3060480
457984
1347776
425472
731328
1854976
423168
1143168
309440
645504
772992
2507136
2685120
2083200
1291072
2332672
711296
380608
632448
2693504
501056
1629184
1937152
1908992
2464960
496832
404864
1160960
3562816
1394560
867584
1389760
1349440
1914624
1689536
1992064
1590016
2917824
1054784
2733312
483456
549568
1256448
2155840
3459072
3972928
209216
5235904
568128
346688
2251072
573248
5779776
678208
380160
1688128
1397248
1190208
2081152
2461888
285184
2253120
413312
793536
1578112
3047808
3500480
1223808
1941696
1217344
249728
1362432
584640
1510976
4076032
203264
1677760
3358208
609408
467648
1054592
985792
869824
2249472
666688
3272192
1292544
684736
2171712
1947456
3236992
1071936
231552
892160
730368
780032
5621440
3167872
682240
1062528
749312
331328
1585408
4272320
1350656
990656
568192
1581952
3037760
3490368
944256
1018304
1050432
1842880
1138816
1077504
1631808
1380736
4890880
615872
494784
333120
886144
1470080
728448
869504
1027648
1754048
1004032
266368
803840
687680
1564416
1794560
1257920
1469696
368896
1685568
3020224
3959936
1995072
896320
335360
1167360
1489920
1713280
2933120
4994240
7642752
2214912
797824
436672
3016512
1511616
491200
1806144
289408
674944
1762304
1560896
1966016
539072
439744
1715264
457536
921088
1935872
1803840
786752
1427712
1102400
1609344
2867776
1058944
1300352
2250816
388736
1404160
749312
921600
363008
2318848
2938688
2593536
4816448
2705984
1139328
1386368
791936
1980032
4324224
2239616
1945280
1016064
817088
3472256
616128
1607808
1782528
919040
1823936
1789056
1145280
1528320
651072
803520
913536
967552
510848
853760
3238208
666880
2193216
5662848
920512
1566976
911616
363712
350656
1449216
558016
1455936
3351104
4162176
1794240
584960
1054016
782208
1833920
208960
573440
1087040
875008
1150912
1700672
2736960
5236032
277504
3641664
268864
299072
837952
2600064
389248
616896
872192
1212416
2239360
2243584
1301824
2448128
1168832
4893056
585344
850816
1445312
199232
798784
550336
1360576
892736
1391936
1541376
6480384
777664
961024
1338112
774464
301120
1092736
1313664
2236608
1238272
430016
2853312
3117568
2077888
6219200
2347712
1350912
522304
221312
617856
252288
208384
337536
3068224
665600
1333440
2901312
1526720
4440384
433472
3600960
385792
235392
1318656
852736
1206080
2731840
968320
3625216
999296
1051904
947328
706176
232064
659264
1355008
1504064
747712
2915648
2186880
11380224
7200128
463872
5557120
425856
3179648
258688
340544
336320
476032
1504320
720000
1597056
574720
634304
224768
471744
272832
1881600
2046016
1795456
1100800
1207040
915776
1007296
2878208
1660352
877504
5200704
274432
586048
1290752
627328
700224
1766912
485056
1230080
1415104
1273728
2970304
434944
1754688
1880640
354304
503808
1674944
1406272
271360
315776
678912
2011136
500096
1178176
1759232
5188288
1496832
1070144
4484864
1289664
307328
496448
710976
1536000
643008
2446016
916352
3735104
6671424
722240
910016
1611584
3458560
1943872
3381248
2486720
1800640
2941888
2667648
1473920
3912320
9080128
225280
439488
1477184
233600
1059328
2858304
535808
640128
657600
969920
414400
657920
1822848
352512
1774528
958848
1594240
486336
3722880
1106048
568064
3223808
1418880
1577216
2087424
1901184
901376
979520
2351936
302208
368704
337728
1506176
2158080
1877888
4669632
3072960
4375424
1415616
277376
5077888
658304
1593024
260160
1598720
2019584
1216768
2579840
657984
4928960
1310336
1524480
1661440
1151936
375552
264320
437568
1466112
1869504
973888
834176
2783168
2958784
3547584
2435904
2601472
585792
5333376
2939200
369280
1223488
308480
379648
1561600
3729216
758912
2425536
414208
1308864
778624
385600
1566208
782400
3201280
2482176
1433920
4016128
2692928
3180096
475584
440896
511552
722240
4023808
578304
3098752
2627392
4038400
1282688
2229184
2756544
588864
3460480
2784768
3147776
1024192
1847424
1430784
508992
4366720
3120384
1171200
847488
2026112
956096
491840
2245312
922752
612224
1176960
886080
482304
1094528
892480
415040
1086656
1127488
2851648
3891072
856960
1967232
5479424
262464
182848
454400
880000
199040
1649344
1899840
1125632
904704
3264000
470592
782976
756224
1095296
364928
584640
1511616
265216
1100480
2306880
862784
1942336
941760
4723904
5904064
1844416
1073088
1719616
387904
1801152
1104832
1531584
8844736
4647104
5550144
2781632
1176640
996992
1626112
627328
259328
393024
909440
1095296
2739008
311168
1682688
1225920
887936
1038272
2084608
940416
2975168
2879296
913472
1630912
3033344
1738880
420992
692864
1738240
3391744
864320
1240384
990272
347968
815936
1400960
5871680
2275712
947392
2602368
1561984
1090048
7241280
1778304
3706176
1233216
945024
389248
215552
735808
452928
3903680
710208
1992192
2387904
2623488
1146688
524160
529600
2168384
395968
388864
2057216
3141376
2464192
2172160
1566592
622592
2368192
4942080
6716032
1717120
1916544
538048
1108224
1589248
1409216
1072704
443968
206592
948992
3101056
2200640
760704
460736
854976
1435584
979392
777664
2159488
846144
1974784
1568768
314496
532032
1116864
693248
311936
729728
1435840
789824
2221952
784384
1728832
972800
613504
940928
2172608
491648
3429888
2991936
1118592
4000640
1588160
3537600
3106304
1338560
4302976
1480704
1914240
762176
804352
611840
4302720
297536
1476992
1390592
792896
545600
1880512
1960512
519552
6679168
3373952
854912
1610560
906752
412928
712576
1689984
278400
358848
188544
1350784
1201920
408192
781760
2159040
2765440
92672
864640
1213760
2923200
412032
856960
1670336
2174592
7842176
4214272
486080
1752704
793856
510400
948352
636736
306624
433344
1814592
8238720
420736
2527424
5910144
3479168
606976
165888
403904
248960
210816
337792
2536512
640640
1561216
2886464
359680
1166528
803968
496512
526464
488192
412800
2052416
656000
4737536
268864
2323328
3255232
1638336
3478208
330496
1699520
260224
855808
467328
1020352
3853952
5150848
1849088
390528
618112
445568
1969152
3224832
229888
1047936
2973184
1300800
927552
1799680
2144320
891776
3933184
2160256
545792
352960
501184
357120
1414848
1346880
600832
1143232
1192576
4524160
1140608
1796224
1119168
5314176
5375616
325632
1592192
6279488
920256
3302528
1292480
151872
1853632
805632
335296
1147072
1173376
945728
1526976
1160384
707712
3974848
577280
787392
490496
1118592
1230464
3562368
668032
5521472
2008128
379520
1206848
1196288
779840
2343552
2979776
490944
1873728
302336
217792
1241792
4115904
1464384
3877696
723200
464192
2463552
938304
4486208
5276608
231680
1881472
405504
202176
466944
550208
530176
431296
1021952
1156032
4127360
1794112
3025984
1524608
155264
905344
451072
1536256
1084032
2229888
4704064
8168384
4188352
626816
570624
978304
1672000
873024
566592
3626944
1327744
314880
396672
497024
7855616
529536
4864640
2815552
1067968
2855296
1252672
507008
1161856
1659328
266112
1648832
659712
756224
558016
363904
907392
2207360
2848704
2327168
436352
1389824
494848
684288
1383360
1338048
1663872
2954112
2009600
262208
425920
4466880
1650432
5349248
1178496
194368
2440640
951424
1069824
1299520
1918720
619136
2131712
4445120
752128
8474496
519616
547904
546496
4960448
250752
1031936
1684928
456256
535808
1192832
3458368
3704000
936640
3291904
287616
5996480
252096
1587072
636480
700480
2304832
194496
1719808
681280
629952
1892672
1903424
592256
1386560
533312
715264
1731328
9162880
1831168
5697856
2018432
2265344
445824
2898304
450176
1928960
454208
1889472
648960
1248768
231168
809856
328384
330112
4893888
1032192
955072
1535936
1618880
496768
201216
1332928
1910912
728768
583168
3518272
1048000
2114176
2135040
1348032
234752
1672320
2676224
1004928
708480
3421248
2548864
3960704
694656
390848
464896
283968
1923840
1369600
879040
1244032
5986240
4502144
5785344
7964608
224512
214208
164032
3730112
2104192
1167424
429696
1053696
332416
2616192
344128
596672
1280128
1577664
1771648
335552
1215424
1714880
3732672
296896
538688
463872
3191872
1881152
565184
406016
1102400
3942720
2667264
8541888
614848
1168704
1246208
1304896
869632
771456
1790336
2617088
382080
1985024
3250176
3561024
423104
1871232
2464704
471424
893824
3383616
4557696
2577536
1937792
846528
185664
2137856
1133888
266880
1260352
1046464
2101504
669184
1328512
5477504
5718016
388288
1344832
541760
2219136
1023616
1073152
434368
512192
2166528
1686144
1316736
192256
1907904
229504
538752
1006976
528448
993216
2997120
3076224
3550592
3083904
1919040
749248
230656
814272
648576
312640
466560
1774336
2513344
1799360
737344
977984
449920
3069248
353920
1027968
449152
1935168
673344
1348608
4697472
7168448
537472
3424064
4566848
1336640
876416
2028608
176448
351360
455232
2696000
1402176
347712
571648
736640
1314880
1481536
1671232
283776
1210688
998592
1595520
524224
928000
3812672
1874048
2215552
1676928
1836160
311744
779264
805696
193344
1728704
1096704
1577088
1655808
979328
3194176
1246528
588096
2657984
1578880
1742272
1710016
4294912
2051584
1069376
898368
1091008
236608
1612800
789248
2859712
368896
776832
4139200
4412800
2577984
612800
2764096
808768
1794752
229504
245312
505856
1951360
403008
1962304
2191232
637568
816960
1675072
329152
3383488
1187008
2041984
385472
1189312
780544
720704
1880384
6558784
1536064
1603968
263360
795520
3909120
1472512
5058688
1767168
5349888
212096
357376
3668288
892416
1177984
970368
458432
929536
1258560
2146176
1492480
1653312
847232
384384
810944
424704
553536
2143424
1168704
7463168
2628992
1421888
1392576
166976
1018368
499008
357376
2105024
2886912
929856
2211136
531712
6366464
1578432
2658176
3329472
3989888
718656
935616
917888
657280
599360
930496
2226112
3161472
2747520
881344
3602880
532160
3941120
651200
4352064
466368
3678848
2945600
1312640
233152
558528
1038336
614592
1596544
723456
724608
2257216
1609152
266624
1027136
1481984
2703808
1256192
286208
427136
1417344
2088960
1056960
1234112
1902912
1834240
1163072
2144384
7528000
2197248
245184
2413120
478336
959232
344832
785344
359296
2376832
430848
319360
3098176
2017024
3080384
1515264
392256
1905856
1215040
2227200
4488192
473664
663040
690688
3274048
452736
924096
2242816
1307648
5544512
1372736
692672
1998912
1185152
4483584
1815680
2992704
3055744
905024
1681344
1851712
204672
344320
193536
2189440
3960640
678656
2124672
6905856
1160576
2461952
818688
1732096
2885248
1760704
1713920
3905600
2092608
969728
1017472
232512
380032
1021888
3895488
2307776
392768
664384
856576
993920
3423488
1823360
3489920
3396864
3094144
1281920
311424
2730624
396544
2155904
558400
522304
778688
1432960
2511936
642048
1088000
1453440
614080
1930112
182720
2185216
131456
1091072
3504576
1655424
1069888
3593344
5006976
3012160
792640
2399872
1092224
561024
5535360
1427328
2178816
1954048
2412032
818624
1076864
271040
3568448
3437440
864128
2456000
3000320
1679296
1442816
1331008
2255872
962624
1958976
620928
1115648
922048
1026496
2758528
3617472
1444096
1459328
2630400
1349440
2995136
994112
222016
387904
1703168
288384
5117440
1500480
3640576
243648
3789760
639168
561024
1353280
303424
925376
823104
673984
971776
4010624
692928
2057472
333056
2379328
3791936
5821632
831616
2561472
518080
150144
385408
584320
685632
1099328
588096
3056064
143872
2586176
810432
1892288
1165376
683264
214080
3680320
327296
186560
643584
795456
258368
2617920
406912
1971392
270976
655168
1315648
747584
572544
5100736
679552
1132672
2564160
651392
1826112
407872
2236544
807296
1312320
1221952
431872
3691200
4901632
526720
861632
2517888
563328
418304
1358656
7893312
5743296
2844736
1926016
448000
1517376
450560
668736
780800
405440
1584192
377280
721664
2206784
684096
1186880
748160
1058048
1062592
945280
2668480
1887232
1113856
2752128
3284416
4279488
2138560
2975744
1049024
182272
438208
1858048
692480
572160
506944
1844032
863360
5303680
5693504
852992
552192
1602496
804416
1160960
498112
925632
924352
2344640
1312128
6903488
2411008
2626816
2781824
9215936
2109056
228928
708224
1143680
3251264
255424
323520
1294208
494528
614528
396800
1695936
744320
863744
1008320
861632
543104
1634240
3867264
884096
1677056
3564480
653376
2111232
4191104
900928
1192576
351872
460608
2133888
1287424
1563520
642368
1081856
1534592
2348224
7516480
4315968
1928704
1044672
184448
1245888
505856
268864
1215040
259328
971136
220288
1765888
1340800
5471808
1374080
325312
3069056
520960
1170304
2373248
1043968
920896
1305728
1076608
3134976
7119936
818112
1387136
2206080
876800
853248
2944256
1489344
4043008
327168
1187904
1208640
4966016
4351488
1721408
567168
952384
1160448
2226048
2134656
418176
2147072
992000
905408
1441152
807360
556032
747456
2288256
1513920
4035776
1830784
2470720
2092480
6222016
342912
3523840
4953600
2302208
806464
917248
299008
131328
1176576
454208
387392
2942336
1953280
2393280
3658688
852992
2766720
792512
833984
4957696
1649856
411008
580544
823616
1247168
388672
2821504
5748544
817024
1227584
1441600
4819840
5229824
3645312
4563264
518400
472448
630784
404416
147072
794240
1318592
2170624
1009536
1446848
2665152
4179840
4612352
3608960
1959488
555008
1067840
1022336
913472
406208
987072
934976
1431232
2062272
673984
748672
912896
2183744
3202688
120512
153664
1707648
885184
784704
219968
2507264
899968
943296
1758272
1035392
363392
2551168
2088192
3497344
2280576
491776
1804480
2592192
420032
860032
486464
2869888
498816
1044736
486272
2177920
724608
1783488
5212480
3444800
6669952
4264448
1900736
1816768
781248
1625152
6960704
188544
1197056
1249088
2363008
1249088
1410496
2189376
3683200
616832
394752
2290816
1822592
164864
2017792
639104
1937408
997568
2108864
1803968
787968
219200
3418432
763136
2903424
2161344
1658944
1031616
1029184
2154240
2929984
1370688
1311488
1709312
8874560
2179456
4697088
1040576
2202240
380992
1573504
256896
1630912
2658688
935808
3528640
1048640
1909184
2447360
2451520
460672
475520
1288704
539456
430656
409856
2052928
630336
1281024
3611136
504704
740928
886784
1432896
1900544
287936
1059584
1358976
2253760
929600
127104
2169664
4281984
1730496
7245440
2464640
5463232
1756480
389184
299648
331392
156480
226048
987648
629568
2667136
5800384
1443520
1376640
1666880
1065280
1269568
969280
298048
2010496
361280
423872
924672
2239872
643968
1492032
380032
964544
2826688
6647616
3603648
589888
1287296
3629504
160768
169728
2785280
3162112
371968
590848
602304
600768
302912
674816
943680
744832
3072960
3032832
3696384
3274048
790464
431808
1284544
954688
4267328
382656
936576
2456000
613952
1501440
867072
1397248
1800256
7608832
3832064
657472
317760
1804288
1483776
2779392
2858688
8561600
3264384
141440
1505600
544576
492224
357696
705472
459648
539648
888064
2425664
648000
961280
1085760
670144
858816
1105472
582400
3618688
368832
585600
737792
1431936
1601472
806784
1638976
369472
3477632
1021888
4940352
3991360
361024
1244864
371904
2497024
990016
728320
848832
2575616
2564480
2763904
632576
1161408
804352
227904
847296
414016
843456
896064
1265856
1046912
759360
2723200
3795008
1298112
1744128
4941376
629184
2121792
1258048
2675328
416576
555392
716864
2315008
1508032
3699328
753792
345216
1647872
2551936
854848
4182272
1465152
391808
1467456
5379072
763328
2917824
451264
752576
441920
774400
1240320
1108160
4032896
700288
912256
2008896
1799296
7797376
3000768
5082816
2664256
2988032
1320192
3601600
1530752
337344
272384
864768
643392
9757632
1692672
206080
308288
1794176
1420160
2597568
2816384
1149184
795008
565184
1825344
899072
968128
1975488
312000
493376
1579008
12549120
2302080
3914304
319872
2913088
3623616
398272
755264
1422720
564672
2167808
667584
1185088
254720
683712
534784
3399296
2700224
4021120
1225728
4389824
957952
922432
808576
211136
400960
870656
783552
509056
587776
1856704
2952512
302080
1968640
818880
1440000
3396416
267584
1872384
1215488
3075840
1188864
446272
169664
269632
348224
376512
1699520
3492032
3901760
721792
888768
2609152
480640
250496
470720
227904
755328
2464704
2837504
1399360
648128
3090496
8251712
1712512
1737088
958336
2769472
4201472
2317312
672064
2887616
931392
181376
1011392
278144
463936
1628352
686208
331520
609088
2122304
2963264
5009728
605504
898560
602432
720064
1108096
1772032
1575808
2171264
4325632
803008
3156032
1780352
1584320
3060544
743552
1114944
919424
941504
9496256
2469376
1800896
1463808
592128
315648
1111168
1296832
791936
4750592
1714752
1837376
2137408
567872
2701824
2438144
223744
2171968
1596288
924096
937600
4067328
2546624
1280256
1380864
755968
2068544
495296
657856
759232
5148224
581120
1478336
386240
2723840
3424000
1157440
1192960
4737216
2402880
1864896
1911488
673664
893504
1611840
1201280
10622464
5738304
726272
574976
1506624
5680832
2444928
368768
1660992
1026624
591360
984320
293504
1608704
643840
1511936
2139072
641600
1258688
1848576
406848
796800
898496
1313024
2456320
1705472
1237312
393856
1714176
1447936
2156608
4647232
3590656
190400
1204416
265536
600960
1241216
1564288
666304
137664
1807168
1534976
2361664
6776576
954048
522368
579904
509376
760576
1775424
1583296
959680
811584
476864
5558656
640064
1333568
692480
2984576
322880
602816
1086144
256512
387200
749120
984192
1502016
379968
7042112
3048640
489792
1252672
658880
134912
991552
447616
473280
1610944
3630208
2626880
3723584
3193024
582464
288704
2688704
2704128
329088
2396352
535232
1713536
404800
1248768
1685696
6876032
503616
1599232
1206144
1582400
2496384
1809152
396480
1994048
824960
1051776
1027968
1590656
14241280
159104
617408
502656
552576
1554368
219072
1360192
503680
385792
458624
7157952
3767104
7194048
860288
871296
4255680
685120
1448896
721664
628608
183872
429056
605376
221184
1609152
2462464
753728
1041280
441728
1697536
380160
1178880
1053824
2511744
2310528
906432
776640
1982016
560064
5369024
744064
1300800
2471744
689984
686144
1024192
2201088
605440
332992
615360
1039680
1131264
1697344
2416064
701056
6208704
3677440
629312
269312
184448
198080
913024
435712
709248
1275520
760704
3831744
1135424
3067008
881024
838208
353728
376320
1007104
2196736
601984
751360
1945920
3080896
3944448
1322304
1148480
648256
936256
2369728
6071616
2572288
1411136
2936832
2511040
617280
584512
3107648
366272
703488
386240
4012608
720704
2550720
4071808
358720
2001152
343808
1335936
249024
528320
1960192
1478272
1816960
583872
636864
493184
1914560
1088192
1717824
1008384
213248
506368
2427840
3933248
1903808
1375232
1668992
3136640
1753344
475520
1507904
2969856
717952
1509568
3091776
510656
2230208
1271168
569728
735616
1652672
697152
1501440
3186944
1465152
1595968
984512
343936
1678848
817216
386048
2428352
1237696
1628096
3294272
662464
944512
2694208
615104
230080
392128
1536832
4382080
938432
3463040
7141184
783424
2720896
5983872
1912064
179840
4546880
3654208
766336
901824
632320
743552
1280448
938112
4145664
1219264
3517568
8033856
285504
699008
326784
241216
264640
1169216
354880
722240
508480
4983872
779904
5907136
1410432
1781440
1280000
305984
217664
1058048
192512
297088
2054464
115840
1405184
1298176
1826752
1365440
1892160
252864
1401792
4677632
239744
2131904
749184
739968
564544
867584
647104
1201216
2446336
2160064
4671552
2852096
1494912
1178560
2096512
1444800
2164928
4068864
1577280
559424
1222464
424768
3488960
253056
1231616
759360
760832
813504
2241728
6389568
8339840
637696
705664
429888
670784
155200
1569408
1998912
2373248
406976
994880
1949888
1034176
1229632
3681984
252480
526592
2793664
1152000
3430912
1028032
4006784
1109952
962432
2331264
4033344
554368
346112
554560
2153536
858048
1658752
435776
848256
2273536
1480192
2088832
4727680
5443264
3403776
1582848
478912
495296
627776
754560
1443968
297920
582592
1602176
1238528
711872
3018112
2219840
3116224
2850240
4168576
1050752
3445504
293440
420288
1108480
2710592
2263616
799168
1953856
522432
950016
694656
498432
1756160
3289728
525120
5876736
6302080
2236608
2292096
144448
497472
1415680
3090880
3623168
354496
2127104
870528
1242176
911232
416256
109824
5802368
510592
1028928
995264
183232
841152
927936
411328
1940672
1377984
1733888
2074368
1412928
2295040
3757312
2955776
1792512
1369600
466112
965376
1280384
2362944
1069312
1559104
4420032
336192
2365120
1064000
98944
1385600
1668480
305408
2935424
1307968
812096
4322176
1015744
1968320
662208
738816
491520
907904
1088448
2811712
679680
1660864
200832
813184
1270144
3643008
1639168
4168064
3172480
374976
262016
1919360
291712
1115648
1144576
538880
4823744
1393344
1958656
530240
1130432
2094656
3378944
1132352
286528
607104
650368
514240
3475776
1917184
625728
2235776
1341376
1994944
1523328
2519104
184064
1332800
1079680
1410560
1696064
1430592
666240
5824384
3765632
1625088
1664320
10896256
343104
203136
1224576
738240
386880
692544
887040
326848
381632
1254336
1423680
3181504
2640512
3416960
1167168
1221696
698624
1118464
463360
357248
660928
1438272
1758976
3528896
1232128
2012864
1214272
906368
499456
220288
285120
374848
241024
1065600
1030592
2870528
1333760
2939200
293760
2568768
1815424
2101952
2130944
3373504
1689856
1798592
245376
926208
316928
5728128
646528
1315648
1007744
574144
1220160
2266368
1828992
5194112
3973696
965376
4566656
312896
2642944
1505024
243584
351552
150848
2251520
980032
441408
962496
3182528
1056896
3340864
1034944
1098944
1163264
781440
175744
152448
1776128
381632
500544
1462976
1660032
1351360
2414464
1596480
777792
2118976
5433536
487552
2165504
864960
1582848
905216
7760832
895808
2556096
1128064
305600
267008
344256
867904
1918080
1237504
2144384
1299584
442816
1310016
1472384
1695552
2144128
834304
6334976
693120
513280
757696
357632
1038848
112128
1163456
758656
240512
350144
812864
1908608
2423680
2457856
378560
1328832
513728
1268864
755072
1579328
283648
2612224
1968960
1668800
2096384
2703360
5513216
6102848
2287488
6895808
382976
651392
759680
1076288
285440
764160
1169728
1835136
1192576
3613696
765440
934144
3517056
1022848
962048
7478016
1037376
2141504
4473792
430912
685504
1004160
661376
782336
864448
1481856
664640
846784
492672
2125888
476608
641664
1886208
466752
2200064
2869504
3181888
447936
2808832
894208
2039168
1019584
172160
1546816
3553600
499264
4499200
15877056
272832
4519936
3529216
6471872
1275968
845312
2174464
341824
197824
2252096
557248
361088
1171008
1037632
143616
896064
234688
408576
1173824
5707520
2967616
872640
1026432
590784
1181632
561728
594624
446080
509952
459712
2787904
975872
1477760
2340928
3405248
4127936
963456
3617280
883712
542592
311808
344512
1419328
966464
1166528
1593856
1396224
874432
2513536
3119808
4678336
1034432
1379072
1118976
5076544
1812992
3676736
177472
600576
1915136
1275136
561088
622464
1809088
6137088
1401408
572224
1548480
1209920
982336
232256
413696
1006784
852160
1528448
1656256
2090560
3363456
2308736
2599744
3270592
1476736
1526144
344832
1105984
738560
539584
1392960
1281920
725440
2530432
5682944
3142976
4158848
126080
1010112
1808832
180864
935552
124288
1515904
600896
1172608
2881472
5400064
2262464
412288
1299136
3007488
857664
1908736
1658752
267008
1481600
548864
725760
2347264
918912
1995072
1092480
269888
1325440
732224
977088
1791232
1270336
2904512
2983552
457344
1401856
416832
2151872
7971328
1105984
2550784
3670720
1172352
2277632
3325440
929600
185856
1349376
548608
217920
900800
1672128
1842880
1021888
5516352
1845696
555904
370240
598784
683200
587072
1607616
5633216
2714752
1123200
440192
1501824
1543744
2170624
2115712
262720
365248
748928
589824
1069248
1324672
3774976
1044864
3644416
551232
2243712
3685696
695424
715968
474368
343168
168768
806528
1236288
839552
1350208
3088128
2678976
1067968
3049792
7339200
1402112
7634816
1259328
1635072
718016
1440256
5864256
326976
150720
1057088
313344
250944
229184
773696
1910464
1922176
2172736
1275904
513728
1448384
2385216
5028864
821440
473088
396032
2879488
554560
435648
471616
1060928
1993792
2818560
912960
2521792
1550336
972288
2812160
251392
1753792
1636864
473280
4560512
739264
2039552
2328512
1155328
2881024
2168128
2120000
6896832
3029504
2379200
2403584
1624192
3381376
1976000
978240
631360
646272
1837120
463680
494912
1656384
4404416
1306688
640832
4934592
405632
1628480
3183424
2116544
6599552
581568
935616
3201408
135296
896832
277504
1252992
860160
215808
886336
2394752
1303744
1850752
1661760
836672
411072
2093248
616704
1926336
151680
4536320
2508032
7530624
581184
942656
6867648
669760
160512
584768
897536
303808
439232
2433472
1897088
852608
1031104
2541184
1534528
1071232
340480
1359808
1064384
1601792
476480
3677760
3909696
6645120
3297600
2275712
1379584
1176960
401408
730560
259072
1041984
545472
1048384
526016
1212736
2790912
217280
1485184
820416
157056
1817344
380160
2148544
3688448
9905600
2163008
238400
922048
1636800
804608
343872
1334080
1421888
4267968
1155584
1937216
3657152
3824832
1702976
6939008
468736
288768
1093568
161856
1101760
2030656
506752
832192
2575552
1008512
1216896
3325504
743488
1062656
700672
1079488
3205632
2586368
819456
2881792
226816
1209984
419392
2897472
226752
949824
501632
914688
712640
4446592
3352384
661184
12575360
2365824
1200512
374144
456448
654720
619264
1605312
424064
2151744
565120
1081792
3899584
1041152
2170880
3961216
953600
1103936
807872
1785600
2534656
659008
1865536
907712
741120
739328
500608
3515008
236352
5367872
947776
456320
583552
2153536
606912
1767680
629056
1039296
4344320
210112
1389760
2479040
376512
2185920
1145216
1511040
272320
2181376
1896192
898368
774848
1080448
5323968
2626560
963008
477824
1806400
1051264
797888
974976
388800
1655232
3841728
1128256
1782528
3568384
454464
521344
3523456
1755968
1879040
2126144
1739520
1159104
1012480
809664
1029312
5023680
1173440
802496
986432
6476096
576192
1629952
887488
482560
3651456
779776
236288
288960
583680
2538816
1814912
712512
858944
1353088
2625536
2163200
1174208
1908416
2939584
1069632
590464
362368
1261952
2129856
764416
2071616
754304
2739648
5513216
3296832
3923520
5987968
2105088
446848
421120
830080
734208
2624384
1225408
612032
575488
1201472
268096
5313152
268672
1581312
1721664
730624
1725696
633344
1791872
435648
1735104
1459456
1211904
1353536
845888
1757632
766976
1631680
1196096
1453184
618816
912832
2766528
502912
2553984
863808
875072
1960704
733952
3200000
1093312
215808
2462656
3318592
317824
1867264
1360576
642304
2302848
388544
432192
412416
1060032
351872
1954304
1494144
4148480
1253632
2212032
413120
315520
972608
366208
2206272
1460928
281152
318144
2189312
1712640
6070400
2480192
4174272
8666880
7292928
1070720
328640
6115264
1140352
437056
1216960
5167936
4299264
429184
2604416
743488
308864
180224
340672
268928
1019136
1194432
1073792
2420288
1864704
243648
155904
1004864
259456
673920
1486784
1393024
1370560
1237568
712320
2927232
909824
1130880
3811648
844288
837952
1918336
1561152
4888256
3439232
1357504
3865344
471104
646080
170432
477824
656576
852032
319552
616064
1275584
1295872
3011904
2157632
1572352
647808
508864
496896
1591936
440640
1324864
1954880
1993216
484672
2664704
1612416
11762176
3611840
5141568
105024
453056
893824
230400
1304192
1107584
1036288
895232
1186368
1841216
950464
2164096
1043136
3167552
2017280
754880
864576
689728
746176
809024
843328
437056
977792
576896
174400
442240
250944
3804160
481024
1941312
2455424
3582336
815488
382144
2175808
2006080
798912
1772864
2185984
7392320
1056832
969152
1126976
1044672
606656
295104
364928
1519488
912704
961856
6145664
7590720
1241920
1358656
4020672
242560
4040768
1048128
212416
3778624
528128
327872
2753472
297216
358528
678528
1944064
3179776
1516672
709376
133440
1513728
345344
368192
655232
622400
690304
1785664
1591040
2210112
3356928
6387584
3723200
820608
2047872
567424
1833664
469504
439616
481216
2060224
1051392
939776
3301120
1096320
633984
1337152
612800
1341504
983232
3125376
753664
705024
3346048
1650368
926208
2960128
2641920
536256
2256192
543232
288064
858240
501248
247168
1596928
632128
1938816
3951872
2656384
1758848
622720
1234176
733568
1212608
1008320
1055296
4516544
636608
2911168
1409216
1380288
302336
1921216
459328
5032640
1734976
1793152
1405632
3728128
619584
2508544
4970752
461440
2254592
528384
467904
699008
766656
425600
831232
1136640
1679360
714048
434944
1656000
3570368
400960
4249280
1408000
323840
641152
481024
261760
1037120
1490880
1724544
861632
353088
1646464
1397824
1195776
1016896
440384
1669376
3480832
996864
1304448
2102208
750720
1240192
1614272
3707072
2727744
1418880
2393216
3871168
10310464
3974208
568256
1228096
222272
396672
2653184
401920
1582272
2924864
1570560
2818880
1377536
1063040
695936
1968640
594816
640192
626560
557632
2881152
2011136
1464640
362240
726528
1464576
4093312
1484736
363584
592512
1522816
440896
2519040
2662720
353664
838336
2181824
3114560
7310080
926400
2053824
380800
567680
1877248
3977472
1277184
735232
768768
1258624
447744
983936
3678784
545216
1150528
530240
3792128
6320896
254464
2913984
284224
4408704
2302400
1118720
2564160
808448
332096
3122816
1481856
1164480
387712
327744
1295360
2009472
566208
2661760
438720
832576
922496
739904
1187264
1771840
3121408
1555392
3024192
768192
1031360
4210240
1308672
1575424
1441344
5362304
646016
2183552
1717120
1754432
277248
777088
351680
142400
1005248
2704320
642816
437120
1219840
1343616
837632
3704192
5128640
1081664
2272064
4441152
750336
674112
2545152
1666880
815424
5656320
327616
199808
1033792
1371904
766592
1607744
1439488
1491264
5981440
2234304
1505088
503360
2835328
371776
1313280
450048
639488
1233728
2034944
4284288
3037824
5277696
402816
1027904
2771200
1030336
1797952
1696832
1350656
829824
686528
311488
675712
1385792
1046336
2348544
1512704
2279936
3880832
482944
1145664
372992
899008
1625984
710208
1377856
1437120
1471744
2501824
863424
1831936
1342976
4367296
2190784
1108544
1362816
3238912
366848
1328448
987264
2307584
975296
1143488
4101120
1501248
4792192
2827648
2007040
2919424
708864
3447104
723136
984896
2653312
2944960
1268608
2553472
1938496
607104
5867840
3239744
679104
721920
477760
436096
1358016
426304
509824
293376
552000
523136
1050176
2546816
2795712
830720
3436800
2625280
2530560
8900544
1675072
145984
725312
1150656
356928
239360
2630784
4228160
1091136
561472
211456
463424
663488
1524416
4938624
6790592
2463616
7599488
630912
1122560
4894144
420352
682368
510976
806720
273280
944704
2963840
481472
727168
2131264
896960
912832
3391680
2901824
258432
2743360
3209088
222592
1194496
2930496
976512
1048192
1409536
1393728
653568
1288704
450624
1114496
3010304
861632
2534784
4691520
197760
427456
489792
1342336
1523840
3712576
2512768
1508864
687872
4133824
1245376
2678336
3505472
1550656
1978112
529920
564288
823936
4725056
1894592
717248
343104
1391552
591104
660352
4221760
1791104
472448
2953280
683456
217728
629568
912768
533632
1789248
1570304
653952
2812032
901376
2353728
1665664
657856
1008832
2146240
4275712
2494208
5698112
3057344
4129856
4340736
606464
479552
921792
1508416
364032
740928
1747136
3846656
685440
2261952
4674688
4457792
2821056
2225664
4178304
2214848
3762816
588096
1237632
1148992
1072448
838272
613824
300928
181568
1288960
884672
1492288
1037120
3984896
923200
349184
902272
420288
1783168
392000
2410048
1383808
1001536
1138304
704768
1007168
1042560
600896
1891264
1029056
8201024
3359872
2462912
1488704
1213056
427840
1748416
359936
3723584
1600320
3635328
542528
1413568
943168
5147264
2212736
4431872
1105856
644800
966848
410176
1091456
375744
132160
1101760
439616
2308416
2283776
1295808
1029696
529408
536000
522368
699008
3768128
5891392
2607680
1836672
481152
1253440
1400704
6654656
664320
1603584
1138496
2139968
1642304
166592
279488
219136
709248
865216
647424
1866432
819968
1126656
1449792
911872
3462016
1517504
2348928
3532928
3939264
3266112
2390080
4748224
381632
2325632
1034560
519808
1255424
2332096
184384
1928576
1798976
1725184
768192
2786624
798656
2138752
1023296
361344
876160
730368
750080
1349696
1334208
938432
1040768
739648
1336128
1423744
1297344
2593152
659904
438720
948352
552512
1353600
2362048
2440512
5385984
9305472
2030720
1004480
1044864
355264
550528
1129152
1115840
942976
3068736
2134976
411392
706880
2613696
3291776
4509760
1776832
264064
763072
1376064
319872
1176704
382528
919936
616768
2954240
1290048
6025024
1539136
1935936
2194432
2013824
1489024
3734208
137536
181248
241472
1349440
1372672
3589376
416896
2392000
1271488
1056640
496192
1137600
1261632
265664
314304
925312
1502080
1046336
1359744
5764032
3344448
2663936
1122816
996544
794432
250304
719168
681088
1088896
1988864
3054528
6587328
535168
3867200
660032
2075136
2140416
531968
516672
722304
1693248
1519296
1410944
1858816
4205888
1456512
529664
700416
1286656
4726016
640832
547776
499648
1741824
1726144
292672
253888
3370112
1222016
2295360
2033984
7052736
757824
5087360
1106112
2238912
838784
1186240
1677120
2253056
1419520
680576
2291968
4077504
2465472
1451072
962880
3159680
776064
2299072
1567552
1048512
2115520
1322944
2854400
944512
808256
572736
1411072
3138624
4095616
1745408
6446592
200896
678976
828928
490688
432128
940736
1147904
368512
1390272
2551616
1118464
1394368
2013376
1746688
8411200
307136
2579712
438656
1627392
439872
999232
232064
304064
2780736
495424
592704
1186944
2308224
1995136
3376128
833344
584832
2494016
668480
418432
639872
1127360
2049280
2162624
678528
1428352
674880
2577088
1097856
832192
577536
750592
1259200
3614336
854016
1436864
773440
3139840
3040832
199488
1005568
5342208
3183488
4087424
1856064
275840
2689472
2181696
480640
309120
1014400
1129792
1021568
1740288
2056896
2111360
9162112
7128704
1827264
2849216
1717504
1270784
577792
874176
3459072
2606336
1243200
484800
2008128
383424
200640
421696
759552
2075840
598720
590336
561856
616640
1280384
1649920
1249664
3983488
1103808
741696
1259776
403072
493440
1105920
1082816
2268352
2364032
2345600
5259200
3538880
5052480
254336
1056768
332800
321600
736768
1922240
621952
3037632
1815680
300864
609984
2202624
1330496
224704
154624
1555584
1890496
2386560
1080384
7072960
5221056
1917184
4944128
4728000
8881152
947264
5448640
9001152
523584
2591488
6700736
14866176
7946880
963712
3109248
890944
1163072
781824
444800
8627328
1011840
7256192
207872
641024
3954688
942848
1650112
1485440
766144
1027904
1059776
1907456
5501248
579840
2268416
1566528
668608
6084160
542464
3436288
3898816
4699840
754944
3609408
1628544
2347776
2629504
394176
5494208
5279744
9736576
2377280
522880
697088
1345984
5854592
7179264
11071744
4600768
7659136
1692288
10344832
7441856
6169600
8825088
18114048
3471488
446400
573888
169728
3442432
2692992
4387264
568640
202880
3296320
4434240
1665216
15133824
2993920
535104
8130816
2200960
7989440
1745088
534464
966400
8721472
5104768
5354816
3163392
573952
4735360
578176
608960
1872192
2674432
277824
597632
6169216
1621696
1058560
149952
96768
1815808
6153088
1183168
7443072
5440896
554368
3965056
1916480
3675648
8230528
633984
1095936
1523008
832832
308288
3624320
4768256
10019648
2819264
2002368
713216
831360
1875008
2053568
4578304
433984
11466496
3482304
158848
2380672
127552
10502656
120256
3699712
10197824
11537408
2551424
201920
10638720
6495488
531840
252352
457984
195776
878784
2838272
2524864
475904
1766144
276224
272064
1122432
4074112
5704192
411776
6044672
2421888
4756480
1129216
694336
249984
2090752
19965056
1319104
766592
1764416
197888
394944
1989184
653888
1923520
2507008
697088
1113280
1547392
1904128
4769088
5062272
4544896
479040
1219264
3970816
251136
3240064
1350272
2060480
393664
2648896
1466624
783680
78656
2243520
3748544
540032
924096
1744704
642176
2986752
88256
1847360
511680
3790912
4037184
388992
124736
2056128
579968
2455040
2799808
2227520
13066304
935680
159040
4120192
4898624
3491712
1089728
515840
2177792
1309248
476672
142016
10909056
4433984
414400
4105664
6050560
117760
6373440
1846400
1442048
571648
344320
1282304
1692992
913856
717440
1558272
3058944
210624
752000
1102016
3320576
2748416
658240
578368
5561984
580736
2763648
11752512
695808
210240
438208
1524288
4546688
441280
2358464
1485632
73216
959744
1373504
764544
579264
943616
819712
2436672
1235072
4566976
4372672
6828736
225344
736832
4196672
607168
1110080
257472
3158336
4778368
5249024
211840
3192384
872768
5676736
1348288
1197312
2512448
693440
201408
8021440
71360
232768
1679744
216128
3498624
411712
854464
3072640
2717504
385600
1391232
2215616
1250944
661056
523712
4668608
4548032
929664
310080
326336
375808
113792
1768576
1405888
3849344
1118848
2857728
233920
1563840
499520
2804800
265536
1105344
1074688
3279232
793088
5253888
4996288
9215808
325248
112704
138624
266112
816000
1104192
3734656
13030272
7170048
172992
610496
1715200
118912
11523840
137280
855488
299136
81856
1621056
459392
4826688
405888
3386048
1234432
147456
115072
2871872
4022272
666624
764288
2950656
4249792
2009216
189888
167168
1339840
441984
2280960
6258496
3598400
673920
4649024
627904
205504
884736
80256
1161024
109888
1663552
2051712
315264
1728704
547712
4992832
83328
1383872
427264
88448
1307456
409600
1161024
459264
1587520
3054976
397184
2623552
421504
357632
506688
1247680
638400
2241024
1592128
2134272
726208
550656
2693376
201856
617152
673472
2399616
128128
469824
3202048
1541056
443072
4315328
392640
3766016
5131776
4666752
1150912
1708736
767616
1177728
288576
853760
670720
413824
772736
2024896
347200
1598080
580928
9259520
155968
1552384
8987392
192640
2914688
2265536
485056
589824
4270336
117376
3293952
3361600
223872
961856
9263808
433216
1069504
633472
616832
238336
1030592
617408
655232
637568
747328
2344832
8918528
105792
374336
1806080
6584576
2842624
489984
127552
230592
215744
1792960
251840
110208
3000704
356800
305280
929920
344384
4383360
2680064
100480
5043264
3440192
427904
74560
3672128
1603456
2826944
1403968
248384
1783680
348032
6792640
278464
443136
2952192
3182080
923328
321408
258560
1961152
110784
2511552
411200
1370112
2238464
823744
1168960
1253952
337216
108160
3552576
1032320
1942528
2416512
1320128
425664
1235008
11826688
6601792
226688
2159808
1897920
672832
3576192
1391104
2954688
193600
468608
1219520
2943680
1818240
295936
1625408
7209536
6387008
159744
365632
1139328
1550976
1746496
942784
3985216
511552
7489728
2448448
1336640
2610048
3131648
1064192
85952
170624
4326784
1075584
668160
641920
1883584
317952
101696
189888
1429120
1454336
299712
1248896
1505024
3141888
962048
1495680
1100032
17211392
2523904
2443904
4560256
5831936
193280
2079872
495360
292416
1101248
256896
2098112
2217856
9435648
174656
1458112
954816
724352
1469376
2147008
1241984
86336
2292096
409856
3987648
350848
1732928
498816
377984
579840
367808
211904
1568256
321856
2360576
1185088
315904
4408768
3643584
5401472
94720
418240
218560
675008
1267072
519232
678720
1071424
574208
808576
473024
2676800
244160
323840
358912
538944
90176
1141952
5701824
475328
627968
1594368
3102848
3258880
2058432
907520
190464
936000
959936
1933120
4234240
1824064
3396800
471104
943744
762048
126208
1105792
12785152
1367680
187264
654592
676416
1335040
7805312
1642240
996544
2658752
313792
3029248
851968
2937792
7995840
223936
1744256
1175232
1167552
1468096
1086464
1978816
1132480
2854656
2947648
927552
3032576
4165248
206336
256640
982272
4808256
7421440
674112
2674304
88512
2207552
398016
1927744
1552128
1073280
2790336
284352
1340352
3589824
1998336
4682304
3542208
2280000
1164736
6766080
180544
243840
634752
347648
3170560
111360
771584
2982720
145152
781632
610688
2776640
302784
72320
1523776
839488
1748160
3814144
933376
710720
7124928
8877888
9792640
1520448
301248
96576
383872
307328
752768
509312
1556544
110912
321856
202560
149376
761408
496384
648896
884096
15345792
378048
943232
2325184
4101376
213184
1091072
2691264
186752
782144
614080
863424
315328
2000576
2523776
333504
375040
2286848
1789312
194112
203648
772096
75584
484416
707584
595008
5654656
527104
774976
415360
633344
642688
1163328
935104
5774464
2479360
117952
1010048
2728192
97856
1986880
463360
4263616
231616
1707776
1605184
750720
116288
739968
7642816
920896
1566080
3796160
247296
443776
133568
677248
1170560
343040
258944
807424
5035136
2074944
2149504
173888
1475776
2956416
411072
1112832
2070016
113856
403456
357952
965504
2862336
3309120
195776
1961088
3928192
706112
324608
997760
640576
3152064
7808128
13381504
1181760
869312
235840
1996224
430144
262464
518784
3195264
1385856
583552
5667008
1611904
4371648
5460928
106560
3113088
889792
8066560
2017920
657728
1024448
149440
129088
984896
2206720
771584
821056
1048640
266816
1247424
2785280
1565568
318208
1232896
1098944
6310848
2828928
440576
7489152
1145536
3165184
209728
1602176
3586560
11123648
917184
818496
877440
568960
416576
1724992
4153728
4380352
244416
935872
274240
2542400
3676288
724992
2899456
186240
512832
207296
115200
1311040
264640
2137728
191680
208000
531264
329344
1206144
1239616
163712
3869120
147520
1757760
3952256
7279296
1877952
460416
1329216
2816896
344832
826240
3253120
4634368
6157696
163584
1153536
1848064
345152
1647552
141248
1287232
1974464
4504128
2759296
300800
2684032
1624256
264064
1435392
7253504
135936
1267776
1374336
681152
1819904
643840
1469248
224448
587008
474816
1129856
2520320
1616512
2840768
523200
2452352
589440
873792
3060288
401728
2743168
264000
248832
1990912
505984
680320
471296
4309568
1720512
1230016
1943360
4023360
721664
5527040
1220928
2170752
203136
534336
1088576
962944
210688
1003904
1534272
3011392
221824
699008
5459200
1013056
5168384
361920
1323840
3153152
4649920
1199424
5817472
523136
138368
460800
692096
1416896
4457344
1486016
332288
6399488
890432
672768
1234432
396288
1220672
1834624
2240064
188672
1280320
2973952
3246336
1055232
1486784
1352128
754496
1819008
2474368
7495168
364992
676032
2697792
321088
738368
396608
753536
5978560
1744768
151232
1828352
304000
1121920
827136
498304
624128
799040
303616
199552
1302272
1717632
6415872
412736
1586688
10054528
964160
292480
5912704
1383104
1065728
3250432
11369664
187072
583552
411072
5147968
589056
674112
209664
798848
1600640
423104
984384
2400000
369728
1213504
3611136
336960
900032
68096
330176
937856
2028416
2270720
412288
3102528
3386624
2645376
1799552
4307968
780864
2099456
3843776
1215232
3408320
789120
3637248
2249536
568192
2949312
176704
906816
577536
304128
1550592
323584
935232
327808
501632
159360
1522752
2859904
3453632
6061696
844416
3368320
648128
759872
419200
1532160
4221888
8526592
11292864
444416
1459008
881920
753344
1474624
2416896
208768
685760
983232
6070464
1935680
231424
1236352
180800
2671552
2340352
281984
384704
182016
835136
360448
1840640
727616
3890816
5043456
516416
1373632
670464
4028288
682880
2052800
652160
816512
151168
316928
552384
4518720
104640
1704768
2057920
409792
1170368
225408
1048448
944128
2292480
6953344
482240
2974400
506944
1843456
1851840
2260096
5276864
1463616
2346112
406016
3075136
156928
680704
2039744
2558016
465152
177280
263168
2430272
4303040
5395072
212224
157056
491456
4127936
3016192
2606080
1315904
560832
3388672
3347840
3340800
562432
2040704
3773376
3856896
865088
5696384
1595328
4907136
590720
1294464
3577152
1905536
422912
370624
440320
1015744
4824448
169088
982144
2402624
1594368
2840000
3491520
191552
185344
225408
1031296
1711744
266944
749248
891328
4136192
998912
1872512
615488
298176
4866880
193280
731520
785600
3627520
986304
208192
5212736
876224
2107776
3397888
302720
162496
348288
1332928
1570880
3479552
3385728
573504
5012480
5581632
6949760
3180160
2740352
407488
1077568
1695040
3982144
183296
993408
305984
429696
1711488
1528192
9334976
181760
2462592
4854656
345792
116416
240512
493760
2309888
776128
1473344
1706944
1597952
487232
516096
3215040
2802688
939968
11709184
255808
297408
5319552
7103360
1280256
810816
731136
2441152
1834688
982016
4665728
1179776
5514304
4281536
1037824
142208
635264
190080
235648
237504
836352
739200
3449024
2804416
1801280
336896
1224512
568192
273024
6582784
1377024
1681344
566784
6363008
214272
398464
1114560
415232
1137664
2884864
3226176
987264
4554112
983040
741184
1216320
2489664
4814848
601408
250240
506880
554048
330432
290752
415232
1106816
2387584
1092992
3397376
2057408
444352
1976320
6012736
723648
463296
800256
315136
507136
2149056
916992
3268992
903040
1143552
341696
1713472
3654912
5289728
888832
1205504
875264
523072
148288
441600
1958592
874944
470784
2881344
9803072
1418560
1735808
372928
1989632
235648
1002240
5349120
531200
570624
1697280
1256704
571776
4969024
8047680
264384
1800768
4025152
374080
7567296
1325760
779648
790144
2198080
190208
274880
1305856
2650112
1459520
123264
1611776
635200
945792
141952
942528
522944
1345984
2554496
427520
251712
500416
3707904
921984
935872
3603584
3488256
277440
2201920
339520
2835968
411648
6740736
5688832
570112
587712
1241024
248832
967040
5214016
248256
329280
383424
554304
2416320
1138112
5517056
2939584
924544
1321792
131136
4274816
161280
442560
2103680
3499584
3006848
1291008
311040
4814656
1613888
527168
242496
1361344
1073536
1325632
801408
4762624
143936
2361152
851072
651520
5892736
609280
2622336
1850304
349952
1241152
213120
485248
1076736
4715648
5088384
717952
831616
742208
4379008
3278784
2172928
2495360
2043968
245184
7727104
1937344
1531776
4335744
296448
3250944
9610560
124160
1124928
1994816
1252928
4882560
241216
4428672
7637120
6127616
2244288
324800
262912
1109056
444480
1875904
2162304
334784
737536
2377600
155584
444928
458304
2265664
180864
1445824
493632
3614144
2019904
3299072
3593856
3613632
3103168
451904
2061888
1763904
1223040
118912
924224
178368
4735040
195840
5642048
423040
3337536
4041920
1896384
708288
4330944
1156160
293760
265728
5378752
268288
887936
306496
332928
2379776
1547392
607424
451584
2263488
2319040
3511808
139968
381760
1925248
1995520
2276288
187264
493184
462400
1706112
2237760
4586112
223616
539712
1469440
777664
152128
1592448
286912
811520
544640
1162432
253248
746624
1571072
2090496
379712
285760
617792
480192
1396672
1772672
365760
9163264
230272
2084032
256064
1085184
3022080
522304
952064
2366656
825408
594240
1036544
1212032
135744
274368
307968
1278272
1246400
1449280
2427712
588096
6343168
948864
1768576
4216832
380736
3524992
5186496
2333312
239808
875136
453440
2051520
769344
2963904
423424
3800512
916480
1012928
745792
1086656
2570048
1021760
1287680
2693760
463168
3674176
1912448
1441920
5732672
617088
5577344
232768
1281920
294016
4452736
286208
2407424
4425536
2011072
3863744
381760
2647872
2074176
5579584
5762432
4144832
2127808
197440
1347840
2314816
8186880
2757568
2039104
7373376
2056832
219968
222912
311296
168320
744064
3869824
644928
1525952
1163264
2924864
196224
293504
2006528
3293696
402368
4889984
2088000
350400
1703936
1848896
1715968
1333504
2521088
7385600
352384
676352
249216
1324544
4004224
5290816
253952
2264704
312256
3519744
6083392
1950656
2349184
447296
456704
657728
10898432
485824
474560
248576
333504
96384
182976
1231360
5852736
380992
493952
2992960
627648
2320768
722688
484544
258304
2224832
1753344
942720
311744
562368
1772864
172096
1103040
958912
2547072
990400
253568
353408
1202304
1192768
1660736
1696128
505472
1090048
1823744
4365952
1803264
935424
334336
623360
844288
1886144
1376960
6253440
821760
5451712
180672
3036160
919744
256640
746304
307392
4335424
156288
983872
316672
275392
2233728
892160
3010432
704384
1771392
4330752
112064
2650048
2675712
1719936
1698176
352512
1192576
9169216
4347264
2685696
2289920
4165440
407744
5425920
3342528
2689664
396480
1304832
6213248
577024
912640
6338432
2248768
767872
416768
1420672
5020608
1570752
4514752
373696
278016
2251200
209984
850048
243712
844352
242880
2325760
944576
295232
1038976
1207744
4490624
2028544
1732032
3166208
2678016
1060288
3427328
426880
4286272
9625024
1138816
1305152
1464960
202304
2123584
429248
780096
360000
581120
2592384
641792
628352
154240
2382592
8012480
2109824
356032
411392
457344
483648
1095936
893568
736192
2955968
1152768
837504
1052736
197376
132736
2499648
2714496
280256
359616
2218624
2369536
2119360
6708928
1962240
184896
1003648
4325248
418048
2965888
4381632
514048
309568
2850944
456896
1002368
1256384
3882752
444928
1059584
816384
324544
2077696
2504192
1895872
1839168
1586880
1118784
1141568
9201216
356608
212800
7777280
1510400
11516608
1295872
1121792
10024064
1322240
1309120
454464
457408
3693440
715072
2549760
3416320
2059520
2864256
527872
264768
1564096
672064
472064
855360
782208
3115904
989760
184384
561344
1748992
468800
1375744
600192
298560
347584
1065600
417152
503680
1103616
1273408
1102016
3529856
498496
304320
501504
3375104
757760
1071168
230976
1958912
1191360
3520640
631872
1723200
4599872
3678592
798848
1134336
630528
1111360
4563456
538112
614720
2942912
309248
695296
1668032
631296
3849472
556032
1158976
4887808
372480
5452480
881728
815872
1810304
189952
513088
4991808
536320
436544
460800
1678144
1613568
880256
606720
2689792
3996096
395072
2017280
6054848
4593728
1040192
888064
2785472
835520
347520
223168
333888
2473600
2330880
476032
2148096
3923200
256192
2513728
3329344
2939008
249984
411136
192704
4901696
1883584
1626880
216896
2661120
687552
1346880
2288064
568128
349056
483968
1173184
1592832
3195840
302592
1062080
2662016
872384
2872192
1229888
2443968
2030976
471232
453568
1271168
2294016
5663552
279296
9625024
617280
4389312
15183808
2294144
193216
1017856
1831232
275008
223552
1565952
213952
646400
606080
520128
992256
617600
1195520
777216
3124544
5118720
204928
485376
278400
742528
1129088
2527872
589312
445504
129216
1297600
2321600
1905408
2375808
809856
4798016
585024
4159808
146944
212224
3022592
269376
529728
2840448
3720704
5346560
7137344
1746688
1592832
241664
2045632
772672
1338048
1849856
1543744
1562880
5218624
655552
643328
4964288
1691264
590080
1413056
87552
245568
3923328
3929216
1291264
597952
737472
1488576
4543616
7767808
3405376
2228160
4013632
5258688
1268992
2453760
5636096
2919488
472896
252416
1393216
1518272
881216
6808512
2661760
3297920
882368
1339136
1515648
2253632
1350528
733376
1044864
1912896
2893120
2254848
2215936
2992192
224576
911616
833920
390464
611776
2018048
5289856
595392
392960
554816
1388160
723840
611008
4941120
2668032
1733376
2882688
349120
261952
6860224
2224000
624192
93824
1870400
2881024
272832
1454336
2033536
7934720
464704
947392
376128
2087296
963328
2757632
236992
430848
1708928
299008
1630144
735616
821248
2816064
1363840
216448
6750080
819712
3873792
682624
343040
530176
3396480
373696
7292160
1380928
939392
519488
2784960
865152
1645184
267520
1749568
246848
323200
1870080
1574720
1364800
897664
1137344
362688
3447360
662464
1228608
1133632
994816
1007936
683584
1207744
4962048
2594688
849344
491392
5296896
152384
939392
884096
144896
391232
3783808
1501888
756608
8250240
1784512
6641344
357952
1370048
2866880
1742208
1539264
748672
207744
1696256
1016320
1091840
2619840
692416
4857856
2815424
2992768
484288
364608
1066368
320000
1959296
1428160
4011648
913664
6614528
1107200
349440
1130624
191936
1465856
103104
342464
1179200
1546688
560384
207872
1798080
1672896
2309120
4307456
1003840
864704
483008
5035328
2494592
3969408
562048
1601984
1184064
311872
1900672
3961664
294464
4404992
2329024
319488
6530304
554816
1055872
1360768
5545280
1507328
919040
1145024
1970752
3992768
1331328
5227840
3871232
274240
950592
2014912
1729600
6189568
777664
285376
369664
261248
206080
441728
1186432
1533888
206720
628992
2272896
4652608
3263680
4776576
345280
1176704
851072
1344000
1081792
739392
3028480
673344
72384
473088
1089536
320128
6916928
1183232
6600768
482048
1516096
291776
1450560
3747072
3524096
604096
385024
209344
733056
2940544
327296
941120
4442368
2910784
3650304
499328
204032
292224
1732928
2227136
1009216
951936
3498112
220416
885568
274048
1577792
1633536
2901760
1398656
1797312
252352
645504
391744
3335872
490688
3396160
318912
1612224
1915968
1967808
1651648
1378048
577344
391040
318016
349120
183360
817088
2700288
4567808
1876672
2558720
1579072
329600
867008
423872
3147968
564416
972800
618816
414464
5805568
915072
979584
405504
2421376
481152
2938112
1118144
1370048
1529920
7128192
5285952
802816
318912
151168