35904
81664
99648
145664
188608
298816
666112
1286912
958592
721600
1101504
810944
192576
538048
364160
541504
416640
485696
430976
442688
183488
409920
219328
423296
284608
395264
359360
437760
409600
388288
461952
145600
393408
278336
364928
302464
471104
542144
151744
437056
280576
367808
265152
479360
472832
478272
536320
184512
443072
200576
557952
319872
415808
285376
448896
507840
111040
463232
206720
406144
172352
423168
433408
493184
392192
461760
482304
369280
501504
212288
443712
210112
470016
377920
440832
421184
423040
443712
424064
460608
420864
453312
504384
597632
141312
502336
405376
301312
968320
113600
366592
689856
496384
358272
412800
269888
482304
469504
430784
470976
235520
413056
426304
491776
435968
376960
432256
457216
430912
404352
464384
153728
482752
365952
431104
246784
428096
465088
296896
424256
494912
197632
461632
603264
340096
629952
164416
512512
468928
200576
432256
432960
379520
409664
460800
466944
394176
370432
490816
199296
510784
388736
280960
435136
353728
196160
367552
422208
157888
444544
363904
233600
385600
404096
238144
384256
469824
394048
153536
380416
301184
346368
407424
216832
380096
433280
541376
416000
497088
131456
562496
335488
267712
353408
369472
442560
391488
392064
117248
485632
333504
232960
375424
349632
261760
358720
334784
254464
389888
357696
224448
360128
336320
171648
348864
296768
220480
329920
319872
183808
334528
351552
240896
329024
346624
220032
324864
320064
241024
340544
342976
240384
343104
331200
236416
354304
311680
243200
320064
306496
253376
343360
333696
283776
537024
327104
337728
349376
320448
409344
375040
304768
311168
295040
329920
251584
610368
337728
236032
352128
317120
300288
312832
364352
257344
434368
285760
329088
307648
291840
263808
312064
298240
329984
371264
326144
345344
314368
332480
286400
297920
283136
298240
301824
292928
314304
481664
538560
352448
389440
350272
339968
253888
287808
356096
290432
299968
332096
311552
271808
250560
248384
261120
255552
276224
282112
279936
281536
294976
333440
288448
268608
333248
459392
295040
284416
370752
304512
228928
381568
271232
253248
265152
255616
272192
312640
262144
384192
345088
272832
258880
213376
217536
238400
231744
237696
250304
231552
264000
248000
267456
247232
263872
261184
258176
248576
261056
271040
195136
416896
327104
184960
406528
273792
274496
465472
252032
299712
283392
316928
246464
235264
220736
216064
214400
221056
237760
234240
255040
232576
225856
239360
242112
234304
223168
244736
218624
247808
239040
238976
262080
258048
260224
285376
312704
359936
274112
175040
660736
377024
264704
401216
563264
335616
220800
487872
262592
217408
255424
256832
226368
220416
234048
168384
358080
219584
215808
223168
213568
299904
227712
195712
220608
193408
196224
204096
227776
218752
233152
224640
237184
269824
261440
186304
400896
311680
323776
470976
332800
247232
258304
388160
351680
472768
381184
507072
337728
292032
415808
511744
296512
420416
303424
316992
278272
354048
449920
230336
263744
295744
335680
271872
296832
285824
271360
254336
260544
259776
234944
248896
416512
464192
389440
302784
630848
458240
307584
180096
371200
326528
286080
364352
251456
226368
225152
196224
201152
196736
217664
219712
217280
231296
244544
240960
223168
264128
246720
248832
256960
271040
282368
405504
733376
379776
245120
238656
220224
296128
270848
226240
248704
289216
389632
354880
394880
420352
208576
247232
252480
289536
230720
230976
202624
208128
228672
221312
231744
233408
224320
243264
234560
243776
260224
228288
249920
263488
249216
268992
369472
634624
457984
311040
584512
286144
396736
609408
331776
381056
310976
587968
605632
307520
291200
320320
553216
350208
287424
273536
261888
341248
243968
208000
219136
200640
262848
198144
215808
288448
234624
216960
192000
199936
180288
190976
215040
212416
221120
224064
242560
303296
350656
295424
181696
186880
190912
259904
187200
203840
197440
212096
197312
209600
225728
225216
214464
252800
240704
414016
280320
287104
362880
462592
369152
226816
218496
310144
356160
236928
206336
279168
223552
188608
180416
208320
299520
346816
239232
235328
297536
357760
275136
180800
189120
194752
197952
202560
188736
206656
204736
209728
226752
199744
205184
207680
239616
215872
244736
228096
370752
315072
310400
218816
306176
297024
311168
361024
329856
269312
446144
544896
318080
303104
308416
317696
260736
311744
300800
305152
315776
538688
305088
505280
463616
514624
290944
327552
302592
246848
224512
330368
223808
224768
209280
258688
223168
230208
179136
196928
177280
183872
186112
186944
204032
201920
195968
198720
214592
198656
194560
206208
201216
198720
208448
202752
218560
200512
205376
191680
213504
215232
237504
204032
201024
218880
216576
213248
214592
226240
222400
234816
295808
391488
396672
390976
216192
184704
199744
195136
202880
209472
210496
228608
238208
231168
360512
237568
221952
223360
255808
395840
393536
336128
257216
268992
265088
254528
403584
368704
278592
320960
238784
235136
203904
205248
203904
201536
198336
194944
200320
192768
213824
215488
206080
203520
222272
217792
218048
213248
203200
205824
222976
236288
258304
248064
246592
208960
238848
218944
248384
249664
227072
218112
232064
241216
252544
251584
234624
262208
282624
611968
618112
787328
667392
527040
421376
250304
254720
352896
314752
257472
419328
387136
381824
321408
271744
257408
380672
249280
206336
221376
204160
226048
226240
190208
210624
196288
187904
195008
192512
207296
199680
196096
235200
215936
230784
211136
202048
227712
248832
213120
219520
227584
239872
225216
241408
245760
233088
212800
224128
235392
231936
212800
207552
233600
224192
218752
204544
227008
242624
241600
226496
222336
225472
237184
234496
234752
241856
246784
248576
282880
244224
264512
241856
277248
272320
277824
252288
266880
274752
283392
295296
362752
324224
658496
392064
390976
353344
302464
331200
409728
359296
515648
499072
559552
725824
410240
204608
240256
365632
201792
230848
199040
216192
205120
222272
220544
215168
216960
213440
226752
223360
217152
208448
217792
239424
228096
214272
208960
220352
224000
237760
252096
218816
230656
235584
238592
223808
238016
239168
225728
239872
221824
244544
227264
234240
248576
243136
238336
253760
247936
256384
245632
238080
255488
242880
245184
274944
273856
264256
283072
262720
258176
257280
281408
273344
310080
262592
290112
254592
235840
269312
259968
267072
282176
270720
263424
311168
307840
285440
283392
266880
306112
275456
328192
264192
288064
320576
261056
285056
292544
302080
292480
312384
356800
310784
261696
288128
306496
276480
279424
250368
252928
273536
280384
282560
243072
294080
280384
357824
289408
264384
251712
280128
302848
310144
311744
271872
290880
301184
283328
306880
332800
424896
508288
529536
408384
283904
254848
354176
368512
379136
455488
616000
463808
345408
535872
504256
442176
363392
303360
309248
644864
461120
361152
342656
302400
240320
248768
264128
258176
242496
245248
248384
247296
253568
240512
247872
239872
258304
255744
252672
259904
258240
281920
293312
279744
270336
274112
275904
289600
362624
264512
287488
278400
318464
279936
293696
281088
311232
280896
295808
298368
289152
300992
301120
291968
315456
290368
314560
333696
297664
305984
330624
338496
313280
321536
303744
332544
327808
355904
344576
534976
366976
344448
683712
466368
480064
310528
294656
283840
282112
318144
342272
294016
315008
413696
359488
385216
294848
294592
353088
318144
315136
332608
319744
334656
386688
361472
371072
395904
365120
375616
487296
390208
354944
334464
358848
329984
342912
355584
332928
357888
346112
365056
293248
351232
299200
304640
325632
316288
333568
355840
314112
325568
350400
320320
363392
411584
405760
370240
445824
424448
422912
401408
643712
661056
498048
581376
680768
480512
676224
607808
726272
509696
423360
344384
404864
370752
347904
303232
310592
312832
293376
319040
314816
272000
297792
290816
311424
320000
335936
308992
296000
315392
342400
304512
321344
348352
296640
304512
329536
352064
324928
347136
352320
325568
335488
377408
445312
384448
333056
375680
371392
331520
350144
382272
341120
379200
331392
390464
345408
355008
367168
363264
369088
427520
401344
429504
467648
387200
383744
393088
356416
354048
342400
357248
422464
396160
389760
359616
407488
419200
396352
363008
367872
388864
413120
392704
415616
409344
572928
471616
389504
419968
399296
424640
458496
384384
437568
405184
400832
387584
465088
416320
394368
428160
383872
469568
502208
398400
433024
689216
570944
500928
399168
479936
444224
801344
615040
574848
764480
688576
687040
544896
624128
783104
564416
763328
661568
535168
637056
616576
531968
834688
744128
807424
449664
444352
432384
343808
336320
349696
346944
305856
302080
318464
318080
361344
331840
328128
459200
330880
337600
373696
304064
351104
342720
369088
387968
342016
342208
372416
381760
363072
334528
332160
357312
372416
373568
355520
361280
326080
366336
377408
336320
354688
420032
330560
349952
374144
362112
372160
375232
375808
356736
407424
363456
396928
475392
363776
396224
414080
391296
386432
391040
367680
450176
378304
411392
389696
379072
444864
388608
405184
427584
437248
422976
579072
405632
386816
416448
398656
396160
383552
377920
441088
454144
432256
394432
442816
430592
415744
423936
426432
453440
509184
441472
631552
451392
525504
536256
489088
465536
827456
564160
749568
451392
486144
547072
520960
613632
444544
544000
473152
438720
390336
425216
484864
436608
409536
553152
450880
465728
446336
461632
427264
402496
394176
454528
408384
391552
396480
384448
416320
393216
375040
388288
451584
396864
496064
388800
380544
439232
408192
445312
481728
451200
466752
485120
472000
504640
462464
392640
404928
431872
515392
452544
684416
569856
658880
576576
470784
511744
402944
635968
487936
454272
478464
643072
554816
437120
473280
413504
416896
385728
401600
432256
499328
414656
435328
405760
463680
501376
404480
400768
545984
411968
434432
429440
492736
408576
449088
462912
457536
517888
486592
566016
521728
470272
504512
538560
469120
532992
484800
470528
528192
504320
505984
513984
543488
469760
532672
604032
530880
652416
680704
760256
910080
521152
646336
496000
488576
419200
419840
468288
451456
566208
445376
448256
433792
485760
461056
481664
539648
502592
470400
538560
511424
469120
615808
562816
522368
649344
566144
583616
535488
486976
641472
521664
657216
668992
852416
689408
586688
449088
597760
552512
511552
557888
651072
494848
571136
467520
523648
522176
486592
517056
466112
475904
507264
490944
466944
560512
554368
471168
550976
692928
502016
551552
487680
508672
640192
557376
531584
574848
641536
750144
732736
649152
1179520
835328
773952
1034496
1073920
1228352
473920
453568
491968
637696
494080
475264
467328
506368
544192
528192
481024
521344
554176
495808
485632
510528
463488
460608
436544
436864
497408
501760
488704
449728
422976
428352
465024
438208
501248
505152
460160
454912
458752
448832
479552
495552
527040
478720
483968
521472
482752
548672
488576
531520
525504
470272
479296
531200
486976
571392
538496
555456
468160
527168
505728
519424
527424
515840
473984
534336
512256
570368
557120
521024
530816
511232
487872
467136
592960
525824
548288
536576
522560
530880
504960
542784
613824
617216
513472
583552
688000
881984
662208
604800
575616
545728
851136
514432
453440
485184
520896
605568
535232
635008
830144
573632
573760
649024
657728
624256
646272
580480
534656
669312
516928
548608
600768
573568
550528
592128
562624
495744
562368
532352
519296
557312
501248
515072
459392
564352
599104
550336
584896
534336
505856
573888
503104
516736
534528
537472
541696
546368
565568
630592
591104
568000
588096
593088
580992
688960
891712
662848
866816
924608
627584
627072
698432
777280
648320
1028992
1116096
1488576
1338624
1351424
1099776
1286528
1130560
839424
1010112
798272
612352
510272
439680
525504
443712
469568
491840
458944
492928
437184
438208
454656
450112
448832
458816
463232
469184
464576
499456
491456
530816
467136
470784
504064
485376
497664
536000
463616
511872
520448
493120
503744
495616
511552
502144
489280
509376
486144
517696
540544
501632
614272
540864
524160
518016
512256
502080
544512
516608
541760
511488
538176
520896
516160
538816
598208
563648
539520
505920
583936
562496
525056
605632
524480
560000
590592
519744
595072
533376
563456
650944
609152
639104
727168
616640
712192
524672
525312
648064
689792
617216
575296
664576
555200
552512
590016
639616
570688
561600
559360
612224
585856
573952
585152
586368
568768
556544
506816
591936
606016
549824
607488
521856
528704
562816
518272
505728
544320
527104
615936
620928
588224
622016
574784
555520
572416
590912
697344
745216
903744
773696
933376
737536
596032
795136
563520
844288
581440
578368
573696
588224
583360
659328
711936
603520
535616
596416
618752
659264
578112
540544
615872
541632
520704
617344
670720
605568
754240
551680
521664
575488
572032
578816
533568
719360
550592
602816
773632
700352
660096
726336
605632
561600
593536
687488
652096
568704
572672
570496
549312
705216
589376
622336
607168
575040
569152
630976
723328
679424
686080
660224
725376
672256
661376
747392
941632
586560
752064
619328
616192
568064
608064
629184
604032
568960
703168
582848
664128
749184
669568
644800
657536
685824
625408
712960
566912
624000
623680
810112
799104
664640
933696
748032
855424
1106944
819648
851840
636288
870912
686720
600896
758016
661440
735104
816640
663296
665728
691968
698624
618560
700608
762944
616320
636992
640576
630528
560256
644096
635200
669952
676800
640704
683904
612544
661312
542208
622720
586944
660224
663488
633792
659968
665344
623616
861120
783104
777216
691072
897728
702848
1067840
1122432
1018688
1394176
917888
2674496
858048
892416
806592
659456
690304
622272
583168
577728
579584
608512
553024
610688
548672
536384
614592
555008
557632
610880
598464
613184
636160
562752
548288
573056
554176
578240
596736
558976
596800
590080
602752
563264
626304
615296
598400
664960
585472
618688
629248
627584
711040
615616
579840
629504
587712
617792
616192
602240
645312
583680
627968
651136
600704
647744
652928
632704
622720
636096
606784
612608
677056
754304
707392
639488
605056
703296
675328
791680
776576
719616
852096
750848
831488
598784
607744
598400
613312
606656
564544
618048
607616
597568
659456
638208
634752
709824
616896
632896
728256
650880
752384
713536
677056
655872
741440
656832
662272
697152
744832
639424
601664
642368
654016
642496
643328
603712
667712
611072
626944
580608
581376
641600
629120
673728
591040
651072
594688
614080
625216
636480
1012032
672000
673536
679296
634944
650368
618304
664448
639040
645760
639872
753344
807424
994240
856512
871424
1283520
1504384
1281792
1166144
1532224
1261376
1647872
822592
722944
938688
663872
644736
661056
585088
624832
563520
532480
594368
533120
545920
577600
611072
549888
571584
532416
544448
587456
556288
581056
596928
610432
596544
565440
573184
579520
632192
585152
652352
620096
584320
645952
621056
670976
705344
650880
635264
711872
693568
635008
685824
609344
656000
616192
758720
628544
650624
710848
627392
620352
662336
679232
598336
644544
666688
657472
661824
613312
685696
677824
630848
617792
680896
658944
590336
621184
695104
683904
726784
725696
648128
764096
771264
654336
704512
788736
644032
662400
630272
729280
655936
633344
660224
756608
675456
671040
712960
658752
693568
619904
648576
686848
708480
625216
652352
636096
704896
649536
606592
604736
1334400
901312
671104
856128
595136
718272
677760
669824
660672
698560
569408
603200
592512
628544
600576
614336
666752
654528
640448
661376
633856
605632
671104
644096
679424
919232
825472
982784
1374720
768704
1587520
883520
968192
1308160
783616
1474048
935680
1000512
672576
711424
636352
606848
610688
641280
559936
571584
574016
602880
537472
557504
550720
548928
556864
592128
556800
546048
586816
566528
570240
579584
556992
575808
550656
569344
587520
623168
601472
576896
598080
592064
603648
601152
618560
624704
616320
611520
632448
626496
608448
631872
610880
662400
618624
649280
627776
655616
635648
648128
656960
626944
700736
625408
671104
654016
621248
686912
625472
606208
634944
600384
631424
655936
607936
622464
598976
648640
613184
674432
649728
623616
632512
616320
629632
626688
645248
648384
672256
622336
670976
643584
713088
756352
732800
623488
663296
651264
633024
714432
686464
688192
632320
620608
648192
613568
628736
631616
623296
632640
627968
622976
616256
630912
617600
600832
637312
656256
682624
613440
633216
614400
622208
615168
623104
608960
625152
665024
663168
649600
656768
683392
728576
726080
769664
685376
937024
654976
992832
1103744
938880
691584
890368
697984
635136
769280
721408
654720
641280
603648
645824
631232
615040
635328
627264
646720
602560
615040
627712
612416
600128
626368
616640
607552
641216
620800
621120
603520
637120
648192
695872
625728
635008
636224
659904
650048
667392
661760
642432
658048
640448
734784
664832
642944
657280
677632
640832
643904
637568
667648
675520
652672
668864
649024
658368
662336
692864
684544
705152
741312
758016
749760
717440
739648
732032
641280
692608
703808
684864
810752
730432
684928
684672
652992
651392
655680
699456
658560
717952
681088
661824
678016
668992
648000
632768
698048
685952
677440
640832
745600
647872
666048
668096
714560
737408
668992
676352
658240
671616
668032
706368
701568
705408
749632
689600
642688
647872
674304
647232
635968
646016
640256
622720
631424
645696
619072
630848
662528
645440
646400
649920
651008
655808
653760
636800
676736
684480
692352
685504
683456
654336
707392
682496
692224
695872
730176
701696
944128
781376
762496
718976
682304
728512
765696
659584
705216
733632
712960
685632
705728
681600
688256
738944
736768
814208
766720
701824
651776
650560
684608
680832
680256
634496
675008
655744
665728
705600
694272
727232
784896
709120
674944
667584
693248
696576
715136
724288
702080
739008
693952
673728
683584
688896
730880
707584
686976
713408
685952
722752
711808
699392
692480
731328
706304
758272
748672
755840
771136
721984
719808
793408
764608
747968
744128
709888
805248
733184
756288
718848
730368
749056
779712
745856
767104
733760
759680
829440
1130816
897536
1380608
781248
1018304
1211008
1118400
948224
1409088
956224
1523520
839616
1659584
995072
829632
806016
811136
774080
844992
704832
720384
631872
683328
650304
662592
651456
653056
641216
664192
667584
630656
613376
633280
641408
654656
649152
630848
646336
658816
664704
639680
633664
633792
672320
657472
660480
657728
691776
692544
686144
689280
676416
662656
688832
690240
711936
707648
706752
781504
976192
847360
792576
730944
802112
827584
781056
904448
806464
911680
771328
753280
726016
708160
656704
701760
784512
757312
614144
643456
678784
626112
638656
670016
715456
657024
676736
684288
663424
680640
674112
680768
704512
674880
681600
699840
683072
683008
700864
698624
698240
705600
684160
691584
756736
705856
734848
763008
772416
711104
694144
703488
702528
702016
728192
736064
755520
771520
734720
733440
778496
742080
722304
742976
728832
743936
709696
711616
743296
716608
734080
790592
719296
767296
797696
757440
730624
733376
734464
722880
777600
751296
735552
759104
749888
712384
715008
794112
780352
789120
716096
787072
754944
798656
838080
886720
723200
758272
767744
704896
750528
790720
792128
770624
756352
795136
746240
736896
726912
697728
706880
711104
697920
684288
703872
688832
711744
710848
704448
723392
698368
701760
689408
758016
727296
729408
699520
731904
730880
756544
727104
723776
722944
716928
726656
725376
733056
768896
754944
1068096
916416
947584
826944
741632
759936
922752
754560
820928
980928
1214976
754368
999104
839488
816000
820800
1072320
995840
946944
826752
767936
716416
747968
722496
665088
676672
715328
706496
740224
718976
712128
749056
749824
750016
711552
684032
756608
720576
733952
746112
721152
739200
724864
725696
774528
737216
790336
760640
786880
732480
749696
730176
721216
724864
759232
740992
717824
778880
738496
736000
739072
766400
750336
765056
781952
771776
789888
750656
796288
772352
773312
768000
753472
785024
774272
708224
810368
737920
743744
761472
801600
778688
780352
754816
745472
742720
740288
813568
840064
769344
736704
777920
752384
767232
742784
740352
767488
767424
811712
770816
831040
937664
863808
991424
898432
828032
801216
786176
779648
747584
747456
745792
725632
704448
798656
738688
742720
711808
703680
720512
704128
697024
722816
738688
719488
754816
719168
751744
726272
734336
750784
731072
722432
747136
780544
733824
784896
829056
780864
1098752
883328
934464
824832
824256
811456
854336
780096
837120
854976
858112
905664
901760
852096
882112
808128
822208
894144
942016
755584
769920
751616
795200
768896
724352
703360
766848
725184
705088
746112
914624
788480
764992
750976
731968
700544
778624
742976
738368
764864
758784
761408
766976
746752
822592
755072
768576
790336
754496
748736
783104
760064
741824
757952
766464
750528
749312
787328
761152
773632
781952
769408
753856
777152
788288
789184
786624
754880
785792
754240
785408
788480
774976
799104
820416
782912
807744
780288
780288
776064
836544
796096
795520
777408
758016
752640
759424
812480
794240
801024
790656
848960
820096
836800
839936
866112
778560
753920
835904
785984
778624
785280
1145088
812992
881664
793856
771008
779520
788544
756224
788416
742400
774720
722304
751808
743872
760896
764864
726528
844160
757568
772288
726272
730624
749632
768832
744064
756800
779136
812160
768256
776768
757120
766528
764992
765760
781824
804800
860096
1173120
906048
871616
881344
914752
917952
933696
831040
821440
826304
858816
850496
790336
826624
761600
845120
838144
828672
819136
746560
784320
738496
763840
798528
777792
753472
773888
787520
775936
770304
799040
790144
783488
781248
776128
776448
814272
785536
790720
793280
809984
807936
787712
842048
830976
818048
839936
837504
805248
783040
782784
802048
819200
802240
821120
784576
788800
795072
808704
808832
806016
833856
794816
814464
817280
884736
838336
806464
826432
820992
826560
864320
1032768
837312
930816
817600
867136
835776
835584
838848
894144
894080
858496
847680
837760
886400
939904
931008
1046976
837568
796864
799552
805952
780544
848832
863936
838208
815936
805056
802368
777728
804736
817664
818752
809536
815040
810304
857856
841088
828032
840192
794240
801536
785664
766720
773568
777536
789888
752000
785408
779264
815744
782720
786432
787136
773440
761280
797888
790784
811264
795968
832960
803648
842688
828096
817600
897984
967744
1016640
1248512
1083136
1156672
975808
1006464
1011264
1046144
1065472
1529216
1057088
1038400
1225536
1194112
1414784
1112320
1360192
1128960
1145152
835968
923648
907072
949504
777856
833344
722496
739328
756032
728256
793856
756224
736640
744512
741056
752000
713152
727616
755968
765376
751552
779264
760384
758656
800768
769792
820160
778944
789376
816768
770880
790848
755968
785856
771904
764416
784832
766336
780864
958336
805248
800064
796928
792128
801088
788160
834624
841920
800832
779264
812544
792768
815744
822784
791808
824384
853760
807552
798272
779712
788224
808000
834944
811584
796992
808320
793920
785344
800448
842688
829632
820096
790784
840832
809024
820672
808384
800704
806912
813888
854976
820736
814976
807808
820992
801920
805696
803712
811264
808000
811776
816640
838464
809984
773376
784320
791424
773440
798592
792448
838784
802816
792448
817792
814272
813440
821248
854976
845760
809792
871936
819968
781952
806656
796096
801408
792064
765184
779968
833536
859072
1172992
991488
982848
1035648
893120
923200
982208
882944
827584
865664
899136
876288
840832
820160
821184
827648
819904
839168
812864
802496
815872
760064
788480
813184
788096
781696
813376
798400
801792
800320
788224
805120
791360
797120
790336
812480
827520
798464
813888
822464
809920
829120
832640
814592
849856
845696
849600
855744
835008
852992
860416
817920
825984
804160
814720
827968
838528
870464
845312
852096
822272
826624
835200
824896
869760
835264
829696
832256
855040
813888
828224
878912
834496
839488
882624
862784
856960
813696
836800
866176
894080
845760
860032
881600
834240
830912
882816
901632
873088
860096
866944
1018240
926208
962688
913536
937088
870912
822912
897856
810304
828672
820160
880384
838528
872384
846016
848384
825536
809664
835264
858560
810752
819328
802560
811072
811328
829120
867264
827008
803584
788224
812736
793088
820224
842240
810624
824192
828352
831936
821248
809856
863744
807104
820544
804288
839808
849088
854144
862080
1220864
1059648
1058048
1027584
1036096
1032576
1212032
865600
981888
1102848
1087616
981632
1089920
924032
907200
878528
849536
829312
823040
821888
832000
792640
814720
828288
828480
800768
789312
800512
815552
798528
815744
837632
808192
824448
809472
824128
846016
856384
846272
857344
829248
847168
836672
823360
872256
850112
871232
878400
861184
858560
855872
858112
870720
877376
851904
824000
854400
904256
841024
857280
877760
847040
848896
826944
847360
871680
850496
832256
847104
840896
841088
919936
860160
866752
877888
838400
869696
819328
840448
841984
925184
896896
870144
859904
835648
833984
873856
881536
885760
879168
846528
957824
888256
932416
895168
925824
916480
925376
951744
879936
867648
932544
863104
880256
939776
920000
877888
846656
844608
850944
869504
1015168
901440
831552
823744
824192
831232
865280
827136
850304
836096
860480
830656
852672
861888
892032
834752
906048
840640
826496
858368
860160
830784
834752
836480
838464
869504
816064
872192
1243328
1027136
1023296
966656
935168
908032
917952
911040
946496
895616
870400
875904
959616
933568
891520
885056
867456
914624
843840
840384
836992
854912
874560
914752
853248
854208
854400
851328
861696
860096
840192
844288
854336
853056
838400
820096
863808
839040
867968
844800
854656
845632
848576
861184
905344
846592
883520
894592
882112
874624
930112
845312
842368
847872
866304
1142400
875968
877760
945984
862848
889664
864256
859712
882304
918208
883392
893248
929920
924160
832640
853056
872128
868928
848064
905728
828608
864832
843712
837824
848832
867072
880256
854976
892160
857600
842240
858688
889600
876160
897984
871040
918784
887808
902464
889344
861504
875840
884544
892736
872448
895296
907456
911744
893696
922688
928768
944960
988096
973760
1333632
898112
1068416
953920
961728
860416
904000
854720
828608
857472
843904
831680
820160
851072
854464
861952
853568
825856
854848
818624
820928
824000
858368
820480
839232
833536
863872
883776
860160
883008
1251136
1075072
1013184
971520
994560
942336
958656
975616
1056896
894016
948224
1009728
1018368
920000
870400
941888
927936
882496
853184
840064
851392
832704
836672
874048
851136
845120
824576
875008
852544
828992
887936
889792
863104
958400
851456
853056
877312
872832
897536
867904
872576
875712
898880
860928
920640
857408
869888
864384
866880
882048
875776
882816
867712
883776
881536
870528
883392
894848
889856
875264
885184
900352
894208
872000
951808
942720
937280
932672
887744
925760
878912
908992
888192
904384
933248
867968
894144
875392
867584
890560
921792
885248
881472
911232
884480
853696
897216
896768
917952
916160
892288
952896
885952
955264
926592
915584
943552
981248
944512
938880
904064
898880
932288
954240
943168
953728
934464
917568
885056
878272
882560
870976
871488
852352
887872
881728
873792
878272
850944
855424
877696
895872
874816
897088
880768
889920
868608
890048
878976
870016
858688
891136
894336
909376
879424
873152
873408
920128
939392
1341120
1091072
1015808
1039616
1023232
995776
949440
973376
978176
900160
920768
981952
1052800
968512
924736
922496
928192
909888
915392
874496
912576
896192
890816
890304
869632
873216
875392
887232
876928
880128
899264
874304
874368
909952
870016
856256
938752
928384
867712
890752
904064
921920
888896
890816
951744
885568
894592
912960
931648
928256
931200
900992
956032
892608
918784
881408
884544
918400
959872
910912
915456
965184
980608
960576
968192
956160
899840
891200
898560
892096
908352
916160
917824
915712
984768
902784
917440
911488
889088
909888
918528
922176
932224
885632
891200
895424
907008
929600
922304
931456
909056
977024
973504
968704
949568
980352
926016
963072
956992
963712
975872
985792
944448
1004736
960640
962816
947904
915264
895168
1191296
935680
864832
906816
861184
875392
880512
863360
861248
869376
867648
865664
864576
882240
897216
917504
865600
886272
884096
880704
890304
896768
899200
881344
919296
895488
921152
905280
932736
962752
1280128
1150592
1051648
988416
1249280
1023168
1048576
1019008
1109440
917696
1049408
1005568
1043392
1058752
1083712
944768
1005696
923264
892928
853504
876224
862400
906368
902144
892416
855104
889024
915776
881088
898048
903680
879296
900800
903488
882560
875392
921344
901888
887936
912832
924608
900992
926080
892480
958720
922176
924608
958272
953024
952320
926464
953920
948288
961920
920448
909056
925376
936704
919168
896384
903552
912512
927360
923008
943616
923200
914176
884160
926144
933440
934592
971328
944832
901888
917888
906240
929792
962752
912704
924352
940160
995968
965824
952768
927808
938816
928320
943360
952832
944704
925568
967616
953152
949184
950592
938560
939520
904896
957440
909952
924096
934656
962624
950592
962880
979328
983296
965440
988480
1144448
943936
966144
937152
916928
881920
884608
900224
920832
895744
903040
987392
891328
904000
922048
935808
904448
886656
893952
884416
898944
885312
899264
906048
903680
889856
891264
916224
923584
945856
1330496
1134784
1077952
1054912
1069632
1061696
1197248
1135296
1260928
1184448
1174464
1002624
1118848
1001792
969024
958528
944256
979136
924352
877824
908800
898176
923392
898688
898112
869376
890816
902080
883136
894656
900992
897728
898880
905920
888640
892608
914752
934208
927296
903680
943296
904384
917952
920064
985472
930688
954496
930304
964800
934400
927296
982208
939648
949952
937216
926656
950976
967808
960256
938752
924224
961600
932864
930880
973056
972288
933120
962240
973312
958400
917824
958912
929472
960448
991104
948672
942080
944704
920320
930432
971456
954112
986368
948160
930176
923968
921792
971392
964736
974656
936000
988864
954048
944512
936064
946752
939072
913216
949376
948800
946496
975808
1022080
1078016
978880
1052096
974144
996736
921856
937920
900160
939392
902336
882048
896000
904384
899904
911104
920064
953152
911424
904896
934208
936000
954048
919552
914752
909056
897280
910656
913792
920960
928320
932672
952832
933824
941440
941504
946176
1303936
1155456
1137792
1010368
1130112
1153344
1118592
1040000
1141056
951296
968576
1023296
1104896
1067200
1036096
1118016
1031808
967872
936576
935424
899008
885632
908736
931520
924992
886016
893376
986944
920960
912704
930816
923008
930688
924352
914304
911744
965760
937472
914816
948672
966720
936192
960512
913024
986816
968000
952064
957056
934848
951424
961280
944640
943424
946624
926912
956992
953024
980544
1002240
940672
986240
993856
948480
946368
982208
1003456
964928
949696
939008
931264
920192
948480
946112
939968
992128
929280
929792
937408
944384
941184
965760
947968
965056
948544
971968
933568
983104
970048
966208
975488
952448
982272
954688
985856
1012928
957696
970560
962048
988544
958016
983552
974784
961088
977920
965184
982080
945728
961472
942016
906752
935808
923840
939968
911488
926592
905600
929088
905984
912832
932096
921152
909696
904384
909760
906432
908096
936704
944512
939584
993024
940992
950528
1024640
1025920
957504
932928
942336
938880
950848
1336576
1116160
1087296
1012096
1022848
1077760
1057152
1057664
1107008
1100416
1139072
1000000
1003584
954432
958976
1030336
1033344
965888
928320
911616
933824
926976
930048
958272
935616
960960
949056
954432
908736
931712
937856
929216
951040
959552
923008
957120
962944
949376
939008
966912
956224
955328
948800
957888
978560
952128
966336
961856
962880
955392
933376
991040
941504
958464
936384
944000
970112
950208
979456
945024
961920
992256
972800
961408
1009088
976832
957632
970240
947712
957760
948928
959424
950656
966656
967936
947008
945600
965248
922688
931328
961408
933632
977920
960000
936320
938944
973312
962496
960192
1005824
975424
1050688
1032128
1008320
1018368
1058752
970752
987776
954752
952256
947584
950464
979904
1005824
968448
991872
967232
964864
924992
941248
960192
928128
940160
921664
932416
923520
948480
928064
931712
950144
921152
923968
941056
934016
924992
932480
925824
938560
916096
955200
947712
929792
1112512
963776
972160
942464
933760
975168
964928
1351552
1137792
1064192
1075392
1070976
1093760
1112640
1056576
1169216
1107968
1013568
1024064
1051904
981568
1006592
1006784
1032640
951872
945408
966144
935872
947136
971648
990528
973184
944960
961280
998016
934848
976704
939008
930176
938368
983104
956736
923008
975424
984576
994496
965952
971392
934080
952576
952704
1027904
974336
964544
974976
966784
953024
979200
982080
988544
976000
957888
965632
975168
984064
960896
943808
1017216
988352
959488
946688
999744
1035520
962304
981056
975552
968000
977920
990464
978304
989312
980032
966144
1016704
983104
966464
976896
981312
964608
964928
941824
949824
939328
971776
966528
968320
990976
974528
1021632
1004288
999744
1011456
1010944
999168
987712
1027136
1007040
1030912
1038848
993856
1005504
993408
991680
1007424
983808
969344
960576
964288
934976
948672
926848
937792
954496
983488
972672
956160
978432
960448
958848
955968
955072
942144
965568
947904
983296
970112
959872
967488
970816
947328
1000512
1021056
962240
972480
992896
1005440
1385024
1200704
1086464
1066688
1084736
1136320
1139648
1040000
1075648
1101568
1091712
1088256
1085504
964480
951872
1062528
1041408
1005632
963712
941568
970048
959552
964800
989120
964928
967936
965504
957760
970560
965248
972032
991232
1002944
1010304
960576
949376
1022976
1009344
1013056
998784
990784
980096
982016
964288
980864
969280
977664
1018496
1020096
977920
986752
995008
1000192
982272
974400
990976
986112
964160
989312
988800
987264
1023616
1065600
1003584
1027776
997376
981376
975040
993536
967360
972992
1036032
973696
966208
966528
969984
1010816
994752
980160
966208
1038720
1010112
997632
993216
1000192
967744
983936
1034048
1010048
1020032
991936
1057344
1008640
1014848
1008896
1011776
979904
971712
1021312
999552
1025216
1012992
1040128
1022336
992640
992192
998848
990144
994560
995200
999168
962880
978240
967040
966016
948672
980544
967040
992064
1012224
961920
956224
984640
988480
973888
1230464
985152
983488
990912
1004480
983104
971136
976384
990720
990848
998400
985664
1017216
1029696
1467968
1186880
1153856
1146624
1186112
1104128
1195712
1063104
1067200
1074240
1043520
1071680
1045248
1007424
983872
1086144
1063808
1045184
1028288
1014464
1007424
997248
1017920
969728
963136
963776
947776
1047936
994240
1016768
982592
986880
980928
992832
948928
950336
994880
1016064
1007040
1018048
1040640
1012032
971328
1043584
1055232
990720
1001344
998400
993152
980224
997248
1009472
991936
967744
996352
983296
1005696
1033088
1018688
977600
972864
1009536
972928
960896
1018048
1010304
997376
993728
1001408
1022464
1005568
1014016
1003520
1025152
1004480
1046208
1049344
1013312
1006400
983488
1066560
968896
978624
986112
978176
968896
987648
988416
982848
1017280
973696
1033536
986048
1000320
1019712
1005504
987456
993216
1010368
1019584
1021440
1043136
1027072
994176
986496
997504
1006848
1026624
987200
977280
994304
970176
960576
956608
967744
941568
989696
964288
997504
1011840
963648
966272
968768
965056
983232
970688
985024
993984
963584
981376
971392
968128
980224
998848
1021376
973568
999488
988544
1011776
1396096
1199552
1149568
1115328
1195776
1204736
1258624
1168832
1415232
1046784
1137472
1112256
1109632
1070464
1079040
1030784
1029888
1004032
1026816
939008
998464
1021312
1027200
1023424
1081984
964992
951040
973760
955008
985344
972032
968704
983040
987392
982720
995456
995008
1036608
1006848
998528
1030016
994688
990656
970752
1045248
1006528
1004864
988416
1010176
980352
983360
1000960
973696
1004544
988352
987648
1008000
1027968
990912
989696
1001792
1045376
1010944
996096
1031616
1003712
981696
982592
977216
1000960
969984
973120
989120
986496
997888
957248
971520
969920
962880
960384
979968
980992
999488
971712
990080
987328
1001088
1000064
993920
1044608
1025856
1069312
1009216
1046080
1049536
1036800
1014400
985408
1012544
985536
989696
976256
997056
994880
981056
1020352
988544
1033728
990144
979776
993856
973760
997824
971520
957056
983936
985728
975296
1001024
1030016
1006208
981952
1002752
1012672
962432
989632
1002496
984704
983040
982912
1001536
974848
1007808
1005056
1009344
995008
1001024
1043008
1004416
1427904
1185856
1157504
1090304
1110592
1202240
1141440
1083456
1132928
1079232
1061952
1050944
1088192
1042496
1015040
1019456
1063872
1058624
1026944
974976
966720
958464
996736
986944
989504
966784
993024
1023040
1009728
1033792
1005824
1010880
997120
1017600
1002496
999808
1034432
1038592
1004224
1059904
1050816
1043840
998080
993920
1032384
997440
1022208
1012544
1027392
984576
1007040
1026944
1012416
1007424
1036352
1041344
1007744
1036288
1046080
1019392
1006720
1062016
1088256
1072000
1081152
1023616
1018112
1002944
994432
998336
989312
987520
1020800
995968
1004928
1011136
996032
1005952
980032
1002368
999232
982080
998720
1004992
1016064
1004928
1022720
1005120
1024704
1019008
996928
1015232
1029440
1019008
1043520
1041920
999680
996864
1052992
1032448
1011072
988992
1038208
1030592
1024064
1035072
1030848
1043072
1025408
987904
1007488
981504
1007552
997888
1006720
999104
1030144
1020416
1051392
1029504
995392
1033408
998080
1018944
1028544
1032448
1016448
1013696
1011072
999360
1008704
1009024
1020608
1017728
1003264
996288
1021056
977792
1004608
1419904
1206912
1129216
1079680
1141696
1206912
1188800
1108224
1125120
1076608
1022656
1070272
1020416
1015872
1005312
1029120
1021568
1025152
1021824
1027392
1042624
994816
1039744
1022592
1000832
1011392
1017856
1015232
1020672
1025344
1028288
1014720
1053632
1009024
981824
990208
1032192
1049728
998592
1038720
1062592
1057152
1009600
1028544
1062848
1018560
1033024
1003136
1044672
1001408
1010112
1007040
1011456
1031104
1001280
1035072
1027968
1006720
1003968
995456
999296
1014400
1010560
1007360
1048000
1016576
1004480
992768
1014528
1016128
1010304
1032640
1004096
1043584
1033024
1029248
1027968
1004864
1010816
987968
1047552
1040064
1015040
1020608
1023744
1022400
1030208
1030720
1035776
1034048
1025984
1071488
1049408
1090816
1082112
1132544
1005248
991360
1021760
1002560
1003392
988416
1021312
1039552
983424
1002304
1005632
1035072
1014976
1016576
1025344
973888
1024000
986496
995584
996352
982976
995392
991744
1018688
989504
984704
1004416
1060800
999296
984704
1016512
1000640
993408
1027776
1003840
1009216
1013888
1067264
1066048
1043840
1023872
980736
1015424
1393024
1222400
1136128
1110080
1144832
1153280
1147776
1191616
1156224
1092416
1147968
1153792
1064896
1059776
1074176
1136128
1107392
1090496
1036096
958272
981760
997760
998400
1016576
1008832
1006272
1011328
1011648
1002496
1025280
1027200
986944
1023616
1021312
998528
1008832
1028480
1047232
1004672
1018560
1042688
1022976
1044224
1003520
1044096
1046144
1025856
1024768
1020288
988416
1010368
1015488
1026816
1019584
1007936
1011200
1030784
1012608
1021824
1013184
1008960
1050816
1032896
1023232
1074240
1044416
1031168
1012160
1018944
1012096
1009024
1019456
1010560
1024768
1025856
1010112
1021056
1008192
995264
1020736
1009984
991872
1051904
1038912
1005056
1008768
1011264
1009920
1022656
1033280
1029888
1095616
1050816
1056704
1077120
1098624
1037056
1020736
1054912
1037696
1043392
1038336
1022592
1024256
1035840
1035392
1103872
1027008
1020544
1013504
1049920
997312
1023808
1005888
1028288
1011520
1001216
986368
1012736
998336
995392
1022272
1034560
1020224
1008640
1003968
1025536
1031168
1012608
1049088
1034752
1007616
1035328
1048128
1020032
1035520
1028736
1017152
1036608
1388288
1189376
1124288
1088960
1126656
1134464
1107648
1148352
1102976
1163712
1058240
1105024
1063488
1043840
1020352
1056768
1032000
1043712
1035200
1021440
1020288
1024576
1037056
1032064
1037184
1021312
1034816
1065728
1040320
1050752
1040576
1042304
1060288
1005696
1024064
994048
1035904
1051136
1002368
1039104
1073216
1038528
1022272
1030272
1054976
1034624
1042368
1019136
1038272
1016192
1051840
1036032
1046592
1037696
1032576
1020032
1043648
1062656
1046592
1041408
1061760
1068928
1016832
1017472
1044032
1031744
1026048
1031680
1018048
1032384
1015872
1020800
1034496
1052224
1051776
1022528
1032896
1023168
1013888
1015616
1027904
1046208
1040192
1022464
1046528
1028992
1050112
1067520
1034624
1061696
1042240
1123712
1086464
1098048
1114880
1104064
1093056
1116672
1138816
1149696
1150976
1082432
1074304
1062592
1019584
1101696
1017408
1059456
993984
1000128
989120
985600
1040960
993536
1028928
1001664
1009344
988224
1007488
1028544
999360
1013184
1011136
1012480
1032512
1004864
1024704
1015872
990592
1037568
1121920
1014528
1023168
1039040
1030400
1034432
1042304
1051776
1038400
1467776
1216576
1167936
1110976
1142592
1140736
1142336
1113664
1109568
1090688
1060992
1090176
1054144
1076224
1028864
1078528
1048896
1042496
1086976
1051328
1012096
1024000
1075648
1061632
1036288
1018304
1032128
1033280
1026304
1051072
1051776
1046336
1035136
1059264
1060352
1038528
1067648
1066368
1037504
1062912
1093888
1033024
1034880
1055424
1062400
1040448
1043072
1051904
1065472
1058496
1029312
1046528
1053952
1053312
1031808
1027776
1067008
1047552
1040704
1048832
1042176
1063040
1091136
1071744
1109504
1072256
1083328
1063872
1059072
1019904
1008192
1034368
1014976
1039936
1076544
1085504
1018432
1031104
1038720
1037568
1034688
1005952
1049984
1078016
1084672
1086080
1093312
1063936
1069056
1052800
1047040
1070848
1032832
1016192
1013888
1081600
1041792
1003264
1044096
1053632
1050816
1032768
1022976
1055808
1031808
1053824
1066432
1072384
1031040
1003328
1038592
1035264
1041280
996288
1019392
1029504
1021696
1041344
1017280
1026496
1029824
1009216
1028928
1015232
1006848
1103616
1043264
1046400
1051904
1040000
1036608
1027328
1078848
1043264
1035840
1048832
1052352
1056000
1111872
1475712
1215680
1120320
1139968
1119424
1135744
1167744
1136448
1091648
1126912
1056384
1060160
1045184
1043520
1018240
1096576
1057024
1042752
1048384
1026176
1054464
1031232
1101568
1052096
1046272
1016640
1023936
1059456
1033664
1033152
1083264
1048320
1132032
1129600
1085184
1100544
1113920
1116032
1064832
1057408
1055360
1049728
1042816
1041792
1079296
1046720
1045504
1053568
1068416
1036160
1058240
1062720
1050048
1094272
1024128
1038080
1040640
1049984
1059136
1031616
1055744
1049856
1052544
1041024
1077120
1060736
1083200
1032640
1048960
1027520
1037376
1029376
1050496
1135808
1065664
1010816
1035776
1043840
1019264
1024512
1053952
1048832
1044736
1074816
1044672
1035072
1075904
1066048
1070016
1085056
1086272
1129728
1139264
1058624
1086720
1145280
1094592
1044032
1107968
1040832
1067520
1064832
1054464
1061248
1038208
1071872
1058752
1066880
1046336
1017280
1050176
1022720
1061760
1041600
1043840
1035968
1045888
1038016
1011584
1018880
1032320
1016448
1009600
1022848
1039744
1025920
1022400
1031296
1035136
1040128
1043648
1031808
1036416
1062720
1043520
1067392
1038080
1033728
1058752
1476480
1222848
1201920
1109696
1176512
1209984
1213824
1182272
1122624
1106048
1055872
1091264
1100352
1068736
1062528
1081920
1075392
1060096
1062976
1031808
1029440
1047040
1102400
1072640
1044352
1035264
1032000
1050112
1031360
1062464
1045312
1041792
1085504
1068672
1049344
1036800
1083776
1076160
1046400
1060288
1086272
1051904
1054464
1049920
1099072
1061184
1055808
1065856
1062400
1036096
1062784
1075008
1053824
1061440
1053888
1051200
1056128
1039616
1049664
1053696
1049472
1091968
1094336
1061312
1117120
1088192
1096192
1129600
1065152
1033792
1050304
1033984
1022528
1028992
1006720
1005824
1052608
1048384
1025280
1047616
1083136
1030464
1038848
1042048
1051136
1028416
1072192
1051200
1067136
1064320
1058560
1076800
1050496
1051520
1075968
1084224
1122880
1101312
1166464
1120640
1118528
1118144
1059904
1092608
1063424
1083648
1059008
1071424
1045312
1052736
1045120
1040448
1048768
1029184
1027072
1011008
1030656
1049024
1022528
1051200
1037504
1033664
1042688
1050688
1019712
1070080
1033536
1020608
1016384
1041984
1120128
1052416
1021504
1050496
1054528
1050112
1043328
1034688
1040896
1444224
1253312
1178880
1167616
1230272
1241472
1252544
1153280
1165376
1098240
1132608
1176896
1124096
1051072
1067520
1124864
1105216
1062208
1046400
1036992
1036736
1018816
1086592
1060672
1047936
1050048
1041280
1063744
1046144
1059328
1081984
1036800
1062592
1090496
1053568
1053248
1101120
1075776
1048768
1080192
1108096
1075904
1057088
1062208
1103360
1053952
1067392
1049856
1086080
1068608
1091584
1178816
1120512
1113088
1110912
1122048
1119616
1083776
1092736
1079104
1059136
1060288
1086464
1026048
1128704
1071424
1048192
1057664
1052352
1047872
1053952
1045248
1052800
1046656
1044416
1074048
1052800
1049152
1046656
1040576
1066496
1060608
1068608
1081728
1066048
1048768
1081024
1072704
1059776
1054976
1056960
1108864
1062976
1084480
1125696
1120704
1084480
1089152
1112512
1154240
1093376
1102144
1083968
1078272
1053568
1071488
1053952
1067584
1033792
1016000
1055104
1028224
1095680
1034816
1041664
1035264
1059776
1048128
1133376
1089536
1035456
1066368
1075968
1045632
1025216
1062400
1028416
1052032
1010240
1063808
1040320
1073600
1054976
1057664
1035264
1058496
1030720
1061888
1048960
1471552
1205824
1184256
1157568
1189696
1207232
1187968
1141120
1124416
1119552
1143424
1099392
1122624
1110784
1089152
1104256
1126336
1089344
1134080
1050880
1068864
1079168
1115200
1100864
1062144
1070208
1071616
1096128
1043968
1045952
1473088
1063232
1075776
1070144
1061056
1056000
1099520
1103104
1062848
1074624
1116608
1073344
1059648
1048384
1092160
1070976
1069248
1084352
1081216
1036736
1112256
1060992
1076864
1116352
1071424
1077888
1080000
1067136
1054592
1106304
1061824
1059008
1071424
1042624
1073024
1075392
1054912
1057088
1051904
1058368
1042624
1053824
1058688
1054336
1088320
1030720
1060288
1069952
1034688
1050688
1081088
1055552
1060928
1095616
1049600
1042560
1071360
1069120
1063616
1069504
1051840
1093888
1046400
1081152
1098688
1078976
1069632
1088128
1108544
1127488
1140736
1198912
1143232
1149824
1128896
1109184
1069056
1097024
1042688
1020288
1043520
1044352
1059776
1041216
1047808
1031488
1051264
1044672
1040640
1061696
1046144
1068672
1064896
1048768
1047552
1041152
1067136
1051904
1049536
1035072
1043072
1041088
1044736
1079296
1074304
1079360
1050880
1025792
1054784
1420224
1264896
1182528
1147328
1152576
1196416
1161472
1128960
1118656
1086016
1091328
1106176
1157952
1130944
1107840
1179520
1133888
1139008
1126336
1091072
1070080
1071296
1081856
1065792
1077056
1051712
1059712
1072512
1036800
1096064
1059968
1059584
1101376
1090304
1083392
1066048
1082112
1132800
1076672
1072704
1118400
1080000
1076672
1064192
1086400
1061184
1070976
1068288
1119040
1063232
1075968
1064064
1066944
1083264
1070208
1064512
1071808
1056576
1057856
1076800
1070464
1060032
1063744
1041600
1111488
1093504
1092224
1064832
1067072
1049152
1063936
1041344
1059712
1068672
1061888
1063104
1056960
1058816
1062976
1048768
1058112
1051008
1062464
1075584
1073088
1058880
1111424
1064000
1060160
1082624
1073344
1101888
1100864
1087936
1149248
1164032
1100032
1068096
1096960
1087872
1096192
1092672
1078016
1075264
1081856
1103360
1103040
1071168
1062912
1016832
1074752
1057600
1076608
1039552
1051776
1047104
1071104
1092672
1074560
1070336
1058944
1053312
1078080
1031232
1025600
1160960
1055808
1077696
1044928
1051200
1072192
1083392
1072256
1077504
1068672
1093824
1096512
1105280
1108736
1470208
1220544
1182400
1140672
1191232
1197440
1259008
1183424
1171584
1130880
1098496
1109632
1142912
1098048
1078336
1102464
1105728
1084096
1104960
1040448
1051264
1045888
1078720
1125888
1069824
1058304
1057920
1098752
1064960
1060288
1057856
1043776
1071488
1093120
1054208
1073344
1114304
1146048
1061504
1105856
1120832
1084544
1094528
1088128
1098432
1066112
1070592
1078464
1070144
1071552
1063744
1138176
1087296
1111168
1099072
1074432
1091264
1069824
1091904
1076864
1092800
1121344
1129024
1080896
1095744
1082816
1078528
1055616
1118656
1041600
1064000
1131584
1078080
1069120
1075200
1048192
1087744
1092288
1050304
1062528
1089664
1035072
1060032
1058624
1083392
1057856
1105152
1081408
1076672
1112576
1088256
1139904
1105920
1102208
1123392
1166592
1103040
1080832
1108800
1122880
1100352
1108672
1109056
1113024
1080384
1107520
1096448
1097280
1083584
1042432
1076736
1046144
1104000
1031680
1064960
1057536
1049216
1054208
1084800
1036736
1052928
1042176
1064832
1054272
1064768
1047488
1068672
1088640
1055424
1060736
1066688
1050880
1079808
1110208
1078656
1131008
1141568
1169472
1119744
1481536
1236992
1172160
1118336
1157760
1176832
1134144
1116032
1115648
1115200
1087680
1095424
1087616
1090816
1110912
1125376
1082944
1350464
1124480
1078592
1065856
1101952
1115456
1135296
1082432
1080640
1059840
1064960
1029248
1081728
1074944
1085888
1105600
1098048
1068864
1051840
1119552
1140352
1082112
1101760
1127552
1093568
1088256
1069312
1118080
1107904
1086336
1104192
1081856
1067584
1083776
1091904
1098752
1103616
1076736
1083008
1078400
1082624
1112320
1077376
1093824
1097280
1079872
1055936
1096064
1098432
1079168
1095872
1111552
1069952
1072960
1076288
1062400
1117888
1093440
1080576
1111360
1096896
1105280
1090944
1115136
1084480
1109120
1120512
1136000
1086912
1138496
1104832
1118592
1094912
1071808
1105920
1081408
1055488
1052096
1095424
1082368
1059264
1086464
1093120
1067200
1126912
1100800
1091456
1088512
1096640
1110784
1095424
1080064
1027200
1058688
1055360
1086784
1074944
1066432
1052800
1085440
1056000
1068800
1061696
1070656
1062144
1067584
1061888
1067968
1059328
1082688
1045248
1057920
1070784
1057408
1047104
1062592
1065728
1072128
1084224
1078272
1060160
1072960
1438272
1266176
1190912
1179200
1236352
1217152
1208832
1166272
1169664
1129792
1148736
1152192
1165184
1103872
1097984
1121280
1102656
1118912
1107392
1074112
1080640
1102208
1106624
1084352
1093440
1073536
1067008
1092928
1057856
1093120
1120384
1062144
1111936
1092864
1079744
1051072
1115904
1123584
1073728
1138112
1145024
1104256
1087936
1094016
1119296
1094080
1137088
1145408
1137344
1104128
1157760
1151040
1137408
1132224
1089664
1049408
1077248
1067328
1076800
1097472
1102848
1083328
1087488
1078720
1092416
1094592
1077248
1120640
1091904
1062784
1174144
1094016
1061952
1078592
1091520
1072832
1108224
1062592
1070976
1066368
1055680
1055168
1074368
1079296
1094208
1064832
1108928
1095104
1079360
1116672
1087168
1173952
1135104
1138560
1151744
1171840
1094016
1083712
1108864
1083456
1094848
1085120
1082304
1094528
1066624
1087488
1096192
1115328
1055424
1055104
1085888
1054976
1084416
1066176
1074432
1080704
1067328
1059072
1090304
1081728
1092800
1064832
1075968
1061504
1066240
1057728
1084736
1073920
1060992
1076928
1091776
1065536
1104192
1128384
1115584
1138048
1190656
1141760
1109248
1455936
1199424
1153344
1153984
1191232
1213440
1187712
1137856
1157440
1153344
1165248
1133760
1157120
1170688
1124096
1121280
1132800
1085312
1113280
1056256
1053056
1074624
1117760
1102400
1074304
1058752
1057024
1102272
1065600
1078528
1100928
1086080
1099520
1106304
1089344
1068416
1127744
1171520
1093248
1128768
1150528
1124736
1100416
1074176
1107136
1093632
1091328
1118528
1118336
1085120
1116032
1094464
1076608
1097408
1089088
1082496
1092160
1071232
1100608
1083072
1072768
1123200
1123136
1068288
1122944
1087808
1106752
1077760
1070912
1071424
1088000
1088064
1084608
1070720
1090880
1097856
1097856
1066944
1073984
1070208
1063808
1061184
1079616
1079552
1093184
1085056
1097088
1106880
1108096
1102144
1080960
1113536
1080064
1103616
1126016
1167360
1123904
1111168
1122496
1113088
1110336
1155648
1127168
1114176
1113088
1105024
1099200
1133824
1072832
1057792
1074560
1051136
1069504
1038592
1081216
1071552
1063488
1090048
1078592
1098368
1090560
1088000
1078272
1065344
1042560
1079296
1090432
1085376
1040896
1065920
1108288
1045824
1097408
1084096
1081664
1105856
1074112
1062656
1068928
1468736
1271616
1244672
1159552
1206400
1197696
1246208
1156736
1170624
1139840
1122816
1119808
1120640
1117376
1146816
1162368
1120768
1113216
1122432
1073728
1089344
1080064
1115456
1099456
1071936
1063936
1049856
1117440
1105152
1103168
1086144
1085568
1068544
1080576
1110464
1064832
1088384
1139072
1095488
1115008
1106112
1103296
1089216
1095936
1170368
1102336
1095168
1108032
1102464
1091776
1089280
1104576
1128768
1119360
1091008
1105920
1102656
1081536
1113152
1090240
1097344
1110656
1106048
1081664
1127936
1141440
1141824
1098880
1108864
1070528
1125888
1101760
1114816
1091648
1102848
1111808
1094016
1108800
1090368
1110400
1121920
1114304
1146560
1139584
1117120
1082112
1092928
1103552
1069888
1093504
1101248
1112000
1080256
1083008
1108992
1100224
1111680
1085504
1152128
1100288
1115648
1137344
1106112
1109952
1110080
1109120
1115520
1112640
1089280
1058304
1195136
1066624
1105856
1078272
1094400
1069376
1079232
1109696
1098048
1086464
1110784
1071360
1087872
1069504
1087680
1089728
1085504
1108352
1080576
1095232
1112576
1073536
1092096
1089216
1081152
1095616
1106752
1070784
1066880
1463936
1304320
1243712
1169472
1230080
1232640
1240896
1139072
1136384
1138432
1127040
1171072
1195072
1180544
1146624
1179520
1153280
1134080
1172480
1112832
1105984
1121344
1130624
1143104
1087424
1064576
1059968
1090560
1062592
1116224
1104128
1070080
1095808
1108416
1118336
1097536
1128256
1129728
1102784
1100224
1148480
1108288
1098880
1089472
1128640
1106752
1096320
1136000
1099136
1082048
1105920
1105280
1100096
1108416
1110656
1098496
1124736
1071808
1095360
1106944
1084672
1098688
1099520
1069184
1121856
1099648
1081152
1068096
1111744
1084288
1087296
1073216
1099136
1086784
1108288
1082176
1117312
1152448
1073408
1088640
1236608
1136128
1093952
1090944
1096960
1097408
1123136
1108288
1093120
1111040
1091136
1146688
1101568
1124224
1139712
1176128
1160448
1138048
1155008
1157952
1165696
1193536
1112512
1142976
1099904
1131136
1094464
1109952
1091968
1057088
1100992
1076032
1122560
1087168
1071104
1067392
1147840
1093056
1117376
1101120
1087552
1119616
1093952
1112512
1079168
1088704
1088960
1087872
1056896
1114176
1092992
1095744
1098432
1098752
1103552
1099584
1094912
1095936
1085760
1473216
1322304
1239936
1179456
1211776
1282112
1250944
1203136
1185536
1157056
1134912
1130560
1140800
1148352
1140224
1140672
1124672
1114240
1164032
1075456
1091072
1101312
1121472
1114880
1096192
1080192
1063296
1141632
1093504
1101952
1131072
1078656
1130880
1099392
1100416
1090304
1125248
1107392
1124352
1164416
1182272
1148352
1128512
1111744
1132224
1103104
1114944
1107968
1109248
1096384
1099648
1096832
1107328
1118336
1117824
1108864
1130496
1118848
1144896
1123776
1091264
1150976
1098432
1086912
1122880
1123072
1128000
1108160
1107584
1113472
1096896
1085824
1100480
1126656
1109056
1144960
1114240
1106048
1105728
1124544
1138752
1136896
1183680
1143808
1154752
1113216
1107520
1104640
1108544
1081728
1079040
1130304
1103744
1104640
1112640
1123712
1140608
1080512
1106560
1099584
1077440
1111104
1105664
1103168
1111872
1122176
1116736
1137792
1098112
1071424
1105536
1056128
1083904
1071488
1078848
1064000
1102144
1086720
1091968
1092160
1101568
1089024
1101760
1069376
1070912
1090688
1104768
1089152
1068224
1095680
1093888
1066496
1098368
1103872
1081792
1100992
1079424
1095808
1133568
1501888
1294912
1241728
1229056
1270016
1326464
1268928
1212736
1179584
1167040
1138176
1129472
1119424
1118144
1126336
1155840
1149760
1129728
1126336
1085888
1096320
1105664
1124736
1095680
1118400
1087936
1074112
1099584
1084480
1104640
1118528
1068160
1093824
1097600
1090624
1085440
1168320
1111872
1112448
1152576
1156672
1124736
1101568
1103808
1171456
1107904
1134336
1139136
1096320
1108736
1118464
1104000
1097728
1124096
1128640
1103232
1139008
1099328
1105792
1119168
1128704
1148480
1125696
1109248
1142400
1125568
1159040
1126144
1132032
1105344
1110208
1101440
1091712
1111040
1096000
1116800
1165120
1129984
1107328
1157632
1157376
1173248
1226752
1163200
1165440
1137856
1136256
1145472
1124288
1141248
1122816
1156224
1103424
1118976
1105792
1117696
1150592
1091328
1137152
1143552
1138112
1132800
1137152
1149760
1134464
1159296
1150080
1178496
1126976
1138944
1183488
1102784
1145472
1086784
1089024
1082496
1083520
1078464
1085888
1122368
1089920
1080640
1100288
1105856
1039680
1087168
1088960
1095872
1076416
1086336
1090816
1076224
1093312
1119296
1101248
1101120
1083968
1093120
1096128
1499072
1254592
1225280
1217600
1224064
1244928
1264064
1171264
1198336
1155072
1148736
1118016
1152384
1132864
1141312
1147072
1152960
1124160
1163136
1088128
1094144
1112960
1146304
1147712
1127360
1103232
1084672
1102080
1088896
1103872
1155136
1078656
1096704
1096960
1097856
1099200
1139584
1134208
1113280
1146496
1179392
1137152
1122560
1112512
1150016
1098112
1113600
1134976
1105472
1079232
1100480
1122688
1118016
1104832
1106816
1090304
1127232
1081280
1105664
1136384
1098112
1118336
1136896
1103616
1164736
1126720
1143296
1126976
1151936
1127424
1130624
1135808
1148608
1135872
1181696
1164544
1194048
1130496
1092864
1099392
1107648
1084608
1106688
1109184
1084032
1105216
1128640
1118656
1089408
1097728
1118272
1140032
1084608
1106112
1130496
1357248
1113472
1099904
1107840
1132032
1085248
1115712
1111168
1140160
1106688
1148672
1126592
1131648
1099072
1076480
1087040
1089280
1112320
1092928
1098880
1083968
1088896
1079424
1083584
1090752
1101632
1095040
1089664
1078848
1073856
1098944
1101056
1088512
1070528
1104384
1124096
1079808
1103808
1110912
1104512
1100992
1075008
1094464
1110144
1504448
1309120
1261888
1201216
1260608
1308288
1308736
1242432
1259520
1174208
1175808
1175744
1163264
1178944
1152640
1179840
1188224
1135232
1113984
1086976
1105088
1101184
1145024
1155840
1109184
1106816
1083776
1129344
1098240
1108736
1107904
1075840
1096064
1103424
1103616
1064064
1131520
1131328
1121408
1120192
1148864
1115520
1134528
1144832
1134784
1118720
1114880
1139840
1112512
1101824
1122816
1111680
1112192
1120704
1119040
1116672
1135424
1093632
1153408
1136384
1148928
1130944
1145472
1099200
1144128
1131200
1125824
1126784
1126016
1084224
1104960
1092800
1111616
1124928
1108736
1089920
1110080
1088832
1102592
1091648
1110976
1107200
1127616
1138240
1135040
1148608
1195648
1189824
1136896
1127808
1129344
1162496
1131968
1113984
1140928
1128576
1150272
1108800
1145024
1139648
1115200
1115776
1107712
1112640
1087616
1116608
1123584
1141504
1123136
1081152
1154048
1097856
1098688
1093184
1114240
1079552
1080768
1096512
1098624
1084928
1085632
1103616
1110592
1090368
1074752
1100608
1117056
1125376
1074688
1103168
1120448
1094400
1113600
1105600
1097600
1096384
1108736
1105344
1092416
1494016
1330304
1225536
1172992
1225024
1248576
1334080
1198912
1200512
1201856
1225280
1277696
1241408
1220992
1161792
1167104
1143232
1124544
1131584
1089088
1080896
1098368
1145152
1133568
1102912
1113152
1094720
1133376
1107200
1124800
1136064
1084544
1121920
1153792
1127424
1091584
1168320
1131200
1122304
1123072
1163264
1134656
1136896
1140992
1151616
1120768
1127936
1161792
1126400
1125696
1144448
1150912
1113984
1114816
1111168
1101440
1134144
1107200
1123520
1123008
1112960
1133504
1155328
1109696
1147392
1190912
1158528
1136000
1111808
1097536
1133504
1135360
1102592
1124608
1107136
1117632
1100800
1108544
1082880
1106560
1094016
1080256
1119680
1133248
1113792
1112576
1135104
1136064
1116800
1131840
1127296
1197184
1144320
1182208
1182976
1202304
1124032
1145920
1148800
1136640
1110400
1117888
1129792
1105088
1125184
1151168
1116928
1145024
1117888
1103488
1122048
1109376
1110528
1101056
1085696
1110912
1106048
1094016
1112640
1122112
1099520
1074880
1123584
1112832
1096960
1080192
1086144
1106048
1074432
1121472
1109056
1081600
1114624
1113856
1097344
1104832
1095552
1089472
1100096
1499584
1257792
1220864
1203648
1230144
1261824
1284224
1220480
1239808
1255040
1315392
1293824
1270912
1198080
1178368
1160832
1164480
1139008
1153024
1399680
1117056
1123456
1159936
1149760
1121984
1116096
1116672
1120192
1102080
1129088
1129216
1099008
1123008
1124480
1113856
1098432
1164544
1136384
1119296
1155072
1157120
1131136
1108544
1100224
1185024
1113408
1128512
1143104
1130432
1130176
1157696
1142528
1128704
1124224
1136704
1137280
1128448
1119424
1122944
1171456
1109376
1119040
1158912
1078848
1145408
1140800
1134656
1154048
1136576
1124992
1126912
1133440
1127808
1102208
1101248
1118016
1118912
1120192
1082560
1100352
1100608
1099968
1130368
1147776
1131520
1105216
1160512
1135232
1141824
1135488
1114880
1125248
1124992
1124992
1158336
1159232
1163840
1134656
1177984
1165760
1190016
1213248
1145728
1158912
1128896
1137088
1133312
1151808
1124800
1175552
1161536
1096640
1152960
1117696
1113792
1123392
1119360
1127808
1130496
1124800
1112128
1101376
1117632
1101888
1132224
1166208
1142976
1112512
1107264
1115840
1089152
1142784
1119680
1123136
1099072
1122496
1115520
1100864
1103936
1500224
1277952
1266880
1208960
1240704
1237056
1235072
1206208
1176064
1166208
1138496
1139776
1124288
1149440
1138112
1151488
1162624
1158784
1156672
1109696
1141824
1143296
1169088
1131136
1128960
1103616
1103488
1137344
1121856
1143744
1124032
1093056
1131392
1120320
1149632
1124416
1162240
1145280
1114560
1147328
1146176
1134336
1131200
1129088
1181120
1116352
1146496
1128640
1130176
1116032
1116032
1144576
1122368
1121984
1140224
1121920
1187328
1111744
1116736
1162944
1141888
1138496
1118720
1087808
1190784
1164032
1137344
1131200
1115968
1118144
1108992
1291904
1137984
1123200
1126720
1113216
1096512
1140032
1077888
1103424
1118976
1111104
1105216
1144896
1116032
1124736
1153472
1131392
1126144
1131264
1143104
1149888
1140160
1210432
1139840
1181120
1169792
1136256
1198400
1215488
1173952
1193408
1206272
1187008
1140160
1155008
1133056
1129280
1132864
1089856
1119488
1108672
1144128
1126272
1117824
1105856
1113280
1142912
1136000
1156928
1142720
1122752
1157760
1184256
1166080
1204800
1120704
1125440
1088704
1124416
1134144
1112512
1119232
1132160
1125312
1125120
1101824
1086080
1137728
1499968
1314560
1218688
1230016
1199040
1213632
1250944
1210560
1203072
1218496
1222720
1205696
1193728
1204736
1185344
1167232
1180096
1244416
1176064
1173632
1161856
1158784
1249536
1186048
1175232
1166656
1146624
1162240
1145152
1159168
1154560
1160128
1160384
1172928
1160576
1148992
1187200
1167040
1149504
1155520
1169984
1196096
1177600
1143936
1219200
1177920
1198336
1152256
1164160
1167616
1170560
1155904
1186304
1178304
1151616
1150016
1172480
1143040
1146432
1160640
1178752
1163392
1152896
1133568
1175488
1148864
1181952
1162432
1166976
1167744
1173120
1152576
1138048
1162560
1156416
1130880
1154304
1173632
1146240
1157120
1143296
1128576
1155328
1158592
1155392
1136448
1165312
1133952
1149760
1153664
1132928
1203520
1166464
1138688
1211328
1172608
1177792
1127872
1152960
1150208
1142080
1146560
1139968
1178752
1123456
1143552
1165760
1159424
1162176
1114368
1155584
1144704
1149056
1105408
1101120
1090432
1084672
1122368
1116352
1124224
1114240
1135616
1105408
1091264
1102912
1087488
1087104
1103296
1084864
1085312
1088448
1089344
1090560
1109184
1136576
1114368
1091648
1083392
1128832
1471104
1234176
1205760
1145408
1173504
1192576
1178752
1161344
1192064
1160320
1166208
1168192
1157120
1161408
1156608
1183104
1163840
1174848
1153216
1141120
1159232
1154240
1170496
1139840
1154688
1158912
1151360
1158464
1145536
1165056
1158080
1126656
1157760
1178688
1211392
1136768
1168896
1175040
1144768
1173056
1162240
1174784
1153920
1147328
1196736
1154240
1177152
1192320
1153344
1140352
1135232
1160832
1151680
1188416
1159872
1142336
1143360
1115584
1131840
1168384
1159360
1137024
1133120
1115392
1180160
1136640
1148352
1140608
1149248
1162432
1124608
1135488
1144384
1162368
1132288
1131008
1153664
1143744
1120768
1139520
1134656
1119040
1152256
1137920
1158016
1108160
1149120
1136000
1137152
1147520
1129984
1168512
1139136
1129472
1139776
1169920
1130880
1118272
1174464
1159680
1155392
1150144
1152384
1129856
1145600
1143104
1169280
1168000
1133376
1103552
1335168
1117888
1140544
1120896
1122944
1105728
1124416
1114112
1134720
1110976
1137024
1121728
1119104
1126720
1087488
1086272
1107328
1114240
1084352
1113152
1117696
1109824
1111936
1137472
1122880
1131712
1098112
1105984
1129856
1511936
1316096
1208448
1173120
1170624
1189824
1188480
1161536
1183936
1184576
1184192
1173184
1170432
1178752
1154368
1193344
1159616
1208832
1171648
1127360
1155840
1139712
1163264
1163136
1156416
1148608
1123712
1148992
1129600
1155328
1175680
1144960
1168192
1161920
1128640
1147968
1196544
1203392
1147200
1164032
1167808
1152896
1191552
1151744
1187648
1163328
1207168
1176832
1162624
1127424
1123904
1172608
1154752
1130816
1148544
1147072
1162176
1123584
1152000
1148032
1158080
1162112
1148416
1115840
1206208
1130368
1169728
1174912
1158784
1149760
1156928
1147200
1134400
1134528
1140416
1136896
1152768
1157696
1133632
1151936
1145344
1136192
1151552
1141632
1152448
1155456
1175168
1153152
1159488
1170560
1139136
1174720
1138112
1145984
1144320
1166080
1131520
1146304
1163712
1156160
1155776
1144192
1128768
1137280
1151104
1133632
1153280
1182272
1162240
1119424
1181184
1153024
1154048
1126272
1141312
1118080
1127872
1138112
1123584
1136832
1195904
1130560
1148096
1122752
1104768
1103168
1126784
1121728
1105792
1149376
1121216
1104512
1124352
1160960
1113024
1145600
1115712
1114944
1143744
1498048
1280512
1223040
1173568
1201984
1189888
1231104
1181632
1216192
1204480
1182848
1172160
1141568
1158912
1157184
1207168
1187008
1191104
1168512
1136384
1156352
1161088
1172288
1161728
1149184
1157888
1138432
1182720
1172032
1156416
1165952
1111744
1162688
1189248
1146176
1114176
1177408
1144192
1166144
1147456
1171840
1145472
1182144
1174592
1190080
1165184
1157056
1190656
1155136
1130560
1153728
1161408
1165312
1152256
1161024
1132416
1150976
1133248
1147392
1163520
1178816
1151680
1135168
1148160
1198976
1148096
1152832
1182144
1163328
1172096
1132608
1139136
1132096
1128576
1149120
1128320
1157696
1141248
1115904
1190464
1141248
1131264
1173952
1135232
1154624
1144704
1185216
1153664
1154432
1141888
1124160
1196736
1171904
1143488
1172544
1161088
1135680
1147712
1173056
1153088
1154240
1150016
1144576
1167424
1177152
1169024
1173632
1195200
1144256
1131520
1172544
1124096
1135040
1122880
1146240
1132928
1156800
1132736
1133376
1145216
1144960
1123072
1116864
1149824
1120640
1121600
1130240
1173440
1119424
1123200
1131456
1127680
1147008
1145600
1126400
1128768
1114240
1126656
1179712
1535104
1291904
1186112
1156288
1187648
1220672
1199616
1203712
1217280
1197888
1168640
1195584
1172032
1217216
1168000
1202368
1184704
1177280
1150144
1132224
1154112
1178816
1177024
1185280
1170432
1145728
1128960
1158848
1126592
1167616
1169984
1128384
1150080
1163008
1174976
1132288
1196928
1182272
1143872
1156608
1198016
1166976
1145984
1148992
1174912
1199232
1180096
1175360
1178816
1168512
1150336
1168768
1188544
1155648
1159744
1170944
1158976
1117696
1149504
1155648
1147328
1163840
1142144
1122752
1188928
1160256
1153536
1159872
1179712
1151104
1154240
1144192
1168768
1151552
1149440
1151552
1148864
1162496
1127808
1146112
1149056
1126912
1156352
1136320
1177472
1145216
1175808
1144128
1133184
1190592
1173376
1185920
1157248
1168448
1145600
1200192
1175808
1132992
1182784
1150336
1154368
1173376
1148096
1173440
1151040
1164928
1199680
1184384
1164160
1121152
1174208
1184448
1179136
1128832
1136768
1121280
1126784
1127616
1145536
1137600
1128000
1128768
1157952
1188352
1105984
1122496
1127296
1128128
1138048
1124288
1146880
1119296
1124160
1164416
1143936
1137088
1131456
1147264
1143488
1522240
1304832
1208832
1175616
1184704
1223936
1196800
1174208
1181184
1176896
1160192
1174272
1158848
1180992
1176256
1186560
1178112
1195520
1174464
1140288
1181568
1153984
1189632
1190336
1177472
1151872
1136448
1177792
1146176
1163520
1183360
1130880
1179648
1172224
1187520
1129856
1197056
1169024
1159872
1161856
1183488
1162496
1164800
1126784
1186816
1152896
1168128
1182272
1178880
1136704
1145216
1167872
1151104
1161024
1153344
1125312
1177536
1119808
1138112
1152256
1142720
1146240
1134976
1133248
1156416
1162560
1159616
1141568
1169856
1155200
1148800
1143744
1154048
1131840
1248384
1153792
1157504
1160896
1140096
1166208
1150080
1148928
1160640
1147968
1167424
1128000
1172480
1153536
1157760
1148032
1142592
1195968
1156160
1140480
1146688
1185216
1164800
1120960
1184896
1154816
1162304
1141568
1148864
1165888
1160256
1186304
1168128
1188480
1170688
1122048
1172160
1153728
1157376
1128000
1142528
1117824
1134464
1115584
1140352
1146816
1140864
1121088
1117248
1131968
1129664
1113280
1141376
1142912
1131264
1139520
1160256
1124736
1140352
1135552
1133120
1168768
1130048
1143360
1127424
1524992
1295168
1206144
1174656
1190144
1215296
1186176
1193280
1198656
1179328
1169472
1197696
1165312
1207424
1169152
1191744
1287744
1201280
1164864
1157376
1170304
1153856
1177216
1167808
1205568
1166528
1178496
1134528
1136128
1156864
1168256
1112384
1142848
1166720
1148416
1156672
1208768
1161600
1169024
1149824
1208256
1170944
1168768
1160576
1176896
1178560
1212544
1178752
1184192
1133312
1201472
1150400
1168384
1177408
1154496
1132352
1162368
1128064
1167808
1163520
1160320
1153792
1155520
1131584
1188992
1150208
1177280
1137920
1151360
1175616
1155904
1164288
1168128
1135232
1141440
1128832
1152832
1154752
1150976
1154944
1140736
1122048
1150912
1150336
1167360
1133504
1187200
1145472
1158592
1156224
1157184
1388480
1168512
1169664
1175680
1193152
1162752
1138560
1180992
1171008
1187072
1157184
1167104
1166336
1172672
1153984
1188928
1191296
1172352
1136704
1178624
1158720
1190784
1155008
1143296
1124096
1138368
1140992
1161216
1159680
1144768
1156736
1157248
1149824
1115520
1116928
1135872
1235328
1120192
1138560
1150336
1156416
1145984
1168192
1157568
1147456
1116928
1143680
1132544
1526592
1292800
1213504
1173440
1196096
1193344
1206592
1181312
1222976
1173888
1153472
1181312
1218368
1168768
1174272
1188736
1174208
1212608
1184128
1157760
1155904
1167360
1196160
1185472
1204800
1166080
1153344
1163520
1150656
1194816
1178048
1131520
1151040
1187520
1170176
1138752
1194304
1174848
1161536
1142976
1182080
1160896
1163200
1159296
1202432
1173440
1199936
1177216
1172224
1132672
1143360
1175232
1155200
1178048
1141056
1156928
1176960
1119808
1174016
1172224
1147648
1170368
1199808
1135232
1191424
1227136
1173120
1157120
1161408
1176896
1190400
1154048
1134016
1174144
1144064
1158208
1165888
1163712
1142592
1147328
1147968
1148608
1163328
1169280
1155392
1149376
1162496
1156160
1155456
1178304
1129728
1218752
1175488
1179392
1156224
1178304
1160576
1156800
1181056
1192000
1158464
1153728
1160704
1182272
1145472
1166208
1163328
1195008
1171072
1116800
1158272
1148544
1159872
1144960
1157440
1142080
1138688
1129024
1143616
1156672
1162304
1143488
1139712
1125952
1150272
1124864
1126592
1152064
1129152
1139776
1178304
1129600
1140288
1157760
1144832
1154816
1145536
1138560
1178048
1535744
1275008
1219136
1179392
1188032
1206528
1183616
1208128
1223360
1186368
1177472
1170880
1174016
1175232
1181056
1193984
1180032
1216512
1213248
1184576
1160576
1167488
1204800
1164672
1193536
1159488
1158656
1148800
1133312
1156800
1178368
1144320
1148352
1193920
1151552
1157376
1244352
1175296
1156992
1152832
1181632
1208896
1232896
1160384
1188544
1160576
1181312
1177216
1160768
1151488
1148608
1172672
1170496
1193280
1155392
1167936
1190208
1153216
1169984
1156160
1156800
1154560
1172544
1146304
1221056
1162112
1182592
1159168
1152384
1152128
1163904
1141248
1255232
1150912
1155200
1153856
1144128
1135936
1148992
1199744
1140608
1181632
1153920
1168512
1145344
1170688
1163072
1163712
1150656
1183104
1156352
1211136
1166272
1163008
1220544
1193536
1156352
1147264
1208832
1151040
1188288
1178176
1154816
1195904
1160128
1173056
1183232
1196160
1192832
1149248
1177856
1152832
1166400
1137472
1152384
1141120
1144960
1135936
1145152
1152128
1151488
1138816
1165952
1137600
1134528
1161920
1132288
1141056
1133440
1150528
1149760
1149248
1130240
1161088
1140416
1143808
1126848
1149824
1175296
1537984
1316672
1229824
1245504
1193216
1215744
1246592
1192896
1193856
1188288
1166144
1205952
1181888
1195648
1180992
1192000
1178240
1206848
1213312
1173824
1204480
1179840
1200576
1177600
1208448
1164480
1154624
1171072
1147136
1192576
1179776
1203264
1172480
1203840
1171648
1158400
1159168
1176064
1180352
1163712
1202624
1173824
1188288
1152064
1201408
1167040
1188480
1185408
1166144
1138752
1173440
1171776
1163072
1178752
1157376
1164672
1170880
1133312
1195392
1166720
1173056
1150784
1185792
1132544
1155840
1159744
1153088
1185600
1160128
1143808
1156352
1158976
1151424
1173184
1156800
1165952
1178240
1158912
1122816
1146240
1170880
1157568
1167104
1182656
1181568
1167104
1208192
1161920
1168832
1208128
1195136
1212096
1185920
1155136
1167360
1190912
1163840
1169216
1205504
1167552
1179648
1166720
1166464
1183616
1155968
1172160
1163904
1172160
1181184
1116608
1197248
1162816
1178112
1138880
1170816
1136768
1141696
1155456
1173312
1170752
1166976
1165696
1168000
1140224
1133120
1131200
1156096
1153984
1131840
1179456
1173760
1139840
1151808
1177472
1171648
1159680
1141376
1138688
1180096
1521984
1302080
1210240
1182272
1241088
1236928
1207104
1197760
1237696
1202688
1163584
1193024
1171200
1181824
1200512
1203968
1204480
1205696
1249088
1172160
1191104
1173440
1165760
1189376
1175424
1169600
1175168
1195968
1163904
1176192
1192704
1163072
1167936
1164160
1166080
1155904
1172288
1204480
1152640
1187200
1191424
1177920
1178240
1173312
1221056
1200832
1178752
1208000
1183616
1169024
1170624
1181376
1180288
1179712
1170560
1187264
1178112
1142144
1218624
1162496
1157440
1153216
1183744
1148352
1213888
1189376
1182720
1161280
1190144
1172864
1153856
1184384
1166080
1154624
1154240
1196224
1191872
1165760
1138944
1181376
1167104
1138688
1179648
1182528
1158336
1248384
1206528
1152192
1153536
1181632
1169216
1205952
1173056
1176448
1171072
1183040
1167744
1161408
1209856
1190336
1176320
1190784
1183808
1203904
1188736
1177088
1191360
1178304
1179904
1138496
1159232
1159424
1184768
1159680
1171520
1141312
1168704
1177984
1184768
1173888
1167872
1179264
1166208
1179776
1152512
1138624
1172352
1151488
1126720
1182016
1173632
1173888
1180544
1172224
1176512
1142656
1151040
1157888
1177600
1556352
1322432
1199680
1191168
1209088
1230464
1196032
1205312
1264768
1235648
1202048
1200960
1173248
1219328
1206080
1227264
1201920
1225728
1190592
1181568
1172736
1162624
1189440
1185984
1181120
1200064
1175424
1175232
1153664
1180288
1185152
1163328
1179840
1182336
1213120
1143872
1209856
1226496
1194048
1169728
1212032
1177344
1210752
1174016
1214400
1182848
1198080
1196288
1177792
1167616
1166144
1196608
1201856
1183296
1183104
1160064
1223104
1144384
1170496
1200768
1177088
1155136
1168192
1148160
1210624
1194496
1165824
1171328
1163776
1178112
1168576
1160000
1159040
1163840
1160448
1164800
1153600
1174848
1168128
1170176
1167488
1162880
1175040
1174656
1195648
1166976
1187392
1176128
1170752
1171200
1165248
1179328
1159488
1174080
1187904
1195520
1176896
1163008
1197568
1164608
1170880
1200192
1157632
1169664
1165696
1193024
1189184
1200704
1187456
1154496
1189056
1165248
1173696
1165568
1164032
1156864
1168960
1152768
1170560
1159360
1148096
1150336
1148928
1142080
1123136
1139328
1155648
1160896
1123200
1169728
1168640
1136512
1156928
1164352
1176960
1162368
1150976
1163136
1150528
1528256
1288128
1212864
1172480
1186048
1244992
1211904
1183552
1210752
1211008
1174400
1198016
1201472
1190336
1186624
1204992
1189184
1183360
1185536
1168896
1159680
1187456
1190528
1204224
1183040
1168896
1182976
1170624
1167552
1169856
1173696
1176512
1176256
1171072
1187136
1172608
1222336
1162496
1148480
1170688
1213696
1202304
1192192
1181760
1217792
1198016
1220864
1203456
1201088
1158080
1162816
1200256
1197696
1194432
1183360
1172864
1185280
1162880
1171968
1222016
1181888
1176576
1178304
1132544
1233024
1227200
1173952
1182016
1190464
1201216
1224192
1160512
1163968
1175488
1154304
1155264
1217792
1193088
1169024
1177024
1167936
1174656
1166464
1181440
1191680
1183104
1209088
1187712
1212736
1212288
1163520
1227904
1175104
1193344
1180928
1187776
1206208
1174720
1228672
1218752
1185408
1188992
1190016
1192896
1208256
1182528
1185472
1216256
1195712
1150336
1180992
1160448
1198016
1181376
1180416
1166784
1165120
1155520
1191168
1154176
1184384
1164608
1162688
1165824
1134016
1161792
1171968
1156608
1140480
1160576
1153664
1155776
1173952
1167680
1166080
1174656
1170112
1165056
1160128
1559104
1357248
1256320
1169984
1210432
1214592
1227200
1212416
1241280
1202304
1197056
1192448
1202688
1197248
1207488
1218752
1181824
1206656
1218240
1173632
1167168
1192640
1198976
1188480
1189888
1186752
1187392
1162880
1170688
1167040
1201088
1140160
1211392
1200576
1170560
1163264
1206208
1190208
1188608
1171008
1164096
1192896
1184320
1166592
1203072
1167360
1197440
1198144
1198144
1159744
1163776
1182144
1171200
1200576
1183808
1155200
1158848
1139392
1158272
1185472
1163200
1174976
1162240
1192768
1198336
1183424
1163264
1177792
1171008
1178368
1186112
1164416
1157504
1172032
1152512
1153152
1178496
1151680
1146944
1200128
1157760
1154496
1192768
1161728
1188864
1185984
1207488
1166144
1176000
1195456
1166400
1207808
1170112
1172672
1195584
1171840
1176320
1174080
1226432
1170624
1191168
1198080
1179072
1181056
1165120
1211328
1203520
1203456
1209088
1217024
1200256
1188608
1188864
1180928
1173504
1186048
1176448
1169856
1167040
1179712
1170048
1152832
1160448
1157760
1145152
1153088
1163392
1177728
1145024
1184512
1192640
1157760
1163200
1186432
1174080
1171520
1187136
1154688
1156480
1544704
1297280
1227392
1189184
1216640
1221568
1219776
1216192
1229312
1207168
1174528
1188736
1183616
1244096
1181120
1218432
1199552
1201920
1207488
1188352
1174272
1180160
1219584
1197184
1182784
1178752
1176832
1218560
1177728
1203008
1233408
1153408
1180352
1208832
1167360
1181504
1206464
1222592
1219136
1193344
1249024
1188416
1188608
1201408
1221184
1212800
1197312
1203584
1193984
1165248
1223360
1222080
1170176
1183552
1176832
1198208
1198208
1154176
1183360
1188416
1172672
1180736
1175104
1142528
1230336
1169984
1198144
1201984
1191488
1192576
1188608
1181632
1193664
1186496
1190272
1170304
1169280
1162432
1166784
1169408
1160704
1162944
1185792
1185920
1176320
1181760
1214656
1190336
1200896
1189504
1173568
1216256
1211840
1203328
1174720
1304000
1167296
1169408
1238464
1206464
1219328
1228480
1207424
1262912
1177344
1184640
1214464
1219136
1179968
1153472
1175872
1178944
1202112
1158144
1171264
1164608
1165376
1156864
1174272
1168576
1190016
1177536
1162304
1167616
1142592
1134336
1169792
1170624
1134400
1182784
1200256
1172160
1158016
1191424
1156800
1173248
1141760
1169600
1164352
1514368
1352960
1244544
1215872
1206656
1216256
1240320
1253568
1227648
1218560
1222144
1233984
1199680
1239488
1200256
1197184
1184576
1224640
1200000
1189056
1166720
1181824
1192704
1198336
1218880
1169344
1189824
1163072
1189696
1174720
1192192
1161152
1166720
1199424
1182400
1167680
1198080
1180992
1175680
1191424
1204800
1186944
1179584
1168960
1213760
1181632
1223296
1199104
1187136
1165632
1175168
1198976
1181632
1186688
1182400
1176448
1195648
1147328
1179456
1195648
1311744
1179200
1182592
1161920
1197248
1168000
1199552
1193984
1181056
1169792
1180224
1162752
1184064
1189120
1178112
1182592
1183680
1168000
1156608
1178944
1188864
1168192
1174784
1185152
1180160
1159168
1186624
1201088
1185600
1219584
1193024
1218944
1184448
1168960
1180160
1201536
1177024
1166016
1217728
1188736
1197184
1184640
1198528
1213248
1221056
1206464
1193408
1226752
1220928
1152000
1191808
1182208
1217280
1140864
1172736
1155456
1180352
1192384
1199616
1164224
1157888
1166592
1167168
1178368
1147136
1166720
1158784
1389632
1153024
1194816
1165568
1178496
1173568
1218240
1156032
1181696
1155200
1163968
1163840
1526208
1353664
1220160
1190656
1214656
1224896
1209152
1221120
1234240
1211648
1208768
1215424
1189696
1192192
1192064
1205248
1202432
1232128
1201536
1182848
1205120
1186112
1201408
1222272
1216832
1200576
1168192
1188032
1175936
1183488
1193920
1190784
1184640
1188608
1193024
1179328
1207552
1189376
1183360
1208704
1195264
1184384
1180352
1200448
1234880
1192448
1186816
1231936
1191872
1170432
1181760
1196736
1191552
1179392
1188480
1170624
1183360
1160000
1194944
1190272
1172032
1178880
1196928
1149824
1205056
1169600
1201920
1184192
1189504
1179648
1164096
1160896
1173184
1175232
1153344
1181312
1176576
1186624
1173248
1176000
1180416
1187776
1182912
1199360
1198912
1173056
1210240
1201728
1189312
1211456
1173568
1203264
1188416
1200960
1174016
1187520
1207616
1177152
1219072
1193728
1190912
1214528
1200192
1205248
1209024
1198016
1235648
1212608
1207616
1211392
1208064
1176896
1206720
1207168
1176512
1139712
1161408
1184960
1182784
1163328
1190912
1167936
1182080
1174656
1159104
1168000
1189184
1150784
1147264
1179200
1199104
1147776
1155328
1189632
1160256
1199744
1172480
1155776
1191104
1554624
1329856
1247104
1199680
1208512
1223744
1220352
1212288
1239424
1244480
1205696
1191680
1231424
1221824
1198592
1227136
1184704
1233088
1203584
1172864
1175104
1192192
1230016
1204224
1198336
1187328
1173568
1186432
1163072
1189184
1242368
1145536
1194688
1201280
1199552
1148416
1206912
1182144
1191936
1182592
1202304
1188224
1195392
1170880
1225728
1236480
1204416
1218944
1205184
1189120
1182848
1216128
1191616
1186624
1190656
1169088
1186240
1153856
1175488
1189888
1159296
1170944
1181696
1177728
1199360
1208832
1190080
1166528
1175424
1194176
1189504
1175424
1170944
1173696
1167040
1164864
1180992
1180736
1180864
1165824
1219328
1173312
1202880
1192448
1179520
1189120
1207552
1219776
1180736
1188608
1161408
1236416
1183040
1187456
1193792
1183744
1201728
1166080
1234944
1187008
1275008
1206976
1171136
1202176
1178880
1199680
1232128
1222208
1237824
1156544
1210880
1183424
1204160
1145664
1198016
1170048
1154624
1187200
1197952
1187392
1157056
1151488
1187328
1186560
1157376
1173824
1183616
1172416
1135488
1188608
1205760
1168512
1165568
1195328
1164864
1170944
1184448
1169088
1182080
1538304
1331776
1268544
1196736
1237184
1239424
1242560
1218112
1248960
1225536
1208896
1235584
1298688
1230016
1206400
1249792
1216512
1218240
1236864
1188608
1195456
1195904
1195200
1203264
1208704
1184768
1194496
1203776
1166464
1201664
1195648
1160576
1198336
1210752
1158144
1161216
1220096
1207040
1218560
1176960
1227328
1209792
1193984
1181760
1206336
1208960
1220096
1208320
1198208
1168384
1186944
1195584
1197248
1188672
1196864
1175552
1208320
1160576
1197120
1192576
1188352
1191040
1173376
1175808
1233664
1198912
1183872
1179776
1188992
1197696
1188416
1175680
1189248
1206336
1174080
1184192
1210176
1176000
1192448
1204608
1168000
1178560
1215424
1190464
1185856
1231552
1243904
1198144
1196608
1240448
1188224
1244480
1216000
1214528
1193152
1210880
1214784
1188992
1216704
1209728
1209344
1198976
1201280
1184256
1211200
1209792
1222336
1193728
1233856
1176896
1206592
1194432
1197440
1173824
1180224
1146688
1181888
1187648
1183872
1175360
1167168
1137024
1184064
1173184
1150336
1158976
1190400
1177600
1144448
1184704
1193792
1180160
1172288
1198848
1224000
1191552
1164224
1180992
1173376
1532928
1312832
1299264
1207616
1223168
1329920
1224256
1207616
1232192
1230528
1212096
1205888
1206016
1222080
1202880
1199168
1206080
1243008
1203008
1178752
1176320
1200192
1215168
1206656
1213312
1230336
1190656
1221440
1202624
1190976
1206912
1184960
1196672
1213568
1190720
1192448
1237376
1228608
1194880
1221952
1223552
1200064
1197184
1198528
1231424
1211840
1262016
1245184
1204096
1173824
1199360
1201280
1186816
1189312
1188096
1162560
1196736
1179328
1200128
1243072
1184896
1216832
1200448
1178176
1251648
1196416
1184256
1204288
1192320
1168768
1251968
1214272
1198208
1195328
1202688
1167104
1208576
1191488
1172672
1197568
1176704
1189696
1194880
1186560
1191488
1182080
1208640
1178432
1180928
1254464
1190912
1219904
1208576
1185728
1210624
1221056
1197632
1176320
1224832
1206336
1193408
1214016
1174656
1200384
1179200
1202240
1213504
1233024
1227584
1167296
1178176
1172672
1225600
1154368
1209728
1151680
1226112
1166464
1192960
1167680
1175808
1189312
1171904
1181952
1139712
1164288
1205184
1169856
1150528
1184128
1188672
1163648
1185408
1189248
1170176
1196224
1157632
1160640
1184448
1526656
1296000
1276224
1188288
1243648
1233472
1249600
1242432
1232320
1204800
1228416
1225152
1192896
1221120
1185536
1244224
1201856
1233536
1211584
1182592
1202304
1198912
1218816
1218432
1231488
1207488
1217408
1264384
1181824
1235712
1240704
1212608
1213120
1209664
1212096
1189696
1219456
1248128
1244032
1223936
1226496
1205248
1221632
1232384
1238848
1227072
1240768
1243712
1232960
1210432
1210560
1218240
1193216
1226368
1216064
1192320
1248320
1448128
1222592
1215616
1214400
1204032
1236352
1198272
1239424
1235200
1222144
1204608
1206592
1195136
1181568
1239104
1209408
1207424
1196096
1202304
1252736
1217600
1221376
1199872
1188416
1165888
1180096
1210048
1207616
1172160
1218368
1198848
1188736
1177344
1194048
1227072
1211776
1185856
1220224
1220736
1197696
1185536
1215168
1195392
1206912
1238272
1187328
1216704
1197632
1199680
1227008
1201856
1196800
1166528
1216640
1183104
1199360
1170880
1188352
1157056
1173888
1173376
1187904
1191808
1175808
1195904
1166976
1164864
1158400
1151872
1205568
1176832
1162880
1175424
1173056
1169344
1177536
1176384
1184576
1192832
1165376
1188288
1179840
1547200
1333888
1235584
1209792
1254080
1268736
1232384
1240320
1237120
1203328
1214464
1238784
1232768
1239360
1201472
1245248
1222336
1312448
1265664
1188288
1202880
1213632
1249856
1228864
1229888
1219072
1190592
1218368
1182336
1233664
1254912
1210048
1234048
1237824
1204800
1199744
1262464
1241920
1215040
1233088
1248640
1233536
1233152
1205568
1323072
1236672
1209344
1223616
1234496
1217024
1225536
1220864
1228608
1231680
1208320
1206784
1230080
1199808
1192512
1239552
1232128
1195008
1208768
1178688
1241088
1193920
1203200
1209408
1205312
1204480
1207104
1195584
1205504
1191680
1220544
1206592
1228544
1193024
1233088
1182016
1196672
1158080
1184640
1184768
1184256
1171968
1206400
1222080
1201600
1183168
1168832
1263232
1210944
1189824
1201920
1224256
1202240
1205632
1239168
1186816
1224896
1323840
1216576
1201472
1178368
1189184
1192576
1228160
1187392
1172352
1204224
1176768
1209856
1200640
1166208
1149312
1203904
1178304
1176320
1188608
1175488
1172032
1210432
1182144
1159232
1182656
1179392
1182080
1150848
1177792
1195584
1179968
1204416
1211648
1252096
1208512
1167936
1171776
1174592
1551552
1348160
1287168
1213120
1242048
1257856
1277696
1221952
1243840
1229696
1200896
1219136
1220800
1222528
1209984
1238656
1216320
1228672
1239360
1167104
1204928
1199104
1248896
1245056
1198592
1186368
1194688
1220544
1196672
1202048
1219776
1177664
1219264
1241792
1205312
1182080
1235840
1249856
1192640
1226496
1234752
1215168
1221568
1212160
1248896
1192768
1236160
1252992
1222528
1202752
1210368
1207296
1206336
1209408
1200768
1187200
1239104
1170560
1195904
1216768
1222976
1202496
1200704
1184768
1234368
1184512
1209728
1188864
1207232
1186304
1198208
1198016
1199808
1214784
1204224
1179776
1211648
1181632
1169920
1199552
1192448
1211264
1217728
1189888
1183040
1216576
1221312
1192320
1198656
1242496
1192960
1241920
1215872
1181120
1184960
1203264
1208896
1186176
1219392
1215872
1217152
1192960
1199488
1224000
1191232
1180544
1211200
1231744
1200768
1171200
1195584
1177728
1213248
1172800
1183552
1155392
1202752
1171968
1183616
1166080
1189504
1186688
1185472
1165312
1169600
1168256
1199424
1171712
1154432
1160448
1194688
1170752
1187840
1233536
1166656
1199552
1179776
1152128
1196160
1536384
1343552
1249856
1209984
1220416
1242688
1219392
1212096
1224256
1225920
1209856
1214272
1213760
1216448
1209152
1245312
1217152
1248960
1239680
1195264
1226880
1213184
1249856
1216256
1233088
1224192
1226880
1227392
1196352
1247104
1220928
1177472
1214336
1230208
1214848
1175104
1240512
1225024
1182336
1213120
1214016
1199680
1238976
1205312
1260288
1220096
1250496
1238656
1207360
1206912
1213184
1212288
1233152
1206144
1215424
1195584
1238720
1197696
1198144
1218816
1191616
1187968
1178432
1159360
1230464
1198208
1191872
1191488
1271872
1182720
1182656
1201984
1210816
1237184
1200896
1190912
1195136
1213184
1165888
1204480
1199552
1196544
1214976
1206848
1195072
1189504
1218304
1182016
1193728
1217152
1186816
1214720
1222528
1194816
1179264
1215104
1193024
1177920
1245632
1207232
1200256
1207040
1192256
1203584
1204992
1215360
1214208
1217920
1195584
1173504
1197888
1170752
1213312
1150912
1188928
1180032
1186112
1176896
1184448
1216768
1184192
1176832
1186048
1187520
1150016
1184192
1191552
1194304
1148480
1181376
1201920
1173888
1176320
1191552
1184448
1179392
1193344
1193408
1176832
1539520
1342080
1247616
1215040
1252864
1263232
1247296
1203008
1255744
1204608
1202240
1210496
1224704
1203712
1202112
1260608
1226176
1236800
1210304
1206592
1202432
1209408
1203712
1234688
1278720
1200256
1219200
1197248
1209920
1194048
1240768
1173504
1210816
1194688
1198400
1196032
1299136
1265088
1196800
1207168
1257344
1192832
1226816
1203776
1226752
1198272
1213120
1198656
1198976
1190528
1201344
1208128
1195008
1235200
1189696
1198912
1201408
1183104
1195200
1209088
1197440
1191936
1195840
1185152
1223680
1194112
1182848
1198208
1207232
1217280
1221632
1181632
1173824
1185216
1201088
1196416
1187584
1201728
1164352
1190848
1171200
1176576
1196992
1202752
1198272
1202560
1191872
1231680
1202176
1227520
1177856
1230592
1215680
1199168
1200704
1210368
1207360
1173056
1210944
1207232
1205440
1221568
1197760
1188800
1178048
1201472
1217152
1217856
1241664
1168448
1218496
1188928
1209472
1171648
1175360
1177344
1186496
1170944
1183552
1217472
1200704
1171328
1211328
1195456
1170368
1182976
1199616
1171904
1189632
1181120
1198080
1184576
1207488
1225920
1202816
1259840
1178368
1179776
1195328
1539264
1343040
1259136
1193792
1227904
1262464
1238912
1214272
1249152
1296000
1208512
1237440
1224960
1221376
1218752
1248704
1218752
1249024
1265536
1199296
1206464
1206464
1225024
1236544
1229056
1205824
1225536
1215104
1204928
1200128
1207424
1170048
1199232
1201984
1202176
1175936
1248448
1216000
1186816
1208384
1247616
1213440
1209920
1221632
1229376
1199616
1188288
1193600
1212864
1207232
1195968
1231040
1218048
1215424
1217664
1197376
1229696
1186496
1199488
1218176
1170368
1195328
1193152
1147520
1195584
1208000
1204800
1179776
1191872
1199040
1203840
1205056
1183744
1221248
1195392
1218624
1221120
1187200
1206080
1210560
1199232
1201664
1176192
1197440
1182336
1186048
1247360
1222592
1208064
1237056
1189056
1226240
1242432
1182720
1180288
1230912
1178304
1178496
1229760
1205568
1186560
1199680
1160448
1199040
1182336
1195008
1201664
1217024
1216192
1157568
1219072
1195008
1220416
1184384
1192384
1168384
1158720
1177408
1205696
1221056
1174784
1198080
1179264
1175040
1150528
1171392
1178432
1179392
1149632
1179904
1165120
1199872
1205376
1219200
1229120
1214720
1182336
1187776
1171648
1557120
1343168
1241088
1195392
1227008
1272576
1262720
1230400
1235008
1240896
1182016
1221888
1206400
1220800
1220480
1257600
1310144
1227776
1232384
1191424
1199872
1215680
1221440
1194880
1211840
1208128
1180992
1222336
1182848
1235136
1209024
1190528
1215872
1230016
1217600
1189248
1235392
1226496
1190464
1195648
1216192
1222464
1185280
1191168
1222912
1201280
1185536
1221888
1197952
1184640
1187456
1202624
1207168
1210368
1232384
1174336
1230144
1184000
1197184
1197312
1215040
1213760
1211136
1167936
1241280
1201984
1208448
1205504
1186176
1206784
1189376
1198912
1185152
1190784
1195136
1195904
1203072
1206208
1182208
1210432
1200512
1173312
1185920
1222336
1202368
1169856
1211712
1216256
1177344
1198720
1184640
1210816
1192256
1184640
1192448
1219136
1228992
1180224
1225984
1222400
1211520
1227712
1224448
1256064
1198976
1244800
1226496
1223552
1190400
1242240
1217152
1202368
1230464
1189504
1408576
1193088
1192704
1186304
1188032
1187648
1201088
1190016
1187392
1174720
1162432
1164032
1192704
1176576
1144832
1177024
1176064
1173120
1202112
1209024
1178112
1185408
1179648
1197120
1205312
1555648
1348160
1235392
1223104
1264320
1240832
1236800
1194944
1224640
1205760
1208576
1230784
1200576
1200064
1226880
1233728
1223296
1219968
1212288
1192128
1193920
1228544
1252352
1239104
1201280
1189312
1191680
1201024
1191360
1214208
1218944
1198592
1218048
1236736
1201792
1194624
1225920
1207232
1187904
1191424
1217216
1197952
1218176
1196992
1195456
1203584
1220352
1194752
1216576
1173568
1216128
1226880
1216832
1216576
1204800
1188160
1238464
1172800
1177216
1207168
1225728
1186688
1197248
1280704
1215616
1189696
1194880
1215872
1187520
1205568
1208576
1214464
1207616
1185024
1193344
1206336
1201792
1245120
1203264
1185920
1192000
1189120
1187328
1179200
1189888
1196544
1219648
1208384
1194048
1222784
1234560
1252992
1206528
1204160
1218048
1216448
1211776
1193792
1249728
1212992
1205824
1255680
1203456
1208768
1195712
1221632
1217536
1237824
1202496
1193600
1214592
1184064
1234496
1248384
1185280
1187136
1184384
1160192
1211008
1194432
1189504
1178368
1198144
1172608
1175744
1165120
1185792
1191360
1174208
1174912
1186688
1195008
1195584
1207808
1217152
1216384
1186816
1188928
1201664
1547712
1341632
1230336
1194816
1241792
1253504
1238784
1228416
1248000
1220288
1184448
1254336
1204544
1210624
1198016
1238720
1226240
1238208
1263424
1242048
1230720
1220800
1236992
1245248
1220160
1219264
1188544
1225280
1193024
1210816
1202944
1171776
1231040
1209472
1230720
1203520
1264576
1233920
1184384
1188416
1243584
1196864
1235328
1186496
1258688
1207488
1209088
1234624
1213696
1194368
1202496
1221312
1208256
1235264
1211584
1185472
1207232
1177024
1201280
1195776
1206976
1189184
1180480
1169856
1222720
1212224
1208320
1180224
1220928
1201408
1204224
1197120
1196352
1186752
1199040
1193920
1222208
1220416
1190016
1196928
1175168
1214656
1231488
1217024
1207872
1200320
1247552
1212160
1211072
1228736
1181376
1240320
1211264
1190144
1195392
1213824
1206144
1185088
1223296
1214080
1212480
1225856
1191360
1186816
1204672
1209280
1208256
1200960
1220608
1169856
1217280
1183232
1223040
1166976
1199104
1161152
1195584
1160064
1183808
1206208
1194560
1177280
1192512
1170816
1154048
1167680
1181824
1174400
1237504
1172800
1186048
1179520
1217344
1206912
1190016
1191424
1190144
1186560
1190400
1523648
1310400
1240576
1220288
1229120
1256704
1231168
1220800
1259328
1201920
1184000
1198336
1201344
1211904
1209984
1257024
1218048
1223232
1244288
1176640
1196480
1218304
1212672
1224128
1202240
1212736
1198016
1207872
1173952
1215616
1214272
1189248
1202816
1188096
1198656
1186752
1249216
1245504
1198528
1199232
1237824
1204544
1229184
1213120
1245184
1202112
1206912
1204096
1197568
1198976
1193984
1198976
1197312
1245760
1212288
1198528
1190656
1444800
1215808
1238208
1195392
1192704
1219136
1195072
1219520
1212224
1232832
1207232
1206016
1217024
1194432
1205312
1188672
1180672
1189440
1195648
1235008
1241856
1186816
1198720
1191488
1175872
1180544
1228608
1218880
1212416
1218112
1256192
1199424
1220480
1200640
1239552
1192448
1177344
1194624
1199424
1192512
1180928
1242048
1201856
1218432
1212864
1201856
1201088
1220800
1214336
1212160
1216896
1238336
1176448
1213824
1173312
1207552
1177856
1194112
1157248
1190272
1161472
1202240
1202496
1189376
1206720
1197248
1189376
1179776
1169664
1214848
1172672
1179072
1172352
1231552
1169088
1194944
1220544
1214592
1201024
1187520
1156288
1176832
1524864