142336
283904
395904
420160
499456
680576
768448
852608
771584
923840
840192
852416
880256
917376
1009280
1525120
1565760
938368
941248
2066432
2527360
1199808
3815232
3520768
2562816
6353216
69455168
34178048
25907840
49837760
26314688
10872832
13647296
18057856
10481856
43224128
16820288
12210560
68362752
26589760
8734976
26520704
25425216
13640256
16652672
14498624
36837504
15580992
14610048
32810944
21109376
69358272
22022976
16240896
19173248
20011136
19229824
42877440
18695616
12526464
24098240
37875968
11553920
71765504
10680192
14152320
25100736
15994048
38533184
14258048
63136128
10062528
23503104
26716800
10408064
25095616
11974208
72859520
19767040
15350336
20851264
23633472
15729280
21360704
40672576
29714368
44804032
18258304
37946944
21052480
7104064
88385024
52941568
5329088
31950400
9193088
7960128
25461632
21847168
30328192
11940096
30311232
21593856
14141120
55372864
15097856
16597248
11930048
27673856
4621120
91159296
28128000
35027840
22456896
12100544
34967872
7008896
26435136
22045056
22884288
11344256
7977280
49818304
28283776
30736384
17353920
22032128
25504960
39910592
58225920
75775040
54060160
17244416
11278656
44153600
13064640
8741184
35150144
21559232
31071744
36726208
43692416
32721344
15360000
13231936
51319040
13304960
30795136
52664768
12955392
30430912
52566208
8960832
32526720
11073792
61552192
13411840
25324864
30490368
51001216
6149120
10036480
43820736
15631488
48046976
28309504
19573824
13514304
38946880
7383488
37121600
24181184
16439232
39611520
8190912
11684992
15870720
45166336
32781312
30028224
6159872
16494272
8904000
17449536
16096192
56172736
48144704
38217920
7975744
7754368
29070080
9072128
33486208
14678912
12315904
35437888
38188736
18385472
10678016
21280832
6818944
32145856
13244480
14415680
8973184
78845760
16840384
11294592
18850240
18235008
46204352
11817664
9554688
30310720
16297472
9734144
50658816
5185280
10304640
38187648
4245312
50613888
30745344
8088064
15455744
7731520
55826176
14441664
11744384
10776576
22939520
46281024
27152192
8125952
25540992
9630080
52468992
25701248
18754368
14572736
11050176
42222976
5241664
22860352
14968256
33091712
10950912
10322944
41205696
16860352
7419328
10544640
33553472
42696832
91583552
15305792
6725952
18355520
4537536
22660032
27064064
64626368
31230976
5083264
29566848
16446848
16136896
25924864
13426176
37731584
14146432
73301440
7468032
11520128
20575424
11420352
30062656
12451968
26529792
9484032
13047040
26339776
25595136
10121088
22579712
35590208
45047424
38766208
26286208
8905536
30747328
15037312
62011520
7599552
33110784
25655744
22973184
17057024
18499648
39926336
7126336
9982912
30304768
17290176
38428032
11912640
11158016
13570880
72542208
4689664
33061696
38537408
23899264
13089088
97069824
37929408
27962432
8149568
11729152
30936768
13668224
4624640
42349888
9369472
8174848
43518208
7200192
60838912
6189504
22380672
30087680
63029120
41952576
17607552
7883136
20483456
7184896
86982976
5376000
13218944
27778880
10076032
26494400
35020224
33297856
5349952
15214592
67709632
31523968
42135872
11615488
8342336
35400832
8112768
23765376
15953088
30592064
52681920
12326144
53695168
52339392
16710528
23731584
6953920
73572480
24282240
30545600
9427328
27082624
8971648
38847232
48680384
13546624
35432896
5225792
72494912
11222080
41427456
12192960
64041728
39869248
26245696
7140992
23912448
20088640
69315968
79113152
7300288
9518592
10023680
14513792
35566976
9743488
36121536
4401728
16617472
9620736
28091520
8837632
10986240
15633088
18104832
75437440
5699328
9245568
21067456
28264128
67348928
40857600
7229888
18773440
52743296
28821504
108824640
7962048
14443520
24864512
11495168
22300032
17814272
11553152
55689536
8776512
37478784
14503680
50501952
8309440
9209088
9394752
54713216
33947776
11653952
11025472
21534528
17144704
55281984
51480896
27600832
9344000
23673600
7918720
69788224
45889536
7113920
20516736
4137280
73168320
4732864
22339776
16251712
10718464
69532608
55403904
6931136
14845440
17956288
15840320
39482240
46361472
19945216
29824320
36023232
46395968
14907648
40894720
8007040
9622272
17898048
27363136
56436480
12734912
27021376
16363456
23476672
23356800
26561536
33617792
150098432
20818240
5664768
52813184
12056704
35753984
33593472
8446208
11741376
29824832
13416896
19310976
36980672
7128000
11158400
119632768
91662592
70178624
9708224
10616960
78232512
18902208
40057856
16463872
12112896
11935616
23009024
37605504
37173504
28844416
7228288
10131968
37330112
7382976
95675456
32335296
7490752
29892160
71713984
41426304
6546240
11132672
22899008
31582912
28935680
27490048
8002240
63448384
48973184
10143552
79335104
50657984
22297920
41740224
48120768
12964032
13496128
12854720
17249152
7909440
46882112
16219968
25811904
21129664
19709056
117146688
24899648
10914624
75160256
51875648
98961472
12821376
99965056
26217728
24715968
11560640
44691712
24664320
11834496
30997504
33783040
23247040
35575616
72160832
16199104
61222336
119064832
102884736
6795648
16739200
15603072
28862848
25516416
16283200
18119424
62494592
8735616
27358400
8546304
24840832
59292160
22638144
55410688
17211712
35291520
67924288
7079744
35712448
19146048
9880128
14610944
10885312
72397120
25155584
43116800
17148480
29461760
9910656
82097472
15403520
66131840
78179904
9353536
52875072
10435520
41468736
81496256
12843328
12921536
56681152
16762176
11609024
35192000
12364032
79413056
44368064
8118336
10482752
17314304
49691328
25732352
29821696
15604928
26956288
4929280
100798272
16730496
51853120
64989696
35941888
66741440
15575232
34308352
13139200
34981952
18462848
54141760
198997632
10519808
20953024
35421504
11461504
25255488
8912896
72804224
44432384
29718336
27583680
43203584
38667264
41673856
44647744
67873984
37489472
15945920
15690240
41374528
18842112
38214784
22027328
16402112
32888960
7987840
34357504
60394560
54387392
16266944
9134784
28466176
68106496
71506368
12119488
17685376
38226176
12247104
81533696
7208192
202936640
13729600
17198272
6207552
35534272
9872960
15331584
60189696
39009664
33997376
11005888
30262528
8344256
45667712
30305984
32158592
10199936
21045248
31747328
118548160
21007488
16132416
14959104
27915392
31883456
56513216
104017664
7248768
72282112
7695680
16770624
46406592
49969920
20715456
11671552
36449600
10395392
134667712
28948736
18527168
31315264
10798720
29501824
23779520
41087040
49793408
11624576
67535488
184303616
39860544
13255168
25295040
36041600
11724096
42473856
14163776
36413184
19617024
10638272
63512832
32539520
17588736
17632128
22981888
47317632
70346560
57002368
7289216
11302272
19859904
38213184
16492352
61572864
66613184
7347456
22875200
7462080
79772160
21744960
27745600
8653952
78013248
15255552
24553472
11252864
27700672
136504832
70155648
13229952
13424768
10697600
19270400
31834368
107890496
115206144
120068032
8301120
13162880
41099136
54443264
41316224
64222272
9180096
8792576
87886016
72371008
15154112
36791808
10718976
46252608
20942464
30611008
25788352
13134336
19509056
23745408
16865536
107008832
11789568
27867456
19517056
10088960
86908288
6844224
51206912
16648960
10045248
28915264
16611968
31112448
24329600
33083456
42465792
29758976
20461888
27880704
18999744
12661632
113018368
31644672
77718016
18303296
11256448
41621440
11701824
63582080
15568896
32274880
27051008
38627008
57751232
58124672
9222592
21812480
40955264
12722944
32676352
50053376
25051520
142887808
58152512
17007232
17520640
7894336
176184448
88387328
7557056
28144128
10817344
55567552
26437120
32180864
15469120
15122048
23305280
83329280
13754816
7410432
54733056
9180608
74302464
88587584
23270848
34606656
21576576
49569344
5749696
27802112
56139520
23519360
91805248
8992064
67253504
13751552
17404032
17550336
8843520
76211264
63548224
15899008
45403520
38609472
7550080
125394176
30878784
13075904
57992000
13338944
8714816
33135616
64143232
38172992
28567296
8840960
79158336
25276544
60854976
91813952
24124928
23129472
35413248
9745600
129547456
103746688
10986624
54255424
7510400
84889536
40668224
21257536
19471360
23598592
10492352
149646720
25547392
14830336
18915520
20836032
130201280
25231104
18056128
19057984
41835264
22951232
41496896
40301504
14336832
30309312
16035392
19805376
140869888
13232064
19624512
18134848
193226304
91630208
21938880
64155968
21729536
23441408
9372224
80290176
10573824
30631680
15297216
30257984
13501312
91412480
25023808
25374848
12882176
65051584
63178560
48909184
18154176
21979776
9304128
59006528
24626496
16630272
36114240
23025216
30379200
9392896
118044032
35651584
10432448
75098752
11680128
101623744
75735936
11821952
15040192
18381952
44697408
82913472
10805056
15084480
129399360
8934592
93528512
23223296
33321344
61275328
8213376
151102720
18470144
12952704
11672576
69164352
44954624
12781056
31802816
10028032
34384896
23366336
63110080
82025664
15682816
61373504
6978496
37254592
30964544
169099584
16392768
50452864
11610880
22961152
101456384
23146496
80925696
10561792
19630080
21140672
32840256
55319936
19699904
10272128
15699776
66668352
7296640
99441984
11565888
16128640
17838080
8704192
46800768
45974848
43594176
32740608
29434944
55810688
12117696
14616448
13744576
21855360
16176896
93908800
93328128
75650752
25198272
63358592
25170496
119522048
15016448
29600512
18990848
11063296
177144320
150991232
29144768
16926592
13678976
16826176
13317248
87902336
15547392
65295104
37854720
15606720
31976000
61461056
24729920
29724096
89991104
28397568
43593600
12666944
23253184
20770240
10513600
28553472
126634816
36469632
19067264
21274496
40158848
14876736
126436864
45319552
28738816
10432320
22840576
109431232
39934016
24934848
7111040
11572992
39404160
47342592
89914240
58787008
18336448
21099648
56849856
60193600
23418240
10465408
11000320
18735936
16566528
117917888
32030400
15494848
15668544
21716736
39724416
53656640
16992640
25992512
14000320
92347648
10377856
51349184
8757696
9405440
18316288
32310464
59637824
73397248
13769536
19943872
62126528
14582272
92506048
9007424
14445824
31436160
19597184
153169536
31609344
24182528
10494464
18795520
28986752
74659904
57681728
13170112
11235392
28120576
30067072
69205760
8412416
14287360
60189888
78674176
16113920
80872384
41431808
33215872
42714624
31081920
28997760
30080448
198677824
54369472
10843136
70324544
31959872
123467648
85915520
17560448
11543872
27534336
9108864
58199232
29237824
11399808
18453952
52652928
79659328
33373120
14604672
29920448
20787776
10573184
40929728
22530240
11728960
19573632
16801920
74849088
7143872
18881344
38505600
28851008
27345536
125663872
17274816
10292928
91692544
13039744
24792768
42826240
18919104
116675072
15222208
40058688
25709120
28672704
102673728
27260288
20944256
41773184
12103104
11383488
34731072
21896896
46321600
76892736
54988800
54928768
133482304
17476032
21545600
18566464
38034496
12748672
126784192
16671616
24465024
39305664
17434304
23068096
39796160
47474560
15912576
36105920
15075968
84175104
207637440
78018816
13401664
37741632
17505792
105627328
30379712
22557056
12074496
15132736
59481472
76467648
8955456
54204992
11067584
14755968
117049984
18616320
19717888
7528256
28405056
26735232
11019200
29878848
32140480
48339200
14966848
106660288
10494336
67939584
29034240
25960064
14420992
41654208
16235648
138432640
26570432
25967680
85798272
12960064
28974656
40310016
89794240
73673408
14393152
54146176
25799424
36789248
12961920
65787520
30742720
17442880
44363968
67280064
29864960
11688384
12672896
70617664
81696704
20929984
36598784
28450432
13256704
32894848
33959424
129834048
30562624
38459392
44260224
9630656
86777024
11620416
18083072
14423552
47751744
40248576
30985984
38282880
12673344
37479744
9635008
149487808
21147136
21909376
68880576
35885312
29155008
52674304
48726720
28175552
16176896
30184448
59162176
45662848
17116864
57130432
51678016
11583296
28262784
75218240
8765568
24300096
31827264
50574784
32929280
16412096
17867584
58611904
122512064
107508544
31571136
13575040
10205504
94997440
27074304
89854848
9772800
28779136
26258944
8920640
65525376
88408256
9401408
42673920
12368384
66964352
19963840
55884800
8742144
17428224
27827712
23944512
8319424
31401856
12269760
39530368
28213376
32530368
89113280
60788864
32981184
15164032
41642048
30384640
8439488
22403072
31329664
109871296
34744768
35430208
11064640
70905600
9191168
46083840
15473088
22939712
39656256
50261696
47442496
12611840
79635328
11841792
41337280
16204224
68994624
20470144
12286016
17023104
15266752
152574208
65648000
12380224
29275328
9604736
98394048
31988608
23512448
8533184
28029440
7373952
74927296
52114432
26550528
22791040
20615424
60174208
7809536
22777600
9872960
47751168
14419584
253208128
57203008
107271680
11276352
21069504
16481728
34377792
12806016
17725120
46096576
24955328
9673728
141506112
26396416
55369536
16400832
15680000
33421568
60870784
33644672
28714240
21239040
73785344
41395584
64281344
18193344
27313920
10114688
19276928
69088768
43934656
9961024
19642176
265722112
55856128
13577216
36816384
12377792
51454720
20527296
16824832
14693376
41584256
37301952
77423744
9051008
56972992
14953088
9109632
57201856
22127936
102250176
14095552
46147584
39180096
6892800
180781376
27388928
15194752
41791488
43923456
156618496
26739392
13178560
45877952
12433152
27792128
34970176
44714880
13909440
24319616
49057472
10852416
106440448
100787840
18130304
50772096
18640192
21520512
35995136
26410432
12024384
142360192
33756032
20660992
17813632
120401472
42908800
40382464
14242880
69040192
27073856
8502912
59970880
23411264
19488640
23655360
88688896
77958144
46526912
25392320
11006016
12653184
27945280
29730304
25338368
8882624
38665216
25003264
50447488
17744576
92541184
31632576
42614592
14935936
59268480
23406080
107577024
66535424
20976512
13210368
30637888
123492288
58428352
10792128
26156800
10151488
26258752
14113856
37892544
16017856
59910784
49600064
41173440
31182592
21239552
55733184
27002880
12213632
21689536
14073088
50225984
10104576
28663680
47059968
23549632
9844224
40659072
29057984
119253248
19168320
19251584
26878656
9294144
43126464
22917120
55905664
19721536
86881856
14326272
56791936
46354944
52393600
17861248
17706560
42590080
149315136
16538560
22040384
11921856
78458496
14614784
44754944
29643072
88069632
27793728
38416064
12048320
46896256
25757248
73096704
9124736
37294336
19039296
148228992
14635264
21986176
70724160
59101696
37858880
9376448
19788928
32779200
20836480
11781696
69338368
38233664
78596480
7560512
37316800
31261376
59930304
16965888
58185344
30131584
38234368
11267520
50447744
153552256
32010752
11326528
42951616
23866560
14933120
52959744
19017792
96543488
38094272
28172288
17872448
51254400
26428096
12422848
69447552
61966592
9940352
44946880
28307904
16714624
12358912
27178368
16843328
58459392
71794048
17993728
20544960
23558080
11175680
42306816
22720640
64458496
24906816
14194624
20430336
76096512
9027968
25236288
9849920
81954368
15604480
48288448
25460672
54922816
62369088
35670080
25813440
58360576
12033856
15323776
25483200
84263040
10649856
27500480
30387712
103512064
16460288
114988096
40581888
83599744
16842816
10536448
51742208
24546048
40086016
57926400
19236864
32607488
15525696
80248512
15516992
35506880
10924864
17476800
14013888
40048576
11521088
50356352
50669440
24966912
11258432
29256768
24136704
127177472
58804224
75437760
12632128
55122752
19324800
20263488
10197312
58246144
22593024
180995712
15009920
47415168
12503552
61852864
16168704
26681856
35905472
52164352
12220480
21588672
19177472
114701056
52324288
35239936
44635776
47089088
22630208
29860928
115723328
16676864
25088000
25018560
25732928
16734848
14748224
38638976
10851136
47729280
23296512
56851904
18446912
36322432
15845184
54300736
44146048
22706496
12010944
29481984
39483840
11995072
41256192
48619584
161751552
14677504
17386304
17108672
30669888
7601792
89004864
28163456
16170688
26957056
34082944
30486720
101890624
16686848
18356352
39519232
8524800
104425280
86173376
16526080
12602688
13175040
46683136
129328896
32835712
34464192
13146944
39451520
27721728
26490496
16300224
19268992
92006208
16480320
8436672
15255552
21891584
50852352
18210048
32700608
20538752
13240896
53871872
37129088
24244224
7297728
81041344
48698496
23915840
26756544
24490432
21425600
85096704
14680768
44354560
188454272
246520576
10332160
14845504
10698624
22872192
9122112
26973056
28854208
15236864
8202240
87200000
17491456
14002240
15718656
14057920
28171648
55007872
45274176
25690816
36322944
53371520
8050688
116596864
10242880
29936960
15227392
19824064
39637888
61779584
12187008
17893888
15788160
44320832
13769344
63127872
38382720
13887168
21448512
36286464
10594624
34491840
8618752
60681856
67620096
44661248
15028736
95814592
18785024
35501312
39976128
23468800
44255424
24191808
11084032
150559168
66818624
15120832
12152384
16381952
17815552
21167104
25436928
23520512
20118400
48040704
22905280
33903360
14853248
23969984
10881664
37854272
20648064
59139520
136739648
76889600
23310464
20422144
26565952
27371776
24267712
28500096
11303936
41080384
16002496
120122560
52732608
10133568
19377600
10553600
168450560
50434048
9968064
29205696
26086784
19402048
26356096
13201472
96723584
21082816
43365056
8974848
14668224
18839360
56458880
17009792
9695616
38167296
9299904
88178880
54287744
60799040
75854784
12073600
30294464
68746688
10438848
24141696
28278656
36676992
14471168
49146112
20257536
82693632
24042816
28003648
39435840
38634304
73495104
26806912
43892928
55702656
19923776
21554944
61172416
71989824
24541248
24408832
33909056
19655552
42829120
30962112
39008256
31739072
51278144
14624576
50206144
23581440
169709952
85793024
13217600
11496896
159275648
22170240
10719296
17054272
29683264
11889216
16923456
31785280
27427584
67041472
22993280
20785280
129681024
21733056
27589504
11717184
21990656
22804224
86325952
7987200
57953408
14958080
27692608
92194560
52310272
18914496
12977664
8289024
53962944
11466752
36549440
21287616
59524288
11352768
83913024
48590976
52331456
15194688
20595648
26881792
128612096
7139136
23575872
229052096
16715328
14921152
39649728
25961856
66722048
8532992
16189888
16011456
81352512
74910336
24823040
10863872
32572864
9192320
73832896
18891456
16401280
20735040
49190848
9609600
42298496
16629120
94330560
19039104
27538560
12247488
73351552
11087040
39712192
12351680
89150784
8184960
85356608
21966208
13140608
57352448
26441472
17496960
53805952
34387328
10101632
13075264
44529792
31841984
32444096
261052544
20536384
11803264
22061568
13232704
50930496
100565056
15334976
10156992
9216512
72065088
28006976
15678912
38473792
11204160
39054784
57916032
47924800
21886720
7841664
37020992
8127360
61850048
14753152
24061440
50673472
23287040
31964544
83266304
24447680
14891776
20632704
96653440
105886400
64532160
17350976
13253888
35700480
20919872
18023552
13638592
71250880
50250816
20295680
16641664
86038208
7677504
57727168
93536512
21741952
15514944
17925888
38129600
20639488
18948160
12616896
12368384
34504320
49112192
11980032
27455744
21151552
13763904
112713280
43169856
111269312
11537664
25334848
41205376
8808768
59331200
10402880
72489984
15397120
10678208
19542400
58745856
46922304
29615040
13162240
16312000
9213056
50265408
11214976
40627456
59011904
21614016
11400768
77585024
55171392
20356096
21284992
79032576
40088256
41766080
21747648
142878784
23965248
66681088
8998080
23903552
12695808
68862400
20447680
44308096
67955712
42198400
28904768
19360576
12938368
107232256
36549376
14825152
34679104
30205120
33515200
19590464
86693696
113689856
26019648
23239168
21574464
34266240
21619584
96525248
109267648
28107200
15472000
26374400
15623296
22550336
27228928
12404288
47256768
14952960
23395648
20139392
74748992
8536832
81946240
33912128
21855296
12260224
105596672
27613632
35437312
65446272
29969472
29855744
34982976
48751168
138240640
12663488
32422016
22909696
35996032
20874752
23228160
12319168
33414784
32859520
70836480
67405120
18558400
11018816
62001600
9091200
120311680
18170048
12170112
13392192
25578560
22415552
56564672
25197760
76787904
20351808
39989632
9658048
29009664
89544832
32243456
8107968
30495360
26213504
22443136
36417984
56907648
10865536
45339776
11525568
62968448
29496448
36657984
23682624
19125056
16241024
61007744
22373824
69930752
117030656
15218176
37224192
82495360
13780992
84517120
14562816
22317440
25288576
10057600
36479104
104499008
22349056
35507456
20352192
21463872
10581632
41386880
24658688
30504064
44226048
34091904
37616704
166538112
14982144
13396480
31419328
24719872
21152384
15127744
24797312
55364224
26337472
45977280
9205056
24955584
33659136
16363968
17902400
44815296
13276288
71436288
15829248
22477120
23732416
16006720
59451584
36496832
49308928
17127040
39290624
40324416
27902144
47452288
44713536
82765568
33097152
158978240
8389504
10802368
14437440
26326784
25144320
24320896
69096128
26203264
24919232
35029760
11668288
40006016
44510336
17828032
13554048
30457024
17097216
93499968
11775872
21131328
30285888
44640128
32782720
49931008
9366464
50070912
41422848
17024320
15961216
172901760
53554304
55044928
18990464
54703936
16673280
28775616
8384128
34050688
88914048
32133056
13133568
67449088
35138304
18212928
37648128
49583616
15038976
52770368
21796928
77551936
9907264
18540352
34528192
132856320
46080320
16194112
14496256
17644160
12656256
140982592
56567488
25575360
65280320
10273408
155866816
58367552
21641344
29739136
18660672
45112960
29836480
41914304
13391232
25650880
24135360
26852288
31137408
15014720
17203200
13140608
26301056
24468032
38780864
35489344
36718912
22801728
37070912
18700544
22561408
22340928
40812032
26559552
85147904
28670592
29145024
7598848
35510400
26816384
56962496
162168768
21099456
15265600
35498688
9655936
50744704
12026304
22192256
20578048
79983296
23915584
132517824
41909696
14352256
13883648
8259456
23871360
58299904
47877056
29288064
71029312
40209728
14619328
61166720
12440704
38533440
21491712
15551552
41844992
97660544
18516352
10561856
10727744
27208320
116300096
70187712
13556864
23167104
24876288
13973120
27422400
49216320
75967296
17153600
28464896
12492032
111793856
23858944
13451392
15679808
17848768
38961216
142510336
49168576
34032192
24648704
24351616
28988288
44916864
14525760
37401344
10869376
23659712
58824128
45905472
10562048
30715968
43785408
60747072
9205440
22968512
8687168
97159296
11212672
23644800
21711936
35704192
12758912
144424576
70397248
10973568
19409088
88709248
119392064
53017600
9808320
20178368
10637184
62019904
10421632
52454144
14605248
21965120
15034752
59762496
32721024
17898944
31483200
96379072
20805248
91444608
12050176
21973760
20536000
28587072
24222592
26453440
59380864
39480448
15645248
16332928
45846592
46046592
21952320
71454272
16054080
16560448
13417344
34495872
20290944
79712768
156171456
30920384
9927360
37425536
9067392
40767616
16538496
65847296
10500864
37206464
25891136
17972416
62946624
61778112
17740544
28839232
13638208
56565760
18968256
24644480
65764096
23208128
16495552
112057984
38108224
12678528
46022912
20838464
55902400
17866560
49312576
11212096
14708544
14747264
62660416
57419456
44498944
16191744
54154304
19467904
119406144
37973696
15370304
13023680
17832576
205570944
10436352
21483072
22949632
30708416
47863616
56931392
13555072
20355776
28883072
43632128
16815936
37335360
12539904
198620352
43925696
18735360
32191552
30150528
17996224
38030272
47485888
17190656
8538624
24839232
45070272
98634112
23398656
13817920
11866944
14615104
28823808
12972416
32443904
51002112
57473216
40417600
18259520
34503040
18998976
26644864
9352960
20228480
28737792
46526464
8998016
124100672
64755968
14648448
21749696
18398208
14024704
62403840
17736192
15552704
21298112
13854080
27908928
56573696
36302784
102868608
9628416
16971840
120251200
21452224
11604480
59126400
11605568
26813632
22007232
18642368
21836608
37423040
11920704
13619584
70990144
25947008
20526720
13672448
24619392
89145472
103308480
12338560
15925824
11552192
22855040
114452736
69866816
16608960
11603392
13753088
188067136
9625088
15440512
15307328
8766400
29727744
67109056
17183680
15257792
10662784
20740160
12291328
79754112
82569536
21446848
22748672
11706752
66291776
82736960
39875776
8669248
13339328
18998848
19269248
57293568
7851072
32443904
27917824
58075136
21447744
64318848
15323840
24596992
26314624
14476352
23961728
37836800
13938432
95753408
26484096
18018688
20929344
20616832
50351040
34684992
25092416
20286080
19283712
27017280
7441856
97729664
34515648
18156224
51521472
34048576
91786688
63074752
20764288
32168448
16522560
22216128
20451520
22810368
49350016
150381120
194312448
54158976
49777280
48785216
8376128
23037312
16295488
74036480
9221696
48601664
10956928
80912512
35599424
48011328
20001152
27710464
149701440
38978752
13953216
14150208
11118912
32659264
9998016
48550976
8448576
51293248
22882240
11261312
75918848
41718848
15662208
14039424
62828288
8713216
75196544
36212672
15580864
44505088
13012864
92531456
67292160
15306560
16728128
14994944
50646720
18099840
16396800
11267584
35602496
37459584
50579328
109179584
14517696
11947520
23318656
10777472
124843584
21710976
36560192
17952128
19246592
26619264
26718464
21900160
62896512
17875200
13233024
11420224
70432128
34823232
25480064
92544896
133385856
11463808
81760448
38572672
52758016
12572224
23591872
33467072
43112384
11695424
59608000
31000448
26498432
29865984
70840320
65753728
46847296
19742528
50133888
10622656
40427136
17208256
34433088
15921920
27709056
56329920
21900544
12277888
55076544
18340288
28224000
34596864
16597376
42414784
133937792
25890816
50283136
26328832
19891200
14409088
47536128
48785984
102643968
16579008
36083648
10974272
62153600
18097536
162622016
42412032
9122752
16140544
12458176
66982912
74718784
37739328
12680128
17154624
13728256
35050112
9524672
36215936
14989440
32582592
45537792
30545472
14784512
32865088
20710656
30345152
10480576
46905280
29667904
110657536
12714752
39560448
10824960
32119104
62738880
47606336
27973440
20881408
17992384
43033344
25110080
36320384
26278080
16673088
12434880
110233408
98049920
35931712
20882240
26322432
23298176
51949248
22988608
13985792
17413440
48491520
24695872
56805056
18349696
17891776
21550272
35809216
25391936
122299584
44706816
18200832
17963840
24224128
35244608
97241088
112263424
8902336
48971776
23116416
21148288
15583232
28231040
8294272
23528192
33188608
30845248
25336576
26577856
100840000
8654016
25444672
31044992
63378240
16111296
58567424
27902464
36986176
21573376
16741440
150748288
10706560
17889408
20835328
44127488
9605312
27260864
21124608
106120576
21666368
16813952
9764288
28924736
26152128
30025024
29948544
65740096
8168832
20192320
55739200
46830144
9282496
51877312
10773056
25464000
23202112
51760704
30096256
33821376
34938048
106007296
13719808
126417216
26628864
238991424
12850816
28059968
58365696
46725504
11475648
33646720
18966464
23015552
19084224
22624000
17734592
51322560
10380032
22288704
46197696
45884672
30540352
103186176
24120192
11917696
18950336
37540928
10600960
37630784
33165952
26165120
45415680
26711360
46025152
21476608
56615744
30399040
47804032
35499392
70648576
22646784
14587456
16765056
57199616
42991616
12949504
60917376
21121344
50201728
14639040
47044032
45519488
51927552
29045056
14756480
11631360
19921536
11815552
116608832
37852992
16102784
70705728
16194560
17899648
17709504
82398208
12377152
11192960
40172672
92892992
105915008
20176384
18190656
18840768
86639296
36384576
63484608
18851008
32000448
23440192
12006464
8738176
79560192
30450752
67252928
34618752
15695616
20786816
23416704
18204864
103883584
14272704
37278592
25240256
12275712
44694272
82533248
55889792
20693568
11432064
18350656
72135040
28898304
21139264
42970368
48786048
26389312
37154752
94244160
58208768
18305600
12184256
17259200
13792000
91274944
8298624
19244800
11239872
67201536
40227456
30144320
10827776
21401792
32291648
87598784
13501824
81266880
25717952
14227712
11516096
11458240
24967552
26693056
10554112
42070016
12293120
22822080
20540032
42682944
44212160
81633472
14907072
15037632
31094912
8915648
141785088
35258240
10444160
102739392
26634560
59874432
30823936
7230336
108466880
16940928
46734784
22986368
17924480
10389632
32665728
40201280
115132672
10883328
23103616
18180096
17706112
47768896
20022592
37065024
120880448
13032704
11881664
34377536
74298112
30247616
64366400
15681984
20246784
20609728
13084096
36087680
24980608
26463040
55602688
40858880
35633984
44805376
36381312
31723264
18224640
26689088
10893184
49263232
130667712
23817728
11162816
110560128
15065088
62183808
74576448
86122560
16929856
72137088
14985792
61911488
39207168
58686336
27790912
28235584
14606976
23432064
32230912
84471104
14360064
22371072
113656064
35400192
12055616
73808512
11190144
34086208
56593856
46191168
14658304
16469952
11524800
20870528
126786816
38409664
24736320
18992320
34702464
41878080
17866176
42659776
17960768
15807040
26162688
33541632
74870144
53412032
13656768
17753600
14027456
20713152
19644352
130179072
18302592
26524800
15665216
26164224
20213056
89694144
23320512
31846784
13716672
14548800
44296896
85757888
9843648
22326720
31199360
41561664
59482048
72511424
19894592
29423104
23711552
59285632
20512000
38368128
9458432
20140352
112288384
78361664
11239744
29377728
30480064
32992320
13956800
52821504
8935296
27690880
21286848
66560320
65716224
18660864
10955520
21373312
19914176
40436416
19458560
26642560
27287168
49727296
13031744
96621376
28372672
18343808
10419456
31113920
29389952
152572224
35052032
11873856
17559552
42584448
18902400
155758080
101090368
8024128
8708160
36682432
21406528
37812416
7546240
57375680
31028864
20869952
13336640
88681024
17002368
104012992
47428480
11639104
17448576
70607168
74480128
10341120
42457728
15636800
47925632
17302912
27162240
18009344
17358080
38287872
79179840
53803072
13050240
23264128
11412416
92120064
21051264
41304384
13856192
22017216
16078144
112161216
22919680
11129344
10409728
17267968
33829184
68064768
63444672
16590784
17159104
122134016
21036672
27548928
15489024
45328128
29014848
21130944
114979200
121325504
9858112
16270784
15364928
47422976
16980736
25933184
14673024
35286784
59217344
22694016
13511488
50942464
21071680
13012544
51195200
110773056
15319936
26555456
21197184
10868160
58633856
8675520
93060480
19757568
42731584
30426240
31723072
133860352
67893440
27860416
21394240
48162432
21505664
69791424
15755648
67660352
12377344
18987264
44646528
31106432
27465920
40926528
15185728
10882304
49298496
27776832
64022400
68571136
35096320
15633472
11423232
51517184
37655936
23931008
16585408
26460736
46279168
19128192
26781760
60414080
54485056
13036480
41933760
15584064
28728256
12477120
68213504
50503360
13970304
21936576
15132352
73107968
35941440
44864960
25923712
19565824
43880256
14503296
84574912
96060096
16991744
12463360
25925120
45302592
21798464
25457984
104869504
24831168
13492032
131635648
10437888
46751168
11319616
14796992
13010944
77767040
54982976
44530752
18243712
26580544
31050880
14545792
57055872
18158528
17517568
13079232
38380416
32502464
45225216
30253056
20992704
17853888
46413312
28421056
32888320
13830400
87287808
27966208
15087552
17750144
128274560
11302080
59148352
57374336
32272448
42215424
35772928
15456000
26919360
12879360
15685760
9363456
70757120
42844096
102230400
18924544
50348288
27234944
40845312
15329408
23272704
13237440
36375424
46629504
39731776
47644928
19037440
21529600
27032832
25808384
33312960
19922880
17917056
17747840
42019456
103419264
18628544
64320320
25891904
26720320
38499968
35138112
33544000
67234432
10077568
29184896
17104960
136697280
99368448
18045760
15338560
47668992
13411136
19870976
97603136
59808192
10778560
23787520
13093376
54046976
30393920
25001600
9872128
52941312
24248576
24022656
18616256
42835968
76038208
20889600
19410816
184430720
15096640
23710272
9878016
51087552
12667328
27212992
55504064
28540352
16960320
39033088
10112128
35551424
26131200
27147520
11729600
57894272
46975104
54330048
8394688
36003072
36095360
77719424
24002432
78332352
18249152
29639104
15798720
30437888
12922560
66371840
35423360
27748992
9982464
53234624
32209920
207081984
15954368
13725312
32214912
74736256
10642048
29782016
14316864
71071104
7898496
20615232
25971328
24922368
50829632
76501184
75238784
31798016
18469184
13697536
12920832
109272192
10960512
19683264
46745728
19950272
96758848
51868864
18059264
20085120
11490944
16232640
33971968
68344768
17701888
15220352
13678464
15466304
20133120
62431488
55270528
20110592
20547328
40814592
10810944
88116480
13327040
30343360
35709696
71644608
20133888
32188480
11467520
38708352
20607936
109510464
15143616
11719936
35467072
91447872
114294976
13457280
9343232
16411136
26649600
17348416
42294656
41303296
38771584
13882432
23549376
85821440
15161408
13472832
16242624
87738496
22942272
106803264
27526720
38684992
27877888
161062784
11274240
15286528
18953920
34552192
13609216
21346368
19682688
92158976
18429376
26216128
159524032
19449088
11602432
47338432
11867200
55194624
31188736
66889088
23625088
31495040
22380736
17699968
22165888
28895104
37547968
88195520
17770368
26736128
90876864
21222912
48245120
12798848
76742720
25245568
72532608
17109632
19366464
19427520
27486464
34368704
89854912
30922560
18048576
13869632
30487296
23878848
57688768
16468864
23466432
67191936
50381056
32729600
34865024
78392320
14437184
17311232
11074944
31506176
46987776
27533696
17596416
10442880
33696000
14159808
129264448
10161792
23068544
188150016
45473856
12483904
60102656
9411200
26710400
10051072
30731392
12737088
72386176
120054720
18522368
11409664
34605184
20507456
53380352
25674368
62793152
8475200
19633984
28140544
30991936
71340608
10369856
49609728
98887232
69048640
66509120
13459584
17047872
36947136
17797824
77138240
21445824
28332416
14685184
111868096
30416896
17260864
26130304
41703872
12137536
39643648
67885184
19726784
21967680
12358080
28594048
11832832
32489216
27514432
32782976
37963776
74004032
9915392
18303680
36815104
109047104
16298368
27925696
19374784
180667776
61250816
31573248
12623616
14376704
25238656
91579200
27447872
13305280
17272768
11491520
37714560
59700288
22119104
18564352
14519936
17601344
27137216
55079168
23436096
33709248
192509312
56612480
11835264
88580736
23791424
21334144
20014144
17844864
9823552
80539264
19733056
33331264
12139968
29382592
26078400
200195200
12448064
21642688
16499136
97233664
37751552
55404224
12544576
28625664
43582528
22035264
83091200
23700736
17849024
20711680
22961152
71246464
12239872
32217344
13540864
22721920
16841664
48653376
11810176
18775360
42213248
27364800
44402560
32124480
72709568
205076736
37800768
78378880
9749824
11958080
16766144
38014976
33150976
50870720
25309440
21595008
12124288
22960000
17898240
64899584
45979264
24411200
10730368
41585984
72203328
71001728
11729472
36246912
21072320
15563456
12496192
50884864
69954176
97646848
24961344
32126912
18984768
42608960
66075712
30653376
20218688
38886784
17286080
130831808
15064448
13650240
19439744
18858176
12697792
102693440
30273024
26320960
24693120
24279488
25345216
189955136
23611264
60174400
32433600
32314048
42650816
123530176
16959936
12831744
23057024
21542464
38517184
14230848
34516992
10229312
28898432
20546368
47316672
60384512
58491264
30679232
11280960
30519296
16206272
90998720
31573760
16652672
16293760
22413696
26106432
88067200
8293056
60555456
50466176
19106176
15881600
22292928
23545472
41157376
15287552
20105792
11382528
30283520
59559680
18984896
15019328
28039552
20284288
18543936
14438528
60167488
82290176
62121664
15097344
25128320
100890944
51645248
83186368
24478656
16525440
25003968
13406592
49360576
23308096
59649920
27180352
16440000
19602816
15558336
43921088
117097152
16921728
23227264
16464256
21462464
36992512
95175744
15733632
10660928
21729728
19528576
13688256
68275776
32719552
61160768
17492160
173601856
10346944
71574208
26701568
32864960
17219712
32252032
75017152
28919168
11784512
61396160
10659520
15384000
11082816
81770048
66052416
49060736
66392000
16039040
10490560
77293056
113284864
19033152
12875328
23091648
47134720
10397824
30486272
23260032
148257024
29429312
13107200
13586816
43011072
100822528
31367680
16271808
72141312
25537920
23729152
24351168
65897728
24389696
20915712
16284480
39368832
14813952
23179968
13241408
31128768
40281344
11483200
27242688
13337792
16404544
55562176
28129728
22292416
30308480
91390656
98877568
88407424
17172032
51674880
9749248
18015936
12718656
23300992
33940352
16234048
47995584
13121216
12334336
42618624
105606208
53903744
50828352
22969856
13241920
10555712
96835904
24007040
21230336
13411584
29070144
39738688
27462400
59431936
11261376
52432448
25938304
39516544
59427456
71179584
24839232
39675840
56213312
19958528
22939968
30334208
13653184
41939200
30082624
39607296
22289472
16229376
145612544
35220224
68349504
19688448
32937536
13404416
25216512
60674432
15465024
18301760
94775040
67494144
97724032
35281344
12442176
14803776
15626368
35434112
19419136
61157184
49301248
31471872
23388608
38619136
26417792
44679168
15728960
27926080
19444096
47550208
12506240
54792448
26320192
16513152
11030080
89031424
35014912
48358592
27233216
32820672
21616192
62603136
35846528
51308096
8947264
18876480
20065664
72743232
24115328
111253888
31592960
26919744
18830912
79987328
23001920
41881856
75738112
31406656
12881600
60675328
12511936
54996096
19652160
25484800
18616896
21280896
125420160
54759552
17797952
13547776
23803136
48012288
17360128
187616768
55505344
15461056
28985920
11110464
53498048
10568576
67524480
87746496
20494912
10733888
27946304
25578688
48508480
59195200
27721024
16888448
9542656
124663040
18648832
32800256
10017344
29708480
21863872
122275456
37401024
16023232
10538176
23634176
60683712
64581440
22923648
50435904
10369728
28851904
33648448
27843200
32791232
23254144
22024384
51481088
12757888
68341952
111956544
16913536
9543744
59102144
13266752
36898368
39000576
84375488
18620608
54116288
15249920
34251008
24029568
41604736
15005760
23009408
12173376
57627136
34975168
55561792
30981504
32244992
26509888
15915584
18607296
83261056
69008640
16187904
10784256
18356160
39908928
79396992
16273216
20812352
12549312
25619520
43557312
93508352
18220224
23386048
9686976
36130560
86875072
31034624
36294592
128388160
43291904
13532224
60245824
33358080
35138304
15948672
20398464
62695552
52810432
9864832
23906176
42066560
33790976
12627904
60529152
15168640
90316416
69161216
36360256
22055360
20457728
60435776
35949504
33125760
15543552
11381248
18490240
28573376
35134208
49950720
47213824
26219584
49388928
17654912
83601216
74333056
97502528
9559616
21897984
49405632
20939008
88678336
6998912
25098560
30408128
14692992
14538176
23042112
20649408
48676160
72694592
17117184
19879104
14397568
47524608
83886720
32145344
43669504
10052288
59962944
29225280
130973568
66308096
24916224
11477952
38671296
16985920
75343168
17617152
19851200
14255296
64323328
37442816
192902336
19118016
16068992
22306560
41336576
35586240
35836928
17061824
57722048
15386496
19791360
38267136
10214976
25603008
27770880
41958528
9600896
44390144
53413568
228276544
10052160
36946304
11769088
63861312
14353792
29510528
12189056
35824064
17678208
26603712
31321152
56964864
31248256
12318208
11384448
91323584
38812224
45458432
15930240
36970496
30110144
20971968
43260672
17887424
22684416
24399552
9308416
57507200
22225856
86918272
47865856
17282176
14090240
23130880
12167488
16001856
60977024
55784768
10188032
74555520
170050816
14193024
13817536
29371584
16539264
184782912
17787008
14668800
13603520
39958272
8621376
36337472
9945856
21809792
19997632
43281024
12891392
48704256
51446144
21044480
7453312
41362688
38103488
55256448
32449920
20716352
22246528
19449664
34030528
74468928
44277184
43140480
11431168
26723968
26120448
45312576
28315392
36618304
17444864
21836288
17839424
49082176
13491840
137123264
30616256
34827968
43159104
108456768
32533568
26436288
64462272
152162048
13981376
31344000
56936512
21285824
23298560
21725120
50739712
33559040
193735360
13339008
16022080
14793984
15917312
80025536
160803968
25785920
70754176
23396032
33467072
14614016
19470272
11366016
24884992
30601856
57845312
111141504
40982592
19441280
21688512
17052544
27460928
53467136
36368768
10532928
31130752
9719040
53740928
45601984
52473728
10110848
22206080
8887296
150576064
30021248
21343488
13849792
17215872
22461888
17246528
55924608
80319360
22726976
19119872
26943424
34546112
169296832
23731776
10279104
61214400
21888256
20065344
20302400
42140672
35985856
9042944
33108480
19649664
41095808
18141632
14585216
18635264
25853952
27593088
70605696
59695680
21144960
41027520
20891520
49194304
18973056
84967104
62196480
41440832
13863040
12646400
145402752
22540032
20195008
17042560
35853312
40347264
73116160
78008384
11593600
12887296
28442368
61644736
122390336
11588032
18371392
13640768
25230784
55641664
43941248
91576768
15453760
32139328
17154240
44958464
13885568
24437376
26989440
19596608
20604032
35989568
23857664
40408832
157167168
46059072
9038272
30403968
14773184
104090432
13075840
13768576
14031552
23795712
9818560
86808640
63527232
18149888
16753792
18086464
38894400
10549120
48036032
27056064
16269888
28303104
19168192
11054784
78766144
28040128
57026560
26802048
123653888
38762176
13764416
53148736
11063616
148975552
33168256
18688000
14549888
31018368
10190208
69065216
8623296
67923968
13512320
17683776
17025792
37434560
12610176
62535936
8886784
14665792
42929856
33637888
11106048
37049408
43893248
63160320
9461120
23244544
39482944
11143616
153960832
17721920
26675200
19185600
36482368
23304832
111120640
139286272
8660096
20624576
16838272
14464832
37148544
44248768
67158528
19201920
26398464
24124544
48245952
11384128
74275584
17726656
32178432
13878784
106654720
51516544
29607808
17341376
11092800
20147648
52604224
15361600
13401600
20273088
96971904
155715520
90721920
17333120
21555776
14925056
21342016
27988928
23618688
87941888
20423168
24351232
25715392
40446528
58666176
21946432
20661312
11702272
21647296
16735744
70079424
43797312
18356864
48123968
52075008
53748608
32949760
10183296
26114368
26135488
17407552
22833600
158925184
39600832
27979264
9882816
71863104
16237568
40309504
58992704
17599872
12339904
54603136
22185856
26708096
13070592
35185408
63850752
61732480
18017536
21063040
42422592
49954240
12168064
18702016
42147456
52455296
29033728
110269760
21775744
75950912
25325632
78526720
15593664
35523520
9393600
14465600
62194624
55645376
18793536
24972608
15427456
48414208
76579904
15929408
17677312
19787904
19762624
57638336
149804928
20691072
13578496
17870592
34136640
36008896
37643648
16942592
21750720
35688384
30248512
49106624
70874944
8717440
26024448
77953088
18603456
37899008
44186048
35004352
25187520
10832640
17580352
74366656
36142336
80853568
14751808
31133696
17724928
64998912
75160320
47348352
23527808
61941760
28881280
24324480
30959296
92175680
17775360
17786240
145864512
59510336
11577280
28123328
21985216
20339968
9046848
26195648
28796416
69876160
44306368
31813376
23913600
30915264
17035840
95556160
112228096
17159680
16065728
31057408
15415552
229257216
18867328
43171904
13526528
25829312
28462592
60642240
36111616
14129600
15022208
9922176
23942592
29289152
57856640
59005248
87185408
48829632
29095808
32763584
31138880
20097280
13747264
20716416
33581824
26593856
53143168
46576640
11969920
74051072
13585472
35471232
15749504
128307136
34112576
20736192
41015616
10547072
27936384
52323520
20873856
10533376
78592576
19047680
84459776
37480448
24653888
13410944
18410432
57070848
78288512
34253888
29161280
14498112
24615936
28723584
43024576
19217984
26701696
14248064
87198912
29581248
29532928
27423296
26345664
21651200
17328384
63467008
134810176
20791872
14110528
13965760
27910016
18957056
174393280
26774528
11173184
32356416
64117952
19718400
12083264
115692416
36373056
29708288
17124224
60021440
18750912
17883712
69165632
13785856
13854208
18160448
12506304
97034688
27680384
16859584
25844736
22261248
15619200
96960384
51503744
42852736
12666240
30773888
10583872
55823488
21338240
55797504
25317376
21661440
55756736
52439552
18567936
131503232
20248512
38579072
46218752
53329920
74222976
51998336
13745088
32620416
8514560
114378560
98662400
56056128
14896128
9918528
23271296
96522304
44130880
21501184
14404032
37358208
12456896
38497280
13418944
8635456
63048320
19306112
22342976
85806272
25044672
16693632
16828224
25925120
32464768
69242112
17641856
28255680
19687680
69870720
21580928
39746688
12827328
19382144
15449472
43542144
32923456
59712192
65576128
38384832
22263552
16957824
27190912
30955520
134864576
91523968
11248512
13923904
27040896
11697856
27129664
69442240
30177408
31182080
39721856
24130240
46978560
97319680
15279360
22729472
56935680
26334720
10893376
71062464
16751872
77600768
14804416
19903872
70966720
41940480
22505728
13646976
15862016
27673920
9154112
68694208
36109376
11770624
20247872
41238784
45264960
140567552
41561472
29031808
50184576
8934336
12568640
27303040
31767168
59308352
53780160
24757248
17776960
13524736
37185152
140633664
36056704
13786496
53159424
27937088
32331392
176814720
21067328
19036352
21343104
15023040
17217280
43648064
25772544
19002368
14065856
55317184
62233216
24770240
44978688
33707648
14938624
71916224
8249536
58423872
20310528
21892416
38551040
55631168
8735040
74306432
9840000
48943104
31920256
39646144
14353600
34619456
16714496
30215232
82920256
57035008
20355200
12829184
8750400
108456512
9772544
145090944
31253440
14928576
24450496
24391232
19104128
118711616
16019584
20044800
24947456
24469952
34241408
64630912
19506432
11830144
33759552
36219648
47140032
39315584
12118080
23472576
18355968
54427776
13346240
51781632
78502080
91976640
18255744
37280832
13744512
33301568
31004544
110895552
20800768
15101376
22749696
12067968
148350720
17174144
23460544
16744000
24531008
16471104
30722176
130776192
32347968
10653568
25229568
17866176
13444736
30702208
11594240
48620160
38711744
40302400
14298176
36036736
20410432
97825792
18892800
25418368
17352704
23442560
15345152
73052480
269347392
87157952
18550720
11968384
12000640
21900416
10276544
83171776
32086976
18313536
11573376
25264832
10227456
42304384
39806976
40378752
9066304
15121728
18382912
127940352
17956224
29001728
9371328
26106368
18045184
77919168
68655232
25416064
11065088
24188416
29442560
41349888
12580992
124532992
22815616
8849664
19534400
31809856
77624576
10160832
44097024
15303168
11320640
25167168
110209856
38612096
24099200
17888000
23846848
40538432
146181696
82459968
31460352
16392448
13904768
18750400
17481088
12918080
102097472
41767808
44010944
13972480
22323392
14307776
18130624
55159296
17794816
87516224
13463104
21412096
34142336
93864576
29305408
9518720
20084160
15801088
144726400
32874688
25918656
27656640
25333888
58670208
112142208
67644224
13902144
15944000
36490880
34883840
16059008
42495040
22242752
47561728
21624704
115606080
122292608
10942848
15187328
12038272
29223936
18085248
43127808
85281216
117358016
12923392
14245952
11257728
21086528
54296384
65385536
18311360
17648000
19662336
17895808
38146688
46552832
67691008
17907904
18674496
39393344
22230400
58866240
28415680
28316736
8918144
84276224
30682112
69572608
13069248
15050944
13074304
148238848
57506880
30470272
23008704
24321472
23345664
47631296
15513600
29832960
52749696
24493184
13159104
33406592
87296896
66799936
36663808
19453632
27571776
54286592
13226432
21021376
38560640
90705536
13368832
12938048
67192448
15541888
35208832
12956736
26644352
35942336
15253056
18222464
101539968
29859392
12310272
19120576
29001024
62243392
55027328
13398912
19338944
19651200
20324992
18287424
167967680
39453120
13300608
18065920
13921408
45570816
195103616
34058176
15513920
15584896
53644160
9095808
76324800
15294272
37169792
21129408
18445056
58648192
35199104
54056768
18117632
18350208
26456704
31085312
107929280
35101248
17112448
10831168
19544448
33941888
35020608
91167360
14062592
79806528
12604672
34725376
41748032
60607744
42020672
20538496
13287104
24977728
12077760
22566272
23621952
53217536
46210304
34184128
43583680
27749248
80545216
48205056
15013888
32628800
10492160
95755392
12483520
25477440
18754560
17158464
11930048
90734912
34792128
38427072
15955840
42667008
16013312
67667392
9114624
30674112
22946368
29252288
57573440
20114624
13823296
79603712
60583552
13176576
26721088
14457920
30366272
99489984
120123648
17999680
33825920
26849600
37036992
96567552
19886016
35578880
18509568
15260608
43256384
22885632
41158976
19607808
20648576
27275648
36772608
70655296
12423040
19387584
109145600
13190528
158244992
80472896
37259008
14142656
22869312
22329856
10181056
61992896
73978112
15520512
11436800
19491520
35501504
84759296
35569088
34563968
10291200
28624064
17380224
83228928
11206080
29587264
38339328
16198848
14363200
21283648
47888064
78390272
52084352
10725888
21422336
20685824
134970560
30148160
19179072
19557696
14864640
11615936
18552256
45762240
19877568
30347392
76941184
17871424
8955072
84372416
46571136
34685568
17687680
12810432
14514368
136733568
42318208
26063424
21426048
21576128
41499072
63632064
30375552
35752704
14019584
38352512
50669056
54301696
23589312
17337408
17871232
40628416
12487424
80986112
26758528
16935040
27476352
92356160
12137920
68977600
10739520
93483008
10391232
20566848
24401408
31753792
98756928
37060352
10146304
74640640
25133632
146852096
22371136
29355008
21223616
107684352
35381056
34489664
10153088
98964288
46024320
52852224
8988608
32707968
17607552
10094400
16838720
144683392
85931776
12834048
12556288
24703296
9993024
21151552
40439360
89634176
32540864
13370752
17203712
37533760
69318272
26792512
17714752
12561600
26188928
51843392
53023616
73277184
12346176
9713408
16827904
15730368
75596864
30561280
23098816
13531264
15921728
40734528
26646272
122360320
10359552
18812160
30383808
47686208
15020224
45591168
61186240
12711808
14766336
29516096
38124032
53617152
43194176
19312128
17569344
39370048
172704320
46200832
15491712
25639872
12829952
55539904
18991360
92001088
20898688
26057920
17846784
30269120
19989632
44836352
62656512
80939456
56308608
16186816
10236544
26647040
45389056
55067136
21717312
25830976
14156736
111383360
26813120
36401536
54224128
19973632
19016640
24236992
11395392
73775232
23085824
15757440
13849664
33004864
38470336
83862272
39303872
21282240
31948352
17097920
63395776
31073920
125828800
10539840
12665216
32435264
31362624
62427328
204447680
88906752
16268224
22639296
15322624
23834688
48297408
105197952
22463296
10539648
16485824
29293888
11299968
71478272
15300480
16377664
24421760
11116800
43616448
50015744
64092992
87866112
18584128
20885568
22138752
19376896
87096960
9138880
16408192
19411392
22282880
36957696
59158080
174795904
8391680
13937280
17894080
42087488
129713472
34468864
39590464
34674176
11120000
14367232
33777408
127774528