29696
101888
140416
176192
319360
209472
318912
353536
532800
512704
617152
428480
511936
519872
537664
580992
389056
492608
465024
555456
504320
728512
453952
529152
532608
536384
579392
553536
575936
527168
654464
668864
449984
665216
659456
712896
560128
619328
538944
738368
661376
720064
602752
623168
659328
782016
396608
667328
481472
767936
576064
732864
433664
769408
510720
730368
549760
686720
372480
791488
605376
683840
730432
1015872
642368
801536
1350272
876096
615488
789056
663424
771904
860416
1240960
841088
1457728
762624
1073856
1669568
1214528
701376
1613888
1458176
620480
3745088
1151744
1987456
3724608
5684800
13277888
604480
14243648
19331712
600704
16675712
1773696
4081536
1038720
10505344
4101952
1807168
13263168
2470336
895488
2443136
4456768
4275008
4918976
3135936
1202624
11655168
1738432
4157632
10235264
9788928
809600
3849344
2020992
7242944
2686016
5829248
4050560
13271744
1039424
3096448
4814272
7127104
2181888
23818688
13572864
1903296
5806528
2773696
11971264
2510144
21026240
3483840
8335296
20594240
2268864
3603328
3637632
8342912
3310336
859904
7656000
21173056
3294720
5932160
3409472
1504576
1966336
5834432
4163840
2301184
8567552
12985216
2968448
11811008
1828288
13361408
1461248
5471232
1662592
8569536
3095232
6281408
1498752
4571584
8163200
4514112
3035392
1142720
14082560
13660608
4909248
2567040
15678400
2124160
3953408
2617728
7206976
7345920
16483136
1162432
7582208
10412608
1842816
13903296
1860416
1647296
3326720
2913856
4336960
3061824
15820416
9415424
2175424
1963712
6511872
3945344
5101248
2190464
1490752
4433664
4779136
1417408
2595008
2480192
16583424
1419136
1295424
1830464
7575488
4302976
8875840
3424768
5479552
3189632
2023232
1943680
1571456
14387584
779456
2654784
7598912
4858560
2030784
3767552
992128
2305408
3822976
4581888
17919808
2496576
18879680
1410944
1980928
2488704
5227904
891392
5005824
899200
5347712
1863296
3413760
1399872
10730176
3570752
13356288
1805888
13249280
1568640
2028928
1268544
1901632
12568320
1297600
3568448
5486976
2623040
2227968
26081984
1107584
11338944
1640576
1444160
1944384
9475136
5378432
1578560
2912064
1850688
2117568
7204224
4305280
3328384
2558528
9131264
7175616
1235328
4974080
4907392
1247936
3803520
4627136
22781504
4021184
3001920
1802624
22113792
1614336
1513536
7784832
2622848
1196224
3649280
1836992
2049408
3166848
9518848
3528192
11283456
900096
19137600
5387712
1035648
8716288
2050304
4238272
12188032
2410944
4403072
31232576
2026816
924544
3817984
2696896
1516224
5102336
1115264
4776640
8791168
2555648
7807552
6910144
7584320
4723392
2605056
1228864
2483456
5136448
1534848
1258048
11191744
7716032
1995008
1425024
4626880
1547072
37993728
1446784
20635456
1897536
18236672
3125952
1244864
2095936
2112896
2116928
2218944
1572288
7824896
3143104
2010176
4010176
2201152
2059200
4075456
1127232
4197504
3538944
6600768
1970176
9142144
1206720
6680768
1937408
12474880
3516096
3134976
3234304
3760128
24481728
1368064
1542144
20824896
13293632
2507584
3190528
6417856
2137728
3164288
1654144
2610240
15199168
1704320
3087552
2400512
1837312
3674944
12524096
10559616
13528256
1347776
19993600
1211648
2966912
1552832
3838592
4230016
1208320
6248960
2899712
12718592
4306624
1262592
8001088
2252928
2659840
1763584
15956608
2443136
4971392
2315904
18167808
2648640
28714944
1087616
1897536
3980544
6690304
1919552
2247488
2189312
1859584
2977856
19178944
3948672
7864128
6332352
4424832
10587712
646336
2860032
3955584
6929408
2649536
12744512
1622784
3880384
4275904
1613952
4866048
5182976
891072
13183040
1293568
1537984
3377664
5206464
7378944
1781696
10250368
973184
18125888
1872448
3352576
2439040
2799360
1287552
12390656
1080192
1900096
3579328
2434752
1891136
9058880
13518080
1515008
3504704
2310336
1057920
17816640
2241408
1507392
5260160
1358400
31192128
6030208
4325056
2646848
1394688
5862528
2766208
1051712
1688640
21265088
3499904
2392192
4055744
3183424
4650752
8217984
5220288
1702208
1520896
24808192
3469376
4262848
7263744
1033472
3683584
6662784
1378496
2027264
3175488
18374464
1291520
2416320
1630656
4737600
4001600
6548800
2817856
6246464
15381248
1167616
2253120
1547136
11105152
2054336
2316928
9899328
2504064
1089408
15864640
913600
1516992
1548992
48644672
1324480
8277760
1894848
1455872
1711680
925440
3779008
1253824
1244032
15934464
2179136
2578816
1686464
2118976
17328768
4057920
2221248
2678016
1641728
3087296
21462144
6706496
2115776
1545600
2867136
2073088
1502656
1451136
1946368
2218112
11466624
2191040
758272
9266112
1259904
5851968
2677184
1673856
5824000
6191936
9662080
1388608
12134592
1600064
19912640
3409856
6134208
1238080
2710592
2303680
1739008
28842816
6251584
1227904
1300672
1547328
41286784
1667264
1137344
2276096
3490688
5244160
2217920
1768768
14416960
1165824
1711808
2017408
2727872
2256384
1728832
3014784
5134144
19320192
1538048
2301440
2026240
931200
1672192
7053184
13133952
1358912
1785536
1942144
2014976
1838656
9792960
1913664
2684352
1139776
23126784
3527040
1265472
2032320
4726272
10219136
1365760
6552256
1999232
3426688
1418688
2230144
1620864
4631680
1962624
2143616
6615744
1066624
2375808
3029440
13033600
2127936
2367232
2795392
2800704
4212800
2672448
1501504
6612992
791936
9896960
2373504
1383104
17700480
3983936
3691200
1209280
10823552
1343488
4619584
1411584
45204288
1312000
1153408
4684224
3464192
1142848
7015104
7077440
14652992
958464
1374720
1781120
1498304
7099584
630784
1696384
7389248
17081408
1270784
2856768
1671296
2225664
2726720
6291712
748096
2933376
5203648
4808960
826624
1348416
3179200
2520512
16526912
1905344
4529216
6183872
1136256
1651072
2208064
1417920
12165504
13074112
1850240
1709568
14759552
1490624
1701632
1093376
34104448
3547456
1008256
2568512
1925248
856000
2643840
1622592
3544000
1390656
1895296
6883776
1853568
2067008
8491520
12761536
3370176
2458880
1698368
3297984
2185792
8087360
1005248
2790976
1333056
16534720
3383040
1465152
1865664
1688768
847808
6004992
53570240
1771584
10220480
827264
1054016
1099648
29900672
955136
1333568
2167424
1465984
1014528
11238464
4867584
1544320
896832
2085952
5013312
906240
8480896
1927616
1977216
762368
2280576
1518720
10741376
1037632
4609088
2396800
6490624
667328
7800128
5810624
1816128
994496
4552960
12602624
2702016
16134144
1857408
1320512
4066304
26926336
1875136
1397312
2658304
3039936
1551232
1064704
3204352
2008000
4857280
734400
2873536
11370816
2157760
15678592
4443200
1529728
3433664
2266624
6366976
4434240
771712
3262592
1387136
5182528
13570176
1741184
6446080
779072
1648960
2140032
19255808
20474880
2245312
887808
1304704
1337920
1198016
14584640
684160
2774592
1354880
856000
21732672
2329088
1004096
2972800
3281792
2219840
1287808
1024512
16877184
833152
40908032
1450304
4638016
1817856
776768
1139328
4204416
10933056
3178240
1527424
3878848
614336
1927104
1176832
13397632
763136
18960000
1711808
2854336
915712
2402304
1576064
1107968
1648320
14507712
1808320
4474112
1603712
1641408
17924096
15438336
2723840
2958464
1843840
1462144
1998848
943680
3621760
2510720
1165952
2032832
1948864
1964480
1153792
6337920
3572160
1245632
1872256
16362944
1505792
2105088
1636928
1473344
1587584
8221568
33107328
838784
1454272
1320128
941632
1257728
1799936
20754048
836736
1444608
4438272
786944
2047040
3027264
4113216
2206144
3768832
6547648
1472768
6610944
854720
916288
29649984
5251648
1069888
1395648
5458176
4720320
7500864
1604224
8995712
23890560
28234240
1057408
874432
10610624
1984384
1193536
1446400
971968
10295616
1664960
2561600
9414720
1844864
1416832
1924288
13400640
771648
908736
20146176
4851008
998528
45372608
1012608
949888
1489856
1300928
3954688
1918592
1238976
2222912
4139136
7710592
2471808
3779072
18727808
1777280
23156736
1171584
6157248
1002624
20954304
3413376
1970624
677760
1647744
15645184
1568640
780096
4361856
3595136
1131264
2588736
947072
3228416
2263936
13360896
1072384
20462016
1101760
1804032
1072064
23025472
813952
1845568
2223424
563968
1430912
11094016
4926080
19293568
834048
883648
1098944
2790784
36009600
806912
749440
10356480
8069376
1272704
2145856
770240
8626880
750016
11113600
840000
1803264
1078336
1509824
1009088
635520
2747456
508992
2860032
1206272
2409024
9063488
21863040
5740224
3722880
800192
11037440
885120
13085440
1332160
5174016
7046592
1477056
2202624
5681280
8965568
918528
19117632
821952
1204352
739840
28974784
973440
1541760
1086784
7308928
2831552
1796864
781312
5776896
11487744
910720
5431552
927040
4542016
1104256
1932480
509952
15357696
3446720
8927104
3854656
944512
16118656
589952
24037184
989696
4005376
1354944
1666624
679168
9800832
1593344
3685056
8426368
5201856
1004864
6282688
2530816
1090048
14770496
792064
13035136
5898112
1523136
621376
892736
1471872
2919296
9418368
897984
920512
1612544
25537600
935744
2109120
940288
1367680
15688384
4072960
2841856
1021888
741376
1817728
9666112
15855680
589824
1098816
19777792
8911232
593920
898624
1073920
10233600
1507456
522560
6293056
3362432
689984
1879104
1091072
6527488
2460928
1019328
1982080
10477888
42189696
818688
534720
3901952
1017344
1834368
2101952
652160
10774656
1548224
4062720
4512512
1224128
5102464
40324160
2341120
4775104
1462080
1411072
599616
3142336
6402624
2273984
1130560
1020160
570176
31130496
2546816
2528896
1667328
621504
1153024
7106496
837504
1640960
1097984
652992
11641664
11966912
947136
21684736
666944
8096384
1079424
26111424
6475584
522496
18754496
9864064
890432
528448
2455936
659328
19217536
1307712
2162624
965888
2646912
2611392
39052352
1039424
4231168
1385344
1123456
1203456
2164672
31931520
1056512
501568
1747648
911744
2695744
711360
28788480
1071616
5396544
803904
4249280
3583872
748096
1611968
2056960
2236096
561472
2491968
2423680
3264128
944448
999872
942592
7233408
4375936
2990080
6572416
1574784
1290240
674304
12185984
1581952
884288
800832
29160448
1547712
3866688
3465664
877184
10655232
1253248
1161664
3521472
24664448
3853696
13743808
1437376
1642560
719296
10311296
1011712
12252864
1256512
1596800
1914560
2076736
1839616
24808256
996352
970688
5458688
2230720
9425664
1479488
1230976
873152
14164864
2001216
1077568
786304
7599744
8075584
6096128
600256
981696
16210624
527744
5131904
3316736
771456
4962880
5954816
11643968
1009984
1907968
2513728
4072576
5938944
9149056
557120
1205376
599168
18911360
1976128
709696
15230784
20996864
825280
1345856
934016
1596032
1526208
29197184
529088
1147776
2593088
664640
6714816
2125120
997760
2412992
6905024
1826112
1498304
9858112
1994048
879872
1400576
1162304
38206528
933760
2090368
4711232
472320
1204032
1244224
6612032
1152704
3110080
751744
1588480
16031488
47260352
852096
895936
1499648
1401344
1291584
1145920
1059840
1326912
5411584
6744960
597056
1379136
8537344
1578112
937984
2231168
13646336
682688
607808
4363968
4968832
1082112
662208
1894976
10068352
1651392
10168064
5146240
666624
14248256
1446400
1423488
5335680
2232256
2031040
891264
21474048
2371968
1345600
4387712
5070720
2401920
14641984
880576
1750400
822272
17181632
1953600
1334912
2469888
1761024
4835712
2579456
11288000
893440
1371648
9067008
2000704
1823936
561920
1113088
37477312
6042240
833728
2694272
746880
2114368
561536
1638144
618496
32129664
727232
14692992
500992
772160
13912576
3124416
2197888
1168960
1071552
43971136
986240
1329728
3223680
1069440
520512
2012672
4355840
11598208
433600
932544
1426048
8366720
6589888
3090368
596864
1464576
969600
1339328
1312576
1510272
544320
6731520
1467904
19327808
6682944
598336
944512
759040
28562752
668096
1242176
1088896
918848
1245760
2438848
1015040
49521856
2524544
522304
45242368
3745024
2194368
4685376
2608704
2313408
1708928
946176
3222336
2747456
485824
2245376
3334656
1546176
1977088
15141504
12737216
1163584
434176
2372544
1275264
924736
965568
15722176
9322048
753536
1046592
792896
6624704
1467328
726720
4061952
1289408
995904
773376
1659072
85414144
2025408
1468288
873344
22050304
761408
847744
1037696
19722816
1369472
496384
15028032
1311616
870848
1687296
1400000
2470272
3253760
683392
1339648
4964864
572160
1106816
11541440
4150400
733440
1011136
1165504
1871104
14291840
480064
1770880
3783616
4717248
536384
1284352
1812608
30749888
1091520
3793984
25803456
3154624
2366208
995648
2181760
543936
24770560
916480
1488448
5278912
2255360
501632
9398016
1992128
2133504
549184
1088512
7492160
7048064
469440
2254144
9607104
770432
6968064
4499520
705088
748352
708800
21546368
1610048
4049536
10652544
699328
693632
2592192
1119680
2651456
3665856
1140544
21865216
1109504
16332800
914176
1419392
1108672
3990400
581056
2497216
857536
742592
18970944
566080
959808
1489280
3028288
40271744
700800
2247488
846272
710720
2050944
2448256
3211712
561216
1179648
2689280
11595776
9210304
780416
696256
2712320
883904
1534784
1731968
3897152
921856
7848192
696704
853440
855168
1775616
25104576
2527104
5940544
761408
2605632
511872
1161728
4241664
9753792
733248
761472
18008384
989568
10258496
871360
1826816
923264
8096256
5926784
1151872
806272
1745280
3134528
646208
1082688
1160704
971840
4291008
48624768
18517120
537856
7689088
404864
936576
1111872
938688
5184704
1668416
1257728
999424
847232
1621824
1786496
2505664
770816
4396288
568064
29083072
795264
633920
9507264
619072
41801664
517760
2087808
6183616
985472
941440
1040000
1571712
6217536
11026432
533440
891328
1921600
1842880
615488
599296
1226880
738944
4530368
1663296
19498368
1470080
1326848
1711936
3257792
1971392
1104576
1049024
25429056
810752
1537024
1570432
16928768
1606592
1001024
894976
1010240
7467136
3708288
591936
910272
2683520
3389120
658112
66761664
404864
756672
706240
670656
1016960
3379968
1135872
585088
16285696
492672
4454912
2342144
741568
1102080
949888
23557312
405504
2179712
472000
702720
1790592
892608
20580160
6418304
1893120
557248
2424064
494464
4370240
635520
16701568
427776
5232832
852224
586432
1177152
840256
4194432
995328
1869504
1722880
462272
774528
3229120
2730624
700288
620736
655680
1208832
6421760
1974592
810240
2349312
2428672
3376960
1956416
418432
7503488
2131520
935552
23232768
407232
2490176
2836352
7844736
31983040
534592
1183680
423040
28727616
1513920
2855744
47741760
636096
1543424
4604928
19409536
584000
797888
873664
61348608
2297408
1367232
644800
1329472
724160
16858304
658048
1425472
998720
972800
1882432
2244864
713984
44843200
512832
975808
783872
1707456
2100480
525888
869888
1694784
2852800
1170432
7914368
1670784
1690304
993600
11649216
1637504
3283072
774848
10748096
1267712
2297728
7305728
5926528
743040
490816
1911808
1903552
1191168
468096
1837696
450432
18418240
809664
773632
1577280
1769856
4572800
877440
1136640
857152
6340736
4087808
13373568
1350336
681856
1138304
1836160
776448
3294848
595200
28459328
2486976
683840
1786176
18297216
23052224
519936
868416
1884992
693248
1207680
1684096
22083072
682688
12647040
14278848
450112
44442176
738304
665792
756352
398912
1497024
1920512
972864
802240
3244224
2168256
602432
590720
702976
10791168
2146112
4071808
654720
2540160
1394816
681792
23975744
4096128
580672
873344
8366016
16587200
596288
1568192
1184448
17812352
1761408
506624
1704064
792000
794240
1457216
62905344
688064
1584256
3024640
10495936
16463104
551360
6259904
736960
797760
616768
1826560
1840128
866304
1235392
955968
9853184
7510400
758592
2317824
6702016
788480
1441984
1347840
1160448
2326400
3104448
419264
12199104
508224
954560
3359808
8484224
7400000
620672
960320
17616640
2718400
581376
2656960
28021696
2921664
4368576
24798016
2250560
639680
5561472
2614336
2183936
575168
960704
1117312
15015872
1062592
835648
4876288
1456128
541760
4125824
6499136
815616
1024192
1509696
964224
7116864
423488
2196160
26170816
756160
1266496
1681536
43467328
553024
6632704
1109440
2951104
2145408
780096
5403520
3514304
622464
826816
916928
1367232
2132864
574080
1151872
1473600
18228736
4987968
467776
1168192
964736
17932928
1359168
996160
5116096
1055168
24989824
882624
2758848
1119424
24978816
1786944
439424
1199616
1330240
933056
19330112
829312
1081216
3890496
1395712
1519936
2374400
9760832
965504
952192
24506048
1683712
780224
3601792
2300096
5651712
840704
500800
4321600
22526016
1210944
27158528
659072
1373888
5608128
24895936
1022208
534208
2811264
707840
894464
2072512
1312960
3263680
15626624
28437888
1910784
711872
2998336
13249792
9663616
1189888
1285632
1951424
4574336
6678272
763648
1423552
2174080
1225920
528640
825856
11161024
16819456
1575424
788352
716160
32580352
654080
645248
2198784
2919936
12584512
854656
548608
6883200
504320
3020288
504576
16038336
916096
3482176
10447424
862720
608576
1279296
2144448
475008
14256896
5107584
12797760
18840448
583296
630848
2265152
2187648
762752
10540544
1258048
485568
2872704
919680
1319104
1189504
708608
2134848
10704448
653760
1398400
22733504
3963072
666816
703296
14545728
4787904
1283648
874560
1387904
555008
2648704
11165504
3929664
1276608
9014016
11578752
562688
12266240
1442624
1013312
639744
1988160
990656
5419776
3386432
593344
2475840
1882752
14449664
809472
9525888
7032320
21528960
678272
1083840
1149440
7613184
1513728
656000
3713856
35967616
1790848
25369344
1988096
771712
8825664
967168
1072320
711552
38043008
1374720
651840
1236224
3007168
780288
9594176
4789568
2807168
569088
1020160
916096
17135296
3141824
24581824
446592
1578880
1438464
913600
2818752
8146624
657280
49005312
597056
935488
9576768
1913024
1504448
823744
601600
746688
1207744
695360
4842624
1047424
11058880
1232960
525632
1486144
15280128
11030336
661440
666496
3110464
950272
846848
1952128
28097088
641664
977152
2758592
3230720
2045696
1444416
2068992
998080
700800
7063872
824448
1151872
6687936
675200
40116352
6691776
627776
11081344
2254272
619904
1525888
12182848
494720
1230656
617792
22327744
1010944
7386752
843904
1361920
2215168
1669952
1796736
474432
4620288
849856
1445056
5200832
747456
6288192
446016
2066944
892992
4187968
8995904
681280
644928
7512576
25380288
11130240
1535488
692864
9705536
1345216
1506368
873280
1176192
13513152
887936
6879488
1369216
619392
4451904
1727488
19537280
3211904
648768
3313472
3448448
2812032
7461632
3532800
2423104
530048
24456960
446400
2709568
7647296
3938176
815808
445248
3762816
3460864
18634560
4079104
487040
1295680
649920
1613632
499456
1955072
854016
4110656
2046528
3524288
2144448
1041600
745088
576448
31519808
533696
12209856
778176
1336768
1064320
4387712
9717312
7900736
800000
2117056
698880
6418944
1130624
792128
7734144
852352
2685696
2702400
1869888
13152640
995776
950528
6733248
8325312
461184
695360
1068032
19999360
14467840
2751744
434112
4172096
550464
710208
21862144
18227904
1568384
2283456
817920
1019008
538112
14916416
5972544
1886656
2180800
707520
753856
3555840
4997824
918272
1930880
8319488
2436160
472960
7804864
3408768
593472
16269248
710272
8934528
2643456
910592
3324352
643584
2050816
15767808
744896
7495040
773952
740672
693248
1717952
3134912
2724352
636800
3527616
1152000
704512
1762240
5099392
451712
25921856
7382976
674240
2432768
1130240
4316224
7788224
601152
8467712
1399360
4389184
2078272
660032
1290432
3625728
484544
674048
3422720
2913152
515712
15039104
1590976
1353792
614720
1678016
16791424
476928
813248
988736
1160256
1267264
13135744
582464
4282432
4572480
833600
576896
641920
40179264
18284352
520960
9923264
615744
708224
2259136
1633280
3111104
4869952
954176
2006144
1369280
9032128
6229952
1043200
2166656
513152
58466176
3904512
363904
807808
9539200
1072064
2790720
489408
7174400
789824
902848
1944128
2063104
4466880
2706816
1384832
1715584
2840640
486400
2350400
2289216
619008
1921408
44512256
565632
18532864
890880
1308032
724736
598336
2955392
2099456
977664
7786112
2086144
655808
21239680
8836800
650688
679040
919296
11531840
2261696
640448
1738688
963136
624768
4522560
2156224
5734400
999936
5174208
1095104
25546880
3982144
22876352
580032
714240
25933632
1863680
579008
966720
1615936
2134592
4282560
1377536
551040
11271168
2285504
2522880
15346432
485888
1069760
530816
2962304
1942656
1036544
1787200
3057472
1094272
1954944
827840
1390400
6936384
26962688
1554368
817792
1006976
28115584
2379200
3027776
6757568
445056
14884032
926400
763904
6371520
411264
1641728
2073472
28858880
1336576
3143616
4928704
509248
2267584
5563392
657152
709696
1266176
492032
52686080
2362688
17564160
2213120
428992
960128
614336
738688
1642816
468352
1500608
487104
1386432
1932608
1587840
906944
39602304
1134336
29008768
554048
434880
1847360
1156736
1885824
2979712
842816
980864
1344320
534080
2769536
659584
4193920
3879424
445760
8630976
5791680
3958976
504640
788032
1177152
2487040
6017792
549056
1548608
1082240
2347584
6435776
6130624
1331264
10444416
13503232
477760
537664
7409984
1017984
1876992
21163008
458880
434304
1707392
1772160
718912
3798720
3650304
17286976
878464
627072
2509760
512384
966592
584320
3002496
7863424
428672
2112192
9659776
3606976
637248
5421440
576576
491584
21650112
673536
854272
1446784
6980096
656256
7548992
4733888
2163136
11372608
877760
928576
11600896
12101696
723776
10349888
753088
570496
23681728
1354240
448640
3106816
2826816
591488
830976
1076736
490496
2461376
3293120
921088
6685824
6657344
3338304
833152
699456
690688
2247616
1166848
11497920
398592
1443456
14086976
787072
852544
45951872
427392
1232768
3458112
618496
16282496
575552
2758720
5196800
2235008
653312
678592
1676224
72024128
463360
1112384
5200384
1212672
16797952
638464
4256960
417600
5242560
610624
971264
1974144
51573312
1088000
596160
1469184
734912
3623872
662144
1761088
2243776
5685056
4482432
2214528
8732672
935552
18332480
12615552
726336
1665280
652224
25299712
1771968
5017088
1053056
869504
1347968
713216
1352320
1323520
8812096
7096128
792704
498880
11705088
3123968
6673728
917056
1349824
1123008
902656
9698176
18329792
9812608
705344
717824
11388288
683648
821248
2331840
663872
18530432
711296
2038976
1755392
513728
15203200
8171328
801664
727488
1671808
1116352
24904512
459776
524480
774592
4225920
1039360
1126656
40781440
901760
2250496
566464
19612608
12741376
557824
639680
1126720
415168
8998976
2829120
52030784
3022784
119692480
1138240
770432
1059904
931712
687040
3096384
854144
576000
10875072
1111488
2735104
481536
11781568
1290880
671744
19372672
4198080
2801280
976576
809536
534912
2807808
675840
1285696
7560512
1416128
740288
1148800
4092352
645248
8238208
894912
618304
5184064
486336
3775168
1911424
4452672
1517056
1662720
2756288
918144
5133632
834624
3496192
18727936
2381952
12516480
2844160
4123200
23434752
914880
7738816
826880
5237952
441024
8777920
791680
895040
4669184
3202176
1663168
847872
921472
873664
623616
6049344
3659328
1746304
13870912
641664
2636608
13144320
17511488
733696
628800
13544640
1742848
562688
4219840
23776960
564736
1833472
1279296
387520
526784
9091456
1028288
1636864
4713984
12827520
451136
1765888
1077760
435392
5784384
15241472
3428352
638272
702848
11493120
506432
5710976
449536
6032832
927104
5688384
637952
17723904
11595200
776384
625600
15285696
512256
2831360
588736
2989248
529152
835200
1370240
4174336
15377088
2305344
17217600
72990848
918016
480192
18658816
723776
651712
583104
831552
755200
1921024
4050496
3843904
2723840
960320
7251392
2793600
2310784
10453440
977920
978752
995840
5551488
690176
1638272
16373376
532672
2267328
23353536
1740736
3435840
1035712
1513856
412928
638976
1342656
35796032
83797184
18538496
8140224
7765376
802816
875712
687424
3833792
1737472
960960
1178432
1887360
871872
25813312
4063936
38008128
541632
866752
600064
2631040
5881856
1445248
1262144
6187776
796544
673984
1457856
7987840
5353024
616896
3025024
431232
4576896
700864
736576
1788288
1321408
754048
1504192
19225728
463936
677888
2716224
7545024
480768
22833344
889408
604096
1082176
16848832
8132352
556032
786240
779328
1570816
2007744
15611776
605632
5425984
11218880
597568
762944
1249472
1935296
15860864
4478592
785856
1038080
686528
2055360
16428544
593664
26511424
762880
973120
662272
2292160
6253440
2037312
797440
832896
6724288
665088
2570944
794752
12578048
3772864
23247424
1259840
1099200
1258816
5022400
2829184
1079424
24138944
854976
1753344
663360
2451520
1126848
1651456
27496704
9530048
524160
5052928
1071680
6742592
1292864
11987648
1745472
703488
525568
17545280
846336
1221952
16771136
2935872
446720
1260352
388416
478336
1474112
9658752
10034880
977920
701312
8636160
1022400
701440
492672
3543808
1297920
647296
2844096
22641216
1874368
3795776
3705344
646976
1770816
3500544
999040
8541376
16873344
507456
8110272
732672
496768
5171648
376320
4313344
499776
780928
46861312
6117824
960832
853248
872896
2184000
645440
7444544
396672
1554368
577856
41585024
456000
2849984
1212608
741504
2103040
2150976
32148928
8391680
27258816
874752
678016
43594816
593984
708096
2068160
418816
2095808
2543872
881408
3719040
2125888
4737408
413120
2357184
1155968
5790656
596544
850240
1040064
807808
37956800
2966528
814784
2046336
9167488
493184
2801024
626560
1220544
3445504
17697344
507712
816256
5889856
987456
431168
2787712
3290496
827456
1952320
1862336
9681664
578496
3724352
881856
951232
1513536
2977664
7634944
472128
4262016
978624
652672
5707648
680256
37266304
7014016
8255232
7218048
402368
990336
7336256
554112
7354496
5710976
2126016
2614464
7278656
710016
524928
8409856
1213056
796544
7612032
1022656
1063872
4324160
3803456
29302912
9594432
28598464
669184
1030976
811392
10630848
1637952
628480
10327360
1068544
2067840
23270272
1117504
2906176
665792
9982528
1894848
588480
77700736
391616
598464
8586880
1328384
718400
4507520
2297216
405952
13803712
394752
1334592
885952
22575488
5722624
1200576
646400
7154688
1272256
672128
10029568
500160
9293440
7950400
675392
7761024
1150528
1552000
880640
3973824
533440
2245248
1744512
541952
1855488
532096
2365504
26956480
464064
2981504
11401920
496064
1048320
392448
5101504
12683456
2586560
569088
11324096
513088
687360
20513408
574912
4801216
1300736
2876224
6399872
4250368
476480
10295808
13133824
13015104
764992
2079680
11276992
2087680
1248384
473856
3351616
480640
5698240
10512704
4844544
3588736
438272
964992
754112
3145152
10597184
86012544
2381376
730496
7478272
653056
2217984
47169216
16806720
4180096
513792
1800000
6975232
5323200
580736
666752
2575680
3422336
1977600
431744
4008256
436160
1239936
11331456
598848
18808960
38233920
810176
2925120
38331840
716288
912192
611392
1326080
1743744
852224
11111936
2348544
7462656
19587904
485888
6319488
660160
20786496
537280
1791168
4268736
3795328
1267968
737472
1300800
1267264
4923200
13892864
46387520
2212928
603904
1015040
1349952
26328704
3531712
557568
11287104
659392
1073600
5276032
3611968
39283584
2753664
1424576
662144
6539776
12273984
1456960
505216
79931328
612416
1368896
958528
1870656
3877824
1362304
587264
6327488
7914880
530240
5194496
38449088
620800
1500800
35793280
1687936
892288
1101312
3984896
13928576
461888
701440
1269696
1529088
3033088
982016
1597504
495872
1877440
1433280
6080320
54405440
759296
74912960
2695424
402560
839488
658496
1138368
521152
11181440
1302720
9045312
524160
16584832
1656448
673216
9217344
804032
4473024
2187008
9129856
2013248
7980224
475264
5418304
7108608
494464
61088704
5043264
28512960
832384
4704384
955264
852032
421248
669376
11166016
646272
3452608
1003392
607616
19786496
4002944
420608
7040832
1471360
2191616
1219584
559424
2065152
5164480
21388160
1749568
5117120
5007040
2177408
2058944
10228352
1750848
2899904
4104832
5195648
2406976
19814336
1287808
518080
4116224
694976
941056
15867712
4637568
565376
47697984
7711552
4700032
9503360
598720
1183104
5952000
524992
565312
6277440
13840832
10871616
657856
1237760
3654016
2485568
2740736
20532032
9327808
3183552
828160
65236992
888256
5074496
525184
521792
13018496
495040
978816
1091968
1001984
1358016
866752
6901888
1963456
14888448
638976
3129728
5567936
631168
13711616
12933952
7127616
27547968
417216
1054656
1048128
14701376
429888
2124928
529152
13989824
2188160
3000000
2584576
1000640
15495680
828864
4070272
8715904
491648
17910912
779008
23803136
924096
879808
1112512
842304
1367872
3558272
2338112
3576000
3638912
8169344
940160
475136
14464000
2257536
2270464
1525376
15212928
730688
5928064
1888192
6805312
2013632
3188096
17469632
1058240
26683328
690560
691136
15367872
1324928
627840
7321280
3025728
1266688
571392
3994496
922816
44072768
569792
3318592
3882688
2451392
4527040
1199936
10886592
6086976
804032
41002688
1124352
511936
4634624
734016
1075584
733312
15801792
1927616
4084672
3781376
902976
1209472
760832
5315840
1720192
3453760
3568064
2996224
1036352
24747776
88289024
627968
1022656
1503488
73818496
3347328
12185600
4698112
730880
1288448
45987264
15876480
514240
694976
1192512
832128
5005696
1721216
681152
992896
2715328
6253824
5271872
440128
6361408
1815168
26463040
785920
583552
3028800
1323072
1387776
1193024
7822784
622912
1497856
2612480
11433664
652864
11279168
2077888
1122176
1102016
18895296
821504
2723968
14744768
1445248
4840768
781632
551744
2034048
588160
9234112
7947968
1546624
10519616
8121216
421120
2855680
760128
37919424
406784
1965056
1680320
9762944
3385792
1248384
3598912
489344
74577920
633344
835904
3876416
6519936
2684352
1484160
672256
720640
1442752
3957440
1002752
5302144
930880
4147648
5505280
640064
2315136
9500224
18854976
1448768
600448
916032
39765312
1996096
8352448
5958912
593728
6952960
2139264
507008
38108544
1426816
630272
786176
3900672
23764544
3548864
7403776
536896
7904512
4682560
507136
30205568
1246976
2123520
1222336
3644864
6744064
8549120
5016320
17971520
3284288
104916928
334784
668800
839616
1064064
1477888
707392
5605376
2000256
2819712
4143488
5145920
4390272
2807872
1018688
6454720
2503744
1705024
2906048
1029568
3892480
1589120
9058560
653760
18760768
2573312
582400
601664
6633216
1658944
1489280
796224
1322752
3457664
5133248
668672
12838144
3313088
921280
1426176
8445312
9951744
3917568
412608
2609344
12187392
1739072
3070784
4544512
598208
17612928
1164992
17827264
4072896
10971456
3715136
10793344
2363008
2142464
976704
2693120
62168512
1454528
10043008
4460608
566144
626560
57701824
1252352
37752896
1018304
772160
673984
11428352
6873600
907584
952768
782784
15204864
1134528
843712
4028544
642688
4243264
1489408
10549120
4400192
660544
6097216
810880
626368
5324224
7330880
18925120
761920
10985856
1726976
408320
1204480
2868480
3929216
1605568
65411840
1490432
306688
1413312
832576
491392
3061376
858816
721536
1759872
1218368
880832
12101248
10920128
461056
654976
930752
5565760
12637952
4137408
973312
5228672
868096
890688
689856
13558144
1782528
3706496
3601792
6043904
438080
10223424
7253120
3300736
666816
2187712
3792448
3463296
495360
1029568
9142336
4480704
18420992
11979648
12850944
647040
6883584
859392
28203776
10836672
541376
3134848
655104
795904
4159104
547584
24695744
2974272
1473152
717376
1150144
10426688
908928
837440
1631808
11443264
422336
4220672
1478336
828800
3123072
4546112
462464
2317376
1041984
8032576
1790784
2524800
16616064
16498560
1583360
453760
861632
690048
12238080
487936
1327040
10178944
49214336
391168
565504
941696
3723328
2320960
13863488
903104
616448
2783296
1271040
15006848
1521856
3358464
1084224
8331200
890560
5476288
7768384
688896
468864
7718016
1617728
561664
549120
25364928
1348352
9383040
626240
437888
2066624
1118592
29069632
3918080
530176
25795648
1896320
19256896
6851264
2180416
4357312
724480
1825856
1463872
2483968
8555776
1440768
489152
10158400
10009152
480000
14039424
2356864
3073920
47292864
450816
502144
873856
1590272
932288
2324864
3605568
396480
19247232
8311872
24251904
502784
569088
975552
1352768
1590656
25297792
920640
1307840
16600768
491648
3727680
1244544
899136
563776
3072576
3752704
834880
7964992
501696
794688
1159168
13333056
1085504
970752
11306112
4425344
2443776
2891392
1753920
2531712
2709248
483968
6821248
5095616
13456832
4678400
765952
1235776
37042688
3728704
546560
3947392
884096
27971712
556096
2150848
1949888
3575424
6561856
678400
18638784
6663488
1724288
1368576
6214080
760064
5029504
885120
1369216
2056384
6819072
25859648
639104
8227968
724864
1117568
4316160
2177408
17750144
2461184
2761600
598208
2959104
1070208
17280896
968896
14709056
1169536
542720
7892736
1673728
448576
1279872
1527616
3634048
620672
10904448
473728
16066496
23336128
1932416
919168
31180096
2078016
1791424
2136896
441920
2090816
476608
31407488
1075904
10061760
7713536
1096704
487232
76070656
6143616
3609984
512064
64801856
784576
1267840
811776
1389888
1315328
744128
748032
5629632
4355584
4201664
2480640
601472
9961344
552576
3736000
2051712
1578816
956416
9366336
1117760
5771008
557824
46235776
4265856
11042752
13821312
574400
3396416
845248
1734976
45485568
2266944
592640
2041408
514752
81221888
5441024
656768
3662592
1137792
326208
3823104
437120
791680
4330624
12464320
739392
2943104
5842496
513088
1353856
2549568
3476736
2938944
2336256
1147456
10057792
1036288
985152
7551936
887552
1460864
1554944
1252416
889472
6470848
5826240
18705088
767040
1857280
1192128
1123264
3405952
54963776
628672
2842304
444416
2866304
731200
3693632
8364352
760192
17800448
2993216
6211904
481600
1103296
1104320
2016064
5904896
819200
1146560
4885056
32277952
843456
1632960
1147712
733952
3392448
15512832
4666304
628672
17274624
478656
1016320
4483904
3174464
2073152
2153920
730304
991104
4623424
607680
17320448
5258560
948800
12357376
576320
18091136
1185408
10254848
1179520
1922816
624640
4632064
655360
9788480
807296
11412288
2087808
6691648
552256
1752000
409536
1211136
1921408
18572416
3878272
17432384
17356608
823424
649984
15497408
1541504
1837952
7250048
10698880
797376
913920
2556416
1279680
16184064
1296512
1492992
1625408
959808
482880
2783808
448768
20054912
1639872
2931008
1480256
1060032
2957376
483968
5413952
4951680
442176
19421184
963712
9069184
1822592
3829056
2794496
794240
8965504
614976
15493760
483392
1257472
5665088
490880
7558208
533568
11230400
1324992
780352
17470656
2968768
1377920
8815552
40883072
1274752
2886144
552384
15536192
998208
2570240
11550720
1046720
4931328
886656
65525440
471360
1086656
987136
3494144
4454016
317568
689216
4215040
684352
38479872
2597312
14702656
1328000
10966336
1712512
30834752
439360
1234176
675072
4149248
773888
3451776
8908800
636224
6601792
1220800
710208
7056704
1109824
931264
2198912
4415872
26595968
1711552
8369280
5178752
6682368
738240
743808
6378496
8506752
1400128
617792
1652544
523328
14209280
4236800
562368
1689088
1448256
8150784
1828800
2982528
9287616
9569280
425344
23697792
1159616
25726784
961664
1246336
735616
1143680
2364096
6880768
1348736
653376
1652160
4508864
4397888
7656192
4358080
7716928
5936704
1329152
22966144
482112
6401600
1214976
630336
3509056
1025344
728768
11642496
1450816
684800
1336704
4360832
1252800
31225920
11535360
5079680
4166272
3701632
2033728
1336192
1713472
674112
20196800
16528064
1504768
700800
4482048
549312
35243904
4986752
508800
4110208
524416
2396544
2823872
2503360
52068608
1761088
1506112
4655680
1427584
866048
1564736
1551424
2740544
17688512
15780800
1021504
688704
14858752
5501568
1560768
1781568
39134912
901184
16344320
3543808
2411264
1292672
15422656
34969024
734848
5087936
1190144
632512
1872704
5799616
22969408
684480
5498048
12058816
1547904
1739648
866176
2181184
479808
2556160
6545152
3478080
2818752
616256
6128448
4727232
384704
1482816
32270208
10825344
565632
10918464
898176
1558208
63511168
15521728
3178240
775744
48003264
939456
925376
850048
549056
4110656
7369984
447168
10495808
522816
1216832
611072
1315456
1849664
2435392
1732864
5691904
680576
5398272
5838912
3897792
7192512
2955008
3706432
25678976
533184
4018624
2506944
23776320
36347264
1193728
695424
1559040
10727808
2143872
758976
677568
1631424
5628736
781376
1222208
3554176
1903296
863040
6328384
1810560
32857344
933696
18795648
1061952
16707968
526848
1484672
4176960
989248
1513472
10062656
13040064
4496768
1999232
609728
1342336
1047232
5633600
7902848
2359360
1476288
29732672
2043008
6720128
786944
956224
17409088
4801344
534848
4146304
514432
5174592
877824
11296768
1837248
2694528
1455168
16900864
17403392
999872
27013184
6950272
729920
13892288
670400
21496384
4077632
561856
56346752
1658112
7129280
728576
5455360
1019456
716544
2833152
3867840
1398208
1752512
10969792
2111040
1436288
1651584
839744
5225472
1084928
593984
4162752
8527168
40746432
568704
16257664
1238720
2799680
952192
1471040
1640512
5229824
10665344
984064
8081408
6761792
692672
2525056
1172800
783424
692992
1531904
4937728
4981760
4243200
3523264
1085696
26112064
33196288
1395008
639424
7029504
1950464
1011136
2458752
7864320
955136
3282688
3678464
2322496
2515008
11260032
1135872
34813056
854912
1650240
26319744
1224320
714560
15164736
1952896
949440
1081536
12400192
1687232
8937792
2119360
2997120
4968768
13835008
950720
3335232
3879616
972800
897024
1293952
1867328
7421760
6464320
5961088
4419520
1430976
1639104
1280960
3215744
47592256
1239744
675200
1539328
67992192
683776
1487936
1137984
593216
29749952
967168
615680
767936
1275840
7907072
5824128
1221696
911488
5576512
660672
16698368
13582080
3671616
2793920
550336
633856
2794752
627712
1663552
1472192
3191808
7350144
3132928
1203392
629632
45480704
1165952
12784512
7069440
7766144
1468800
1431168
20177728
881216
12817280
1113536
4331520
4385024
1099904
13864896
20048832
829760
859008
1405184
18505984
2721600
973504
1752448
916352
27726400
5526528
714496
585792
3436544
4168000
4213184
5467008
537664
876416
1510400
3153856
8876928
15509056
3695488
644864
28007168
8212096
2221056
731392
1212224
572672
33812672
2227584
1360384
561088
14044864
1672512
2385344
6594624
792000
2050944
12451904
35191680
12728320
610176
670464
680320
6531712
582336
3032768
2230592
511360
60491456
6700416
38817344
451328
3369792
417472
52557760
1454784
3068864
790080
1780800
1015296
1383936
3944448
1450048
1694720
763328
958592
1722368
11596544
5982400
1001088
9283776
1423936
1947968
17496256
9490112
691712
36892160
664320
815744
3888960
1822208
732224
614976
1150336
32161664
1706368
17339584
640256
742464
4839488
6622016
4067456
800960
30855680
737920
3011968
962176
112034368
1108928
3159872
1568576
2342784
13418240
918464
1444992
907456
1083008
649472
8918656
6236928
713024
1458048
4344640
2097472
1413312
2334208
16237440
460672
5049920
756736
16932544
2769408
1897536
4510976
25952576
716672
9464576
916416
567488
12516288
1443200
4743360
1057920
2409024
2993536
8237184
925696
5425280
1070784
2784704
2061760
908288
11404480
462592
70470144
2600768
1766976
48919424
521216
3477248
875328
2924416
56014656
652928
1628416
510144
671808
1198912
2014784
1307648
11629952
2271424
356224
44008704
1510656
4736128
672256
31488064
1499712
24828160
781312
766272
4044736
2039360
971264
1039104
1610048
7208000
1407808
591424
1802304
13932672
881600
4680512
1067456
52079232
1954176
5772160
9657792
529536
1382592
1074816
943424
1753664
3934080
2428608
869632
1275072
3408384
4170496
1696320
780480
4974848
869376
23913728
654720
2003904
10211648
611008
1106496
1007808
984320
601088
6631552
2678144
3639168
54211520
856320
814144
1255104
2776640
5356416
6080960
1443584
1611264
10298432
502336
16698688
1752960
1783296
692736
2297664
3995968
2698176
14132160
1959616
990912
5908800
678464
1969024
5395776
5448384
5511424
2930624
632640
5249664
1923136
833600
1660608
9129088
2633408
2144704
1150080
34752256
1758400
1661184
697984
68734784
7439296
2452352
673408
553920
5669632
3100288
1229312
960768
8627968
12586304
622464
4224576
674048
617664
1798528
2162880
3210880
5139840
19728576
710912
44751808
6791296
1137088
530496
633024
1559488
1311360
16109568
799296
452864
5096640
1507520
2505216
11541568
6578944
1075776
39133952
2195712
923712
13735808
749888
1573888
441152
6965248
584064
45532928
3252480
24584320
1761024
3575680
1645376
1137920
10834048
597376
37118784
661568
2269504
1566272
6944768
3411072
975936
1526720
520256
3779200
7453056
1092096
781888
1952896
6804032
943168
6379968
776512
2133248
5660800
9289472
5843648
774784
880384
7445376
1138432
2849152
1399424
5042880
1125056
15606080
1893888
511360
929152
14407808
875776
876800
2576576
1349376
9572096
1133568
3322368
1058240
13725248
978304
1138560
2928832
1001216
11621184
516864
2117888
1232064
2591360
1505024
61291328
752768
2080960
605440
2851648
503424
1071104
22899392
2606080
1576128
33872448
1968448
1062144
862272
10000320
392448
5965184
9661824
1601152
586176
1523072
490944
7021952
692864
961344
6272768
10848000
3500736
1940224
909248
760256
3881280
21329920
2317312
26759680
1680640
3594368
739584
666688
707584
3575232
5389120
8979712
635456
43970240
743168
168158720
540096
834176
1278784
2142912
2427328
4216704
927168
51365952
1787584
2735424
2779840
426368
4313728
617152
6669824
482368
2793088
492352
76310848
4565952
10319808
4630912
1066048
690688
1777024
870080
2537920
1511808
3673152
3205120
636160
3789248
12113984
3776256
508864
1078144
456960
20038272
1647168
9418688
3173824
966272
1156864
1329856
1171392
15564096
5017088
803968
181636032
45487296
474944
590016
666048
1137664
889088
13922752
815808
582016
3573824
1677376
462464
3920704
16445696
611520
729024
11644352
605888
1751936
708032
615424
1162816
1532352
23925376
2489152
3683264
575808
18699264
2172544
740928
38383488
970944
12072064
1317824
1323904
4181184
1065792
5341440
5699136
473792
800064
25309312
657792
593664
736448
4018816
1055360
1127616
1178944
1069184
1028672
46702208
1989760
1721920
1044032
1789312
592704
5573824
4036096
6394368
615040
2953216
794688
1416832
504768
8635136
470336
2663808
3722560
10571328
6166784
522560
9419392
874304
3275968
631232
4017152
380544
5823104
7964352
6598720
6160704
742784
42304384
10426432
1495232
17700032
565312
884608
760576
4061952
1296896
3687488
975872
766592
5942144
514496
4894976
1675712
6148928
1433280
1070656
54147072
12268736
1897920
788160
518976
1465792
2539328
2135296
1052224
2047680
40148672
2182912
9162240
637312
2443968
1996416
5383552
1340928
2853696
5163392
13944128
5147328
657792
35866688
2793216
1781376
8277312
580480
1429248
3446976
12753408
633536
1440384
1784064
3316864
2320256
5672832
5645120
8639424
4014784
1935936
6064192
1286208
6662016
587712
1651072
2721152
38553984
1105728
2328640
25865088
2154816
666944
33608960
1568448
726848
2109952
487296
3280512
1345408
4980352
723200
47867648
901632
9174464
856000
1532160
1421824
1578368
824192
8349760
7714624
44249856
838528
77706688
2001600
793216
33602816
878016
790720
2919552
3145664
1368000
927680
1235776
5959680
2303104
5030528
41573120
2633856
892096
2041472
504384
3296960
707200
484800
10983808
1161088
1433024
905280
1394176
8548800
3227904
2354944
4373056
14070336
3434048
66176448
27251776
495232
32030848
2732096
1328640
889472
10762112
9397056
522304
938624
2822720
459200
4810496
659072
3044032
2015744
12155392
2864000
4476544
959424
995072
641664
5069568
1633536
609152
1731712
10795520
8241664
1248832
5456960
748992
951168
1892672
3064256
2556928
1935808
8043456
11539456
23614080
478976
1396224
21887296
461952
510912
4312320
20015488
585280
1364864
3770368
21785792
1094080
1158656
40203392
1979200
620160
2371520
12388352
2602944
5379776
538816
1255360
2192256
5883840
2522816
100867072
642368
52215168
2944896
8026496
3534656
983360
81889792
7088896
33945920
750912
1447808
997440
3426752
2162560
6304768
40146240
551168
622976
3780928
2548736
544192
210494272
798784
1341120
4347456
3145728
586496
1295552
2804160
3082816
952832
9538816
5373952
703040
2744512
27279936
919872
1544512
1873856
74519488
919296
2565376
877120
742720
992896
978880
6788416
554624
3153472
1511744
621376
5429888
2129728
4231872
500096
1475072
4068864
1624384
3448960
21842496
3341696
507136
693248
716480
1336576
10527232
666368
1973888
1293376
6013312
2411904
470848
5182912
1408576
3424704
865920
6656576
464384
9517248
2443264
1029440
758592
17959808
9923648
589312
1137664
2991488
653120
1297344
4873088
11849408
592512
547456
1358336
25250496
15552192
3776640
818368
635968
1538944
5919360
6609536
2515136
1450880
2340608
795008
738880
2334784
2537280
5886208
5330624
11296064
3506560
3348288
4105408
1494656
5432000
10546176
4126016
1595584
1971264
16656384
483392
958784
1816896
1736768
83719872
2219392
1196032
1535168
600832
6540928
1778624
1371072
3023104
4184000
69511552
819328
7752192
5902464
48697280
962752
518208
1068160
1795136
4205312
3230656
1244672
2596160
733056
7102080
3776704
10949440
971584
593472
1477184
10420864
2513472
3938944
16201984
2316480
1730304
9635072
980416
1048192
2219648
8779264
15444672
2054144
2908608
6622528
39534656
1231232
1107200
1755648
9836992
1214208
1121984
28033216
575168
2350912
438080
1312128
1411904
2936384
8854848
12299776
2585536
1229120
4950080
1159872
1296384
1275456
6450624