433088
521536
546240
626944
700672
868352
1116096
1475712
1696832
1882496
2654400
3025856
4529600
4168960
6415360
6674752
7619648
8002560
7886720
7469504
7633408
5664128
7651392
6615360
9113472
9075072
11342848
7442048
12901632
9802880
12602304
10163392
15246272
8930496
13738880
11537792
14395712
10177408
16532224
10319744
13690816
12024064
15327040
9217408
16061248
10849024
13824704
11592064
15667712
9158784
15042048
11209792
13863360
11105088
16541056
9405760
13767424
11751488
13819200
10660480
16696768
9393216
12920768
12093312
13189056
10917248
16646208
9105088
12832896
12063360
12846912
11269184
16213312
8748672
13109376
11753216
12709504
11421568
15557760
8569472
13320832
11678848
12490432
11708224
14491776
8127168
14167552
11109504
12670080
11208064
15100544
8303872
13382208
11274816
12735424
10501888
15536896
8636032
12976960
11326912
12458048
11036160
15194944
8193280
13304192
11111616
12473920
10696896
15389696
8347840
12923072
11060928
12336000
10568064
15410560
8263424
12756096
11181248
11996928
10921600
14692736
7923136
13418816
10795392
12226048
10531136
15083264
8234944
12623808
11157120
11920576
10985984
14550592
7848320
13259520
10822208
11822272
10884096
14468992
7806016
12919296
11046720
11665024
11029248
13952064
7602880
13635520
10227456
12031040
10233856
14653696
7935168
12514048
10835456
11750592
10837312
14447232
7829248
12800832
10839104
11461888
11087680
13004096
8000256
14960896
9159360
11381120
11102784
11753216
10354624
15504960
8285248
11603904
11016832
11674752
9922560
15351104
8098432
11515456
11196864
11017728
11322048
11625728
11479872
10143552
15367872
8605120
10376640
11828736
10001152
13312448
8646528
13465280
9114176
11929472
10195968
13291712
8096256
12865984
9702208
12030272
9570944
14730240
8253888
11345152
10586048
11611136
9857664
15570752
8245248
11029632
10994560
10737856
11337920
11134656
12959104
8036864
12120960
10482944
11308160
10611264
14397504
8010176
11094976
11503296
9848768
13038080
8428288
12748288
9322816
11785472
9590400
13860992
8188416
11536704
10446016
11422016
9678336
15570752
8064768
10540160
10776896
10732416
10752128
12030144
8573312
13662144
8707200
11824448
9485440
12723008
8192320
12823680
8994368
11698112
9455808
13087488
7923264
12274752
9286208
11772992
8938368
14143744
8052096
11075264
10294272
11254208
9664320
15183680
7968000
10455936
10971200
10297856
11269184
10720000
12120448
8248768
12121088
9577408
11188864
10638720
12550464
7880960
12204864
9717120
11191872
10397888
13445248
7824000
11408128
10623232
10404672
11878400
8635072
13871360
8422656
10860992
10875008
10564160
12008192
8508864
13916352
8373440
10445888
11271360
9947328
13316160
8138048
12044352
9414784
11736320
9041664
14393536
8056576
10708096
10658304
10740736
10924480
10941952
11175552
10063232
14180160
7727232
10488448
11069248
9658496
13525888
8038208
11627328
9649088
11771264
8950336
14626880
8080640
10585728
10668352
10737792
11226240
10051968
14795328
7811136
10256064
10950720
10123520
12683520
8104960
13046272
8484160
11313152
10025664
12929472
7721792
12635584
9138176
11749248
9080256
14422144
7780672
10900800
10562304
10925632
10949888
11432576
8794496
15178944
8232704
11302592
9552384
12738752
7908224
13382016
8444224
11617984
9363456
13434496
7627584
12358144
9075264
12142912
8679360
15206080
7722688
10886336
10656128
11243008
10575040
14048704
6959104
12347392
10049984
11523072
10141760
14809280
7006976
11870208
10826176
11041472
12136640
9181248
15613760
7932480
10119232
12162816
9207936
14778112
7691456
11910656
10123840
12183232
9053056
17420864
7570432
10087168
11510336
10382528
12335296
9546880
16090816
7763520
10441664
12060288
9656896
14792640
7673920
12497344
10039360
12459968
9115264
17097088
7526720
10667008
11766272
10391104
13360256
8411008
14845504
8485056
11609088
11307840
12288448
9220352
18553984
7914432
9897408
11845504
10352576
13340096
8350464
15193664
8169152
11922304
10900928
12713728
8083776
17598656
7940352
10394560
11891200
10498688
14054272
7838848
14385280
8945984
12399424
10106304
15353024
7205824
12664320
11016832
11734720
11760128
11347520
18733504
6972352
10641024
12173120
10131840
13740928
8600704
15979200
7906368
11865728
11688640
11083328
14647424
7202048
14791488
9477120
12320128
10165184
16551680
7025664
12227008
11627648
11086144
14382144
7548224
14723008
9121536
12477376
10593792
15517376
6861248
13287424
10760128
11953600
11217856
14616128
6693824
14603648
10021120
12169408
10461120
17183232
6648448
11640832
12466368
9840064
15227328
7492864
13295744
9948352
12876992
9187712
17583872
7375680
10560064
12677056
9330496
15230144
7557952
12695744
10121920
13074368
8596288
17418688
7502080
10412416
12437376
9583424
15279296
7467264
12705088
9946304
12882688
8771136
17808768
7285056
10297664
12170304
9686464
15140032
7362496
12691584
9956992
12931712
8521600
17150976
7476032
10394240
12059776
9772992
15092672
7298624
12408640
10153408
12703744
8820096
17657152
7041920
10187520
12451520
9318208
15421696
7304000
12362368
10089536
12547456
8865024
17542208
7036288
10197376
12202752
9498816
14255232
7545088
13180736
9085312
13131648
8345728
15143744
7501184
11745856
10897792
11386432
10338432
18319360
6396608
10028416
11948352
9531328
13777856
7770816
13867776
8292096
12386240
9612352
13764352
7123968
13768576
8984064
12444672
8971264
16345472
6971584
10699520
11465920
10209280
14157376
7022784
13181568
9081216
12377728
8726016
16233664
6973952
10927168
11505984
10132672
14290816
7134208
12540800
9676928
12346112
8787200
16224896
6943488
10473024
11862720
9311744
15062080
7083072
11663872
10393856
11708992
9287104
18059904
6903744
9588864
11639232
9881600
12621888
8079680
14631488
7662720
11081472
11191232
9932544
14332672
6490816
12329152
9920512
12059200
9019072
16622400
6625984
10181312
11775808
9457024
13986816
7229888
12493696
9226944
12822464
7993152
14556800
7301952
11220992
10760768
10754304
11335104
9803648
15485504
6721472
11171392
9874624
12435072
8305664
15601856
7087744
10470592
11485824
9301760
14945088
6970176
11128384
10561920
10924736
10315456
13960768
6303488
11878080
10728256
10225152
12381952
7659008
15220416
7511424
10270400
11308672
9497344
14987520
6690240
10814528
10713152
10653824
11024000
10626048
10919296
11442304
8610048
14572352
7376512
11342912
9596288
11756032
7597952
15524992
7299712
10003520
10939968
10594688
10627456
11281664
8770496
14482816
6741760
10729408
10557184
10792384
8899520
18242880
6634112
8899008
10710528
10132160
11423168
8927872
15275520
6839424
10023040
11241472
8751232
14844416
6787712
10837888
10228544
11344448
8904960
16208384
6351808
9625600
11267456
9541376
12638656
7322304
13261568
7922496
11713216
9115264
13484672
6858816
11777280
9395776
12297856
7790080
14448192
7113152
10536000
10870464
9513984
14150400
6520256
11241216
9636672
11827904
8264064
15079872
6706432
10161024
10745728
9930368
12135296
7205376
13580288
7790848
10866752
10280128
10734784
9745792
16237248
6200320
9534720
10842176
9612864
12227072
7550208
13927488
7510912
10733120
10109376
11275840
8148992
16896320
6816128
9169600
10646272
10006976
11712704
7639936
15089856
7241600
9883328
10424576
10402432
11556800
7326848
15585984
7403520
9633024
10173568
10854400
9843904
12208000
6391616
13445184
8602560
10694208
9679296
13542720
6331008
11356096
9751360
11191232
8495104
15544256
6277568
9507136
10807680
9592192
12110784
7523136
13971328
7562432
10140224
10517504
10545728
10737472
8064576
17793088
6816768
8691264
10561344
10203904
10812736
9221696
14729536
6541504
10095104
10579392
9820480
12291968
7071680
13932032
7631296
10356416
10140096
10921920
8539520
17066432
6550912
8937344
10494848
10039104
10942912
8992896
14360832
6660480
10299264
10064960
10667200
9758528
12111104
7087040
13900800
7714240
10444096
10288640
10381888
8858624
18040512
6586752
8524288
10651456
9673408
11472256
8244672
14195584
6913792
9944448
10584128
9742208
12090880
6877952
12989568
8239296
10683776
9267968
13098560
6535040
11455680
9366016
11289408
8281216
14389888
6665856
10057920
10370304
10034176
10617344
8831552
15146304
6793280
9805120
10049984
10491008
10412288
10053440
10841408
10228096
9402240
10044416
12919552
6425216
12522048
8764608
11041664
8842624
14447040
6473920
10416384
10212736
10155264
11118272
8265024
15410560
7058816
9519872
10288960
9854144
12491072
6590592
13015552
7826112
10752320
9361792
12479296
6784128
12747072
8058624
11035584
8698560
13756288
6612224
10790848
9542656
11274432
8079168
14937408
6679424
9691008
10308672
10378432
9835008
11794880
6541248
13183616
8483712
10501760
9709568
12612672
6293312
12064320
8755392
11335040
8539008
14426176
6458752
10092736
10167872
10269824
10335040
10176512
11082176
8757760
12029632
7662848
12599168
7668608
11377728
9027072
11936256
7138176
13169728
7811712
10484992
9851776
11296128
7432000
14603712
7420992
9617856
10501888
9869952
11422656
7535168
14753728
7436032
9665792
9665408
11569472
8086784
14481216
6958272
9321920
10679232
9447680
12301376
7309632
12780864
8110784
10749120
9249664
12891328
6705472
11506880
9084736
11263744
8425600
14170176
6737024
9957376
10881984
9061696
12747968
7044992
12158464
8045056
11592384
8350400
13302208
7118528
11128192
9149952
11811968
7411520
13840768
7242880
10203776
10247680
10186816
10195904
11120896
6908096
15357312
7435712
9519936
10289920
10269696
10271040
9728192
12973440
6706432
10924224
9423616
11117952
8495488
14523200
6767232
9835264
10308096
9949888
11342016
7448128
14510144
7509760
9914176
9947264
10867328
8766464
14898688
6731840
9432576
10505792
9799104
11297344
7989632
14427776
7250944
9864960
10176832
10145088
11157568
7622656
15540608
7374720
9432512
9449664
11286912
8608832
14355520
6977472
9563712
10655296
9802944
10760768
8763072
14113536
6709824
10006528
10105984
10475200
10135936
10404672
9627072
15856448
6422592
9161856
10565824
9744704
11465600
8140800
14066112
7105856
10159616
9923840
10566912
9947712
11943488
6431680
12731520
8661568
10609664
9606976
13066176
6399680
11376320
9528896
10566208
9517248
12280512
6522432
12483648
8708416
10890496
9101120
12983360
6657152
11545984
9331520
10719616
9199168
13707648
6410432
10733888
9967040
10209664
10333376
10139392
10049920
11462592
8587520
12802240
7133952
11501568
8810560
11603328
7331904
13689984
7710592
10336960
9097408
12844736
6728320
11719872
8690496
11537408
8002176
13620160
7018432
10280832
9753792
11129216
8004416
15097536
6911040
9280896
10249344
10211008
9951296
11436352
6739648
13747200
8034112
9970752
9933952
11624576
6970496
13700928
7648896
10018688
10070976
10610304
7821184
16173056
6983808
8972864
10210368
10434304
9550656
12630016
6510976
11634368
9458560
10683712
9201280
13908480
6579584
10486912
9778944
10819392
9349952
13533504
6500288
10673792
9981888
10386112
9491712
12886656
6317504
11576960
9392960
10596544
9062848
13856128
6580544
10453312
10112320
10161856
10042048
10515776
9919488
10682880
9385344
12881792
6720640
11247680
9069888
11505344
7606208
13800256
7409600
10382912
9329216
12187968
6959424
12918912
7965632
10754496
8896704
13198976
6871040
11054144
9124672
11448512
7930752
14072192
7048960
10117696
9820544
10992960
8180928
15021120
6852736
9422272
9899584
10697472
9071232
13422848
6724224
10515264
9734976
10498112
9697472
12179584
6543616
12122048
8994496
10456128
8908864
14121920
6562304
10066816
9996352
10413056
9723968
11359168
6498240
12974720
8321728
10602944
9273152
13184768
6511104
11228096
9472128
11069184
8468288
14178368
6682560
10271040
9770688
10803072
9226432
13713152
6589440
10389248
9868480
10513792
9459136
13314368
6424768
10939456
9652864
10807488
9203456
14008000
6608384
10289792
10133312
10414464
9782784
11766976
6684736
13224064
8334016
10365184
9506176
12309952
6726464
12425600
8650368
10913984
8662912
13185408
6738752
10958464
9463168
10955968
8847360
13694208
6520640
10397952
9871552
10561408
9510016
12472960
6433344
11594496
9232064
10547392
8929856
13712768
6384256
10533632
9862912
10505216
9714432
12000896
6485248
12160768
8850176
10727232
8908544
13868224
6729920
10475392
9801856
10597824
9334976
12816704
6410496
11221184
9767616
10269504
9827520
12061120
6559424
12072000
8825216
10523264
8999040
13687424
6744128
10662016
9785344
10869568
9007232
13948608
6718080
10224256
10167424
10032768
10709696
8958080
12970496
7427840
10396544
10195392
10081472
11312512
7334016
13902848
7677376
9807872
10166400
10643200
9609664
11824640
7465600
13001856
7763264
11123456
8729600
12246976
7563136
12312000
8059456
11399552
8340800
12749312
7217920
11614144
8468608
11622016
7718464
13287488
7552384
10508672
9433728
11877888
7299456
13249728
7694464
10620992
9238912
12139840
7008384
12271168
8175872
11235264
8249856
13234112
7018816
10948096
9407424
11298624
7975168
13668480
7280000
10333888
9529024
11260416
7842624
13887808
7336128
10165184
9567104
11511552
7607744
13281216
7510912
10676800
9191040
11933184
7188608
12358912
8040064
11232000
8457408
12925248
7259200
11073856
8876992
11501632
7637120
12997952
7377408
10947264
9135936
12145728
7204480
12522944
8076352
11122048
8444352
13070144
7066880
10964416
9068352
12064512
7330304
12534656
7880704
10999616
8776832
12514048
6968960
11694400
8852800
11708800
7777664
13275072
7321088
10593024
9269696
11918144
7230528
12453376
7989696
11259328
8487104
12789888
7270208
11084032
8880896
11948992
7410880
12806912
7793152
10964416
8781248
12377088
7087552
11708032
8583872
11538944
7861504
13249536
7405248
10544576
9173248
11721792
7343680
12796736
7929472
10608128
8955776
12821120
6988352
11204800
8919552
11536768
7800064
13221568
7323968
10451136
9352448
11660224
7385920
12977088
7729664
10744768
8880192
12497728
7198528
11693696
8301376
11720768
7711296
12574016
7707328
11102080
8585664
12470912
7169152
11335424
8712384
11318976
7832640
13206208
7282816
10710400
9371712
11581120
7543104
13395520
7529920
10419264
9606720
11500992
7324864
13401408
7760064
10341248
9525376
12017920
6935744
12093248
8329472
11188608
8704512
12964352
7049024
10883904
9304192
11294208
7847296
13543680
7206656
10273152
9402624
11460160
7756736
13348864
7441984
10403776
9338624
11858304
7358784
12603712
8114176
10792832
8889024
12695680
6993536
10844288
9075136
11702464
7480832
12691968
7858432
10731712
8896000
12226688
7235904
11755712
8368832
11507328
7885312
12688640
7492032
10859968
8851840
12094976
7323328
12019776
8163200
11180544
8155712
12731136
7390208
11033856
8709504
11773824
7594560
12551360
7801664
10954560
8565760
12078464
7345664
11912320
8151232
11462912
7795968
12313280
7845952
11311808
8277184
12417792
7526848
10862912
8632704
12448768
7161536
11716288
8240192
11803456
7868992
12265984
7482944
11359424
8554816
12015168
7416192
12301120
7953920
11233920
8250880
12677568
7259264
11180736
8671552
11962560
7593792
12357760
7853184
11138112
8369984
12595776
7212096
11249792
8865984
11572864
7662592
12796736
7668224
10538624
8952768
12252736
7083584
11831680
8655808
11185728
7961664
13221440
7394432
10372544
9390592
11425856
7667136
13108096
7507968
10219392
9437120
11467712
7291200
12721664
7980992
10603776
8809856
12541184
7050240
11407360
8763904
11433344
7938368
12863424
7538880
10407872
9282176
11925504
7248896
11851776
8084160
11477952
7994624
12333760
7589760
10893120
8658432
12022208
7411904
11620608
8446656
11391744
7968832
12584704
7528576
10862208
8728704
12106432
7311040
11611712
8399360
11095552
7818560
12981568
7352000
10749568
8872576
11770240
7600896
12644608
7790336
11071808
8536192
12460928
7259840
11424448
8492672
12036480
7434048
11945408
8102272
11607744
8046144
12340480
7461632
11551616
8538752
11873472
7591168
12572608
7779776
11063616
8521600
12406528
7254144
11127360
8732544
11830080
7572736
12388480
7839296
11101120
8838528
12055104
7207808
11477888
8406400
11459712
7894784
12527872
7661376
10878976
8710656
12087104
7260928
11993280
8309056
11120640
8358016
12409600
7381760
11284928
8729536
11469632
7709312
12511680
7582272
10912768
8719936
11900352
7447040
11950592
8232768
11478080
7969088
12392512
7646656
11308032
8620416
11653632
7525184
12184064
8043520
11192768
8265472
12208384
7496384
11363712
8627264
11441664
7674432
12486848
7867072
10705856
9164864
11544832
7074752
12542016
7957376
10992896
8671552
12681216
7176384
11346496
8909760
11534080
7700096
12794624
7640640
10805952
8809024
12470080
7285376
11398272
8657088
11798976
7814528
12256192
7878144
11305664
8079616
12264320
7602688
11430912
8411136
11986048
7583104
11977088
7930496
11323264
8116672
12612288
7369472
11100352
8663168
11769536
7820352
12480192
7641024
11123584
8631552
11884608
7510720
12101632
8197888
11261376
8187200
12480064
7501440
11137024
8585088
11911872
7429120
11729536
8324800
11359360
7979072
12396096
7551744
11027008
8712192
11938880
7406656
11806912
8167040
11448320
7878080
12217600
7852480
11301376
8795712
11648512
7304960
11966656
8312064
11237120
8144896
12633920
7563072
10935744
8853952
11741312
7515456
12012736
8132736
11215424
8331072
12496192
7595008
10773184
8752384
12083328
7411008
11978944
8105344
11432320
8079808
12325888
7443776
11650624
8490880
11516736
7885120
12525568
7636224
11160192
8551808
12230144
7444736
11659968
8402048
11747776
7830848
12049152
7848000
11541696
8131136
11940096
7827008
11754176
8008576
11832832
7670272
12041792
8042752
11306368
8310336
12445504
7497920
11420736
8531200
11738048
7813440
12288960
7804800
11236928
8510784
11832320
7474944
11908096
8292800
11382336
8006720
12166336
7629760
11283840
8521216
11830272
7643200
12326400
7795648
11209920
8451520
11907456
7627584
11670080
8184768
11822784
7894976
11914176
7927232
11469568
8224832
12286656
7555712
11346752
8388160
11707328
7804224
12041408
7840064
11249728
8347072
12041536
7649344
11543040
8122752
11608768
7731264
12265984
7732544
11164736
8472320
11491264
7432640
12017984
8039424
11649728
7837056
12303424
7531520
11333888
8600768
12309248
7147200
11760384
8471744
11443200
7873152
12692096
7593088
10984640
8996544
11776064
7512832
12189184
7821184
11246016
8563392
12105984
7521088
11662528
8308544
11523648
7871488
12189056
7914240
11546688
8098880
12091264
7808832
11663104
7952768
11746368
7945984
11831424
7829440
11650176
8056832
11865664
7887232
11860224
8102400
11428736
8089984
12030208
7701888
11613184
8241728
11679744
7793472
12176704
7820992
11531456
8175424
11997952
7823808
11581376
8032128
11945856
7787008
11465920
8289216
11791872
7828288
11944448
7783744
11658368
8161408
11942400
7766144
11519360
8270720
11883328
7796736
11637312
8045248
11766144
7971136
11781440
7853888
11733888
7873664
11518464
7966656
11616448
7941568
11472576
7746688
11893760
7856960
11541952
8194368
12387904
7351936
11308736
8725376
12010176
7588672
11921344
8226112
11414208
8183744
12231424
7533632
11331072
8635968
11828480
7650688
12115136
7794560
11420992
8378368
12049152
7588288
11632384
8360768
11856704
7782848
11894272
8024384
11512192
8099840
12130112
7685952
11476160
8338944
11525952
7995008
12030656
7748352
11274432
8561024
11712576
7663616
11946816
8103616
11249600
8026176
12341120
7581056
11171904
8506752
12014656
7578688
11558016
8315072
12009344
7663488
11545536
8390912
11587712
7820032
11967936
7923712
11562816
8184064
11749120
7727488
11888320
7982336
11339136
8274496
11984768
7440576
11671616
8350080
11171904
8110656
12070720
7700544
11254400
8494400
11609728
7754304
11999232
7895872
11309248
8261760
11695616
7799168
11515328
8079872
11886208
7676864
11734400
8098816
11827968
7844992
11860224
7981312
11750464
7902656
11847104
7838144
11807936
7958848
11805952
8129792
11935936
7731456
11753920
7947328
11707840
8077056
11924672
7957696
11533248
7995200
11979968
7712576
11485184
8119872
11845120
7673152
12072704
7880320
11577600
8163072
11732992
7879168
11746880
7924992
11682816
7992768
11816704
7951232
11677312
7982016
11760064
7790848
11551424
8172992
11903360
7765376
11636288
8256192
11916288
7687296
11713600
7921280
11641024
7860032
11719424
8015616
11526592
8174592
11727872
7692352
11818752
8090944
11660928
7842112
11627136
8121536
11430528
7795520
12067008
7836864
11197440
8455104
12024704
7525056
11515968
8274304
11600640
7708224
11929472
7907776
11536576
8229248
11710400
7800320
11651648
8182464
11206720
7897920
12288384
7577536
11080576
8738176
12009024
7381824
11820672
8259264
11832384
7786176
11829056
7916096
11714944
7887360
11787008
8043840
11697408
7875968
11683264
8162688
11770624
7893056
11737984
8001728
11613952
8073152
11662272
7810688
11615168
8103616
11816512
7794624
11676928
7986944
11553920
7905088
11865280
8039616
11424320
8180928
11832192
7630080
11657920
8269504
11404288
7878144
12082432
7659200
11413824
8345856
11827456
7662720
11569920
8261056
11636288
7729664
11754368
8119232
11513216
7712640
11827008
8006016
11613504
7782464
11772608
7984384
11767360
8050304
11611200
8024576
11675712
7950784
11717376
7844992
11639616
7972736
11678016
7877504
11642560
8057216
11649664
7860416
11607488
7850496
11580480
7980800
11576896
7934080
11853824
8075584
11452096
8081472
11349248
7989056
11964736
7755968
11439360
8161344
11885376
7666944
11634816
8340352
11390784
7953920
12001856
7804992
11442944
8216320
11522752
7862144
12154304
7787648
11332480
8305536
11779264
7817472
11817344
7980864
11453568
8249280
11819520
7576256
11693888
8177920
11609344
7782976
11783104
8055936
11472000
8016896
12119872
7803584
11315264
8386944
11948224
7602624
11663104
8146624
11561472
7911936
11966912
8014592
11284992
8131072
11896128
7782144
11457920
8091520
11704832
7854912
11811520
7825088
11658304
7898240
11575616
8093440
11622400
7907392
11619328
7937728
11586432
8187200
11538624
8005440
11700864
7730752
11646144
7929216
11770944
7860224
11292736
8116608
11897472
7697088
11411648
8255360
11545536
7825792
12028224
7731136
11235904
8232768
11480320
7835008
11870208
7982976
10905664
8146304
12381056
7520064
11212544
8519104
11747136
7458752
11741056
8156480
11525504
7938176
11963136
7825216
11493120
8131328
11848448
7842368
11497600
8167488
11763136
7833216
11753792
7779072
11563840
8249536
11796544
7729088
11790656
8136704
11460288
7956416
12092160
7769536
11300928
8414848
11646720
7789952
11817024
8092928
11288128
8229376
12038080
7610816
11466112
8239232
11475968
7728640
12009280
7925888
11194816
8174016
11976320
7701568
11652160
8219904
11430592
7835520
11841984
7945280
11185920
8362048
11957184
7543872
11472640
8279040
11552768
7748224
11563520
8037184
11601920
7842880
11770432
7934784
11244416
8350208
11700800
7548928
11529344
8326592
11232896
8030720
11863680
7776960
11398912
8341184
11434240
7864384
11689024
7855808
11424960
8249472
11468032
7878400
11227328
7877952
11852160
7831744
11523648
8126400
11611008
7846976
11687744
8015168
11799424
7795072
11596544
8131648
11517248
7781376
12110912
7880000
11254912
8380096
11849408
7678784
11570688
8219776
11507072
7945728
12086464
7769024
11216192
8465472
11632064
7592448
11796992
8121088
11393728
8019328
12175552
7643008
11105920
8656000
11469632
7753152
12056448
8048064
11027328
8404224
12172224
7501952
11386688
8612288
11328128
7782400
11997760
7833344
11271744
8350080
11876224
7641664
11507072
8290432
11376256
7954048
11914432
7984704
11313280
8264064
11715968
7780608
11267264
8360704
11391808
7945216
11908672
7962496
11169792
8304448
11694336
7750848
11854336
7986560
11208064
8330240
11850624
7767040
11542272
8142528
11397376
7938368
11705920
7994240
11364416
7956608
11768704
8106944
10909568
8197760
12262336
7431872
11345664
8595712
11354048
7722240
12339456
7812416
10901056
8671744
11748352
7636032
11610368
8309376
11406272
7949248
11821568
7980288
11281664
8148992
11804416
7658624
11584768
8222080
11689792
7963200
11661696
8090368
11483584
7924480
11815872
7912576
11482432
8083840
11631232
7952384
11651136
8014080
11726080
7908736
11666112
7910464
11478720
7995584
11800192
7998208
11517760
8040192
11753408
7935360
11316096
8351680
11607168
7806144
11768064
7938368
11270400
8184960
12003456
7666496
11262976
8427200
11475456
7923264
11748928
8041984
11331648
7994624
11568704
7969664
11667328
8001216
11508608
7939712
11500288
8014144
11687040
7898880
11321600
8302848
11519488
7924864
11699264
7952512
11324288
8082944
11525568
7943808
11639424
8127872
11463552
7990784