10640576
7877312
31958272
38375616
26613120
9703040
8645824
7406144
31400832
39249216
31241280
36877440
99104768
56976256
113103104
39569728
39677824
3065792
2758208
5601728
20792064
71415488
20547712
42794560
5975808
13499840
47263168
19008128
21924160
60283648
41279680
43012544
414016
8680320
46644672
31430080
11005632
522112
595328
6682816
14223872
3155072
25798848
44929984
35672832
451520
1164800
34435968
11725120
341952
544704
1235328
2832256
1656448
1075008
2299648
17985216
16075328
852544
220224
513280
1289216
256192
556160
713856
513088
679616
1580032
280128
153728
347072
359616
235072
183744
518784
636416
140992
368064
107200
510464
541696
266240
339200
324864
509376
163840
1338176
735424
1400512
13140608
131328
175360
1126080
238336
536320
833216
7598400
676672
767936
263296
270400
313984
455488
150656
431296
2253120
158848
367744
354688
305856
391936
635136
768896
1857024
198272
264000
183680
410880
482176
5023232
3472384
267904
706048
1333440
520256
219328
364544
864640
730624
210496
412288
777408
314624
722944
228544
1240000
221056
202048
468416
1198400
376000
190144
340800
381248
318848
494400
708928
270592
377280
728064
588928
248064
524800
469056
440640
382592
232064
545728
638272
1116736
3369216
159808
654720
986880
425472
212160
250048
450176
968256
2733568
581824
341568
187456
439808
677568
429056
365824
403648
271360
458944
419840
153664
521408
585408
346432
815744
512000
1887552
282112
519744
853568
467584
648512
466624
499392
379712
638144
789696
406912
642240
651776
328768
427328
426880
764672
707200
839744
584192
241856
420672
607616
618816
2017856
642304
457728
631872
451648
537536
342144
1085504
866944
436032
1098176
418432
882752
555392
680320
642240
2393088
743040
321984
982592
765568
671360
795904
468608
558848
272768
567616
436416
575296
942912
235456
660672
1160256
293632
267392
969792
996032
712320
1223808
924608
179520
420416
1091712
566528
711168
326464
2065984
961664
494528
500608
252096
648192
1194368
273472
516352
728128
2019840
227008
359488
975360
912320
979264
2437312
498560
587136
1536128
795840
1006592
358592
646208
484160
289984
619840
488256
1547456
1725824
701504
528704
385600
653184
389120
273280
826688
1944512
1076096
360512
761728
350656
732480
1698880
1102592
1648960
448064
636736
220928
689216
825984
1280000
510720
591296
404992
900544
407232
906368
319616
375296
401600
842432
1618048
237632
448448
397632
288128
313728
1977472
2292544
953216
791168
443584
231040
334336
1025664
770048
1070208
984896
1734848
668480
864512
517248
426880
607104
831424
419904
162112
1317376
1338816
356032
1865664
1432320
358912
365376
934016
733504
753728
437760
1187264
182848
977088
796032
375552
1488448
194816
545024
787456
1567040
233024
318720
1145088
1474240
553408
756864
1059008
896192
1732224
605312
844544
354112
742976
773888
1370560
1454720
705856
210688
623936
844672
305408
894080
391040
599104
347328
1356416
1118528
196416
440128
1112832
705472
4100864
1047104
1217280
925824
429888
484480
507136
585088
1300032
2271872
619456
1305280
1226752
619008
920384
558976
617728
858496
1199680
268160
677952
667712
856320
1427520
964800
2275904
471104
453696
682688
1712576
703232
579648
948544
546432
362816
1432320
783360
201536
1061696
898624
1106240
459136
1261504
530880
1582528
1500928
703552
1203584
393280
431616
987456
570688
650688
933376
415808
1300800
519296
1312320
994688
1099392
790912
842304
838528
673536
2289408
830144
565056
1656384
914048
741696
863040
500672
1281856
1604544
712832
557184
1686784
3299712
482688
300672
660864
1757120
872000
1244864
601984
1310720
1796480
1186304
1109504
1774656
1265472
472384
607616
1296768
1866752
1176704
880256
1688256
1321984
3632768
1291712
1267264
943424
776320
1526144
591616
1478208
921664
994880
908672
693568
909632
1376000
914496
2002816
624768
870592
1671360
1774976
1044480
2664512
1053120
1039872
738368
531264
415104
1240768
1118592
1182400
982912
804480
1577536
787328
896064
1226496
926208
1106176
1767552
1178368
614528
433984
1230208
1029248
1162176
1183808
1418752
821440
869184
1067520
818112
1562048
944448
992512
991616
644352
1069824
2888576
2368128
1636288
406272
801792
506496
1128256
1310592
375808
1489088
715584
2442304
539904
600064
740928
507584
1472192
1793088
714176
2740224
1216832
1936960
940288
1521280
999872
494720
1344704
618624
1146176
1207744
915840
1266432
636416
1107392
1036672
2144640
349888
1381312
523264
819008
1394176
1882816
367552
636608
2969984
1041856
1391360
627776
980672
1062144
286592
727616
419328
907456
1432384
627456
1744640
439168
1194240
2144384
865856
1269504
1630336
1037376
754496
867392
765760
1469120
1153024
1484864
608576
924608
495168
2393280
567744
2178688
679680
1009856
3784640
2045120
2102656
3749632
690624
2448576
1125888
902272
1340480
917504
915264
1398656
2638016
566464
924608
704576
1055744
471424
895232
665344
1328000
738240
1106560
609664
850624
3279744
603456
1177664
2445632
663680
2423488
1211136
1297984
1278336
1077248
2027712
672512
926080
1324480
2655360
1540800
1320384
905472
1215040
2015232
1655360
699648
1099968
1107456
2803136
966976
1054144
1636032
533120
593408
1033664
887808
1439744
460864
1616768
1961728
1350976
778176
1663552
1457344
1346048
804224
1211776
1680832
884288
1284160
1488384
1034624
528896
863744
1155520
1218752
1062784
1074240
1697216
1487040
1102336
546368
604416
1078336
2001856
1181248
1245760
3991872
1812736
486656
442240
1411520
1089344
1377216
1047360
558080
2044096
709120
914176
4012672
1944384
698560
1285888
735744
2079552
961280
1057408
884288
1582656
580928
842240
793152
584000
346112
2928000
1856832
733056
1872000
971072
756288
786688
1335168
783680
1334784
2689984
1415232
670144
884736
1264000
843456
6492224
1002112
620352
1669184
1095616
2197504
494656
921216
989248
1706944
1621184
1139968
3114304
648192
2366912
980608
982848
814208
1293120
1735168
2027648
927616
1181568
2809728
637312
1023552
633984
1126080
1286080
2074752
557248
1012480
2006912
1064256
3413952
1540864
1049344
2277952
3646912
680704
3734016
1569984
1421184
1613120
1005504
1039680
1299008
1244800
968448
703424
1110208
721792
1204096
963200
835520
971136
1070016
1779456
1327552
1676032
506752
2438080
1780288
1918464
708864
1004672
876032
1066880
1423360
1564288
1138048
1671936
641856
667648
1263680
1973952
2387520
1333568
1358528
733888
1577792
2002368
5855936
920000
827968
1191744
1072448
456000
1422272
2532352
3050112
3193472
516864
1343424
980608
1061120
1185728
1595584
2042624
1735872
673984
775872
1175232
1238272
903616
3354368
955136
2385216
611520
750784
1514432
862144
750720
3362368
1603328
4527168
1048448
765440
1891328
765888
1421696
2946176
880832
1978496
1131712
1077120
1010304
1621312
575808
1041024
1311680
1385024
2853760
955072
1931584
2018816
677376
1139456
1102976
1219520
758272
1678720
1836416
2213120
2883264
3227328
1552320
3724928
4698496
998528
694208
827520
1573120
1634368
1368512
2367296
1001856
1014336
1145600
672384
1430080
1643776
1119232
891712
497984
1095744
2464192
1911040
3960704
1083200
917760
368576
1928832
760832
675648
1931648
1146944
1267072
1065792
986816
760064
2143616
623616
1996096
1348096
585088
1689856
1483200
1090432
2056640
5430016
1113280
1168768
774400
1272896
1160384
596224
2617664
654848
1147392
912640
907136
1647424
727360
1357120
1553920
896256
1706752
863296
1143296
2086848
1261312
375360
1743040
565056
1622016
1095296
1291584
3002240
874176
1651520
1215552
1276224
1393664
1552256
1514816
1994112
1171328
1924672
1217152
927360
1778176
3182400
1133632
569920
1143104
1920640
2268224
1166784
1655040
936704
1359808
2001536
1194176
1004032
1596736
2378688
918592
1098688
2189120
1802880
1222528
388480
2640832
1057600
1033728
3033728
1045440
1009280
4228992
3409536
2696640
755072
1719232
2095232
1068224
1472128
3035136
903104
1084736
735680
699776
694400
1812928
2772672
3106624
2167168
1028288
1921600
468672
831360
1259456
1219328
2487808
1079616
1992384
1932224
1102144
1758080
2499712
1527744
2255680
1113152
613248
2187072
1401856
823680
1499392
753600
4107648
780992
1168192
1175360
2740416
1166016
2482944
1479168
786688
662144
1379136
940672
1642304
1092288
1777024
1759872
710016
6045184
878784
465664
1387264
1507328
1497216
3078144
649088
2104576
2270784
4144000
801536
1305280
1515712
1564672
4289024
1522624
681792
574592
1460544
1625088
2765824
3727552
1237952
1013696
585216
941824
5104448
2021632
1226368
851776
912960
987456
939392
1805504
801600
990144
927872
799808
1369472
1334784
1045376
4054912
1604992
1069888
1577344
1393984
1196096
1890624
2434624
2065216
3982144
1936320
368576
1655296
1589056
1673408
1241536
2018816
1401024
3028672
1824896
274816
980544
3628160
1823488
2190272
1046016
1379840
2438208
1138752
829184
931008
1391040
2655488
2581120
2614912
1763008
1248064
805376
1509696
1342272
1536896
877568
760320
1881664
1909760
1430528
1771328
539968
825856
2323584
1996992
1912576
1689792
945472
4607872
1597952
1601856
2222976
521024
1189440
899776
1733696
1309760
2686144
1615552
428544
1516032
2151808
1017984
766272
1514496
1480512
981568
1662464
2482304
1418240
1460032
1097984
658816
761344
1144448
1978816
2419904
3225408
967552
1449536
825408
962496
1372864
2622144
1484608
667264
1171008
3335808
1318784
1221312
5121216
2919296
568256
1227200
704128
1154944
1227776
1470016
2579264
1496064
988288
1876736
682432
2825024
1636800
1317376
2464832
922240
874048
1674048
1031616
1468160
286016
923328
1310656
1421632
1642176
2482688
1470720
1056128
1751552
642944
1429760
1555392
1279232
1575552
578176
969024
2360320
1254016
2295296
1715264
846976
1066752
809472
709248
2139712
1655360
852608
1681472
1091456
2508864
2412544
969728
2942592
995264
1096576
2394688
3162688
951744
889664
1265216
912960
1094336
575424
727488
882624
1386688
2241664
1608896
1767744
1559680
749056
810688
4272896
905600
1246656
476736
2455360
1715136
1064384
919872
1492992
1096640
1503296
1381824
435968
1345600
1292608
2585216
328768
580608
1685760
3127296
2049664
474752
1513664
1938304
1040640
788928
508608
2014848
1171392
1400896
710016
1534272
1707328
2585152
1209216
950592
3672896
1407168
1789056
2867584
753216
2321344
542592
912448
1635840
1138944
862784
1849536
2506752
2995200
962624
1193792
1643136
926400
1187648
598400
1165696
1842944
2150400
846848
956544
4376192
996480
2727040
1057664
641024
2240000
1455680
782144
949504
666304
1668352
961024
1498816
2516032
1832064
1127616
2337472
1571008
1114880
1392704
616512
987200
1880896
963648
2840320
1867648
2267328
745856
1275072
1227520
3211968
1341248
3720256
893120
1450752
1012928
1588224
2608960
852864
586048
590528
841792
1444992
2774464
3265664
395008
927168
1459520
1040448
445632
1858048
2179584
3881664
2352960
1416384
1427392
2064384
2882240
747840
1235008
1255360
2226112
1852928
1723392
908864
782656
1618432
1469760
1259584
1327424
791424
1409536
2285184
592000
2821888
2615744
1689152
574208
2222080
1450496
1533632
1500992
3619072
1077696
1509632
545216
1056000
1445696
1678592
1640960
2123264
2885696
1551360
732160
891392
777600
1569984
1552768
2693504
1505536
1570112
896448
1152256
1440704
2828608
1802304
1258048
1396736
553792
1582272
747776
1699840
730048
1355328
813056
3484480
1801856
1035072
1501120
3674752
850944
547392
2015360
1829632
1221632
1571904
1192832
1610560
678464
919680
1174720
1699648
1626880
2340160
1971456
909696
2880896
2235200
614912
2121856
1118016
1094656
1917440
873920
1661376
1333632
692608
823744
1355584
1531584
1671296
370688
1102528
1453888
1712896
2685888
4086400
857728
2077760
1116608
2019200
826304
1032256
3957952
1142784
1524608
3380608
1002048
2473152
2118144
2418560
780928
1786368
1754432
1483136
1968320
1167808
787840
1547840
887872
1040768
1298240
1239872
2493120
2526080
796416
1747008
1233216
937536
2308608
2298368
701568
2570560
1193792
2433216
2902400
1048192
882560
1766016
2651584
1024896
348224
2077888
1225216
919232
2105472
1204096
1003840
2429888
462592
1796096
1065280
729216
1558848
2685056
1040640
1497408
2507840
1075968
695040
1444096
1369536
1149056
1900224
922432
885056
1865280
1237696
979584
1518976
2073344
5018048
665408
857472
1197760
1309632
5169792
1431744
2015808
883904
1394240
2790656
3031616
2331392
1878016
1192832
1095744
959872
756480
1188416
1613760
1656768
1105152
1391936
2481664
939136
2120320
2027584
1977088
345728
643328
1905600
1012608
639232
1307968
1249408
894720
5098368
2063424
1665280
763392
664256
891008
1113280
1518464
2502464
665280
764736
1938304
1697728
3826688
1753920
1269952
2461696
4431296
1381440
1512000
1702784
883008
1115648
794240
1643200
651904
747584
2929408
1554944
1020480
1525504
2672000
1255104
1146240
1241664
802176
1532672
878528
1159552
2847936
1398144
840896
2548160
1005184
462976
829376
1690624
1749632
568384
746624
1846656
1806976
786816
1160576
874560
1529984
846016
583360
1977088
714048
1964928
1190784
495936
2600896
1585024
1187648
955008
1082240
567808
2378560
5781248
2104448
5018688
1521408
584704
643136
1132928
600832
879808
1543872
1266432
919424
1604224
3663360
913344
2540608
729152
779968
2108928
1955136
1311360
2390336
1701568
1095936
903296
656128
3410368
911232
870976
1507584
1849472
597376
1441152
1244096
1614208
562240
1292928
1440320
1622080
920832
2028800
1481088
969664
1688896
1328960
955072
812800
2841664
1837184
992192
1009920
615744
1364544
2643584
1735680
3837568
1157376
1601920
834112
1604224
2117120
1686784
778304
955776
1005056
1615296
851072
2282368
3625216
1048640
497664
678848
954176
4808448
1512896
1328320
5457984
1869760
1099072
1114624
724224
1557888
3596480
2464512
2058304
1165824
958976
1104128
2341760
2478208
2922752
1337856
893376
599424
2118848
2114048
452736
1098560
973504
2995072
1024896
1401600
1568128
667072
812672
1428032
1427008
1535296
586368
2113472
1045888
899520
512000
1191168
1083392
881216
5715456
1820864
1591680
1006016
2214784
785152
1435136
927808
1693696
2598720
2280960
1917504
3053952
602688
1270464
665216
869568
2679296
2670016
1311616
298368
1966656
1419648
1039872
2586048
702272
2916736
2576960
2825792
1760704
2871104
402688
644224
1055488
878976
2387712
1257664
834112
874496
1632320
1091584
1668416
2368448
1740800
1012352
4783616
2444928
629056
628544
365120
2831168
1009600
585728
1377536
2309312
2214272
945536
1315776
1217792
1268864
1431680
1892096
927936
1608320
1854464
5116544
1042688
1171968
384704
2497856
2451456
1965056
1396416
1570880
611840
845568
1988800
1188800
365184
583936
1798336
1288640
1998400
1351360
402240
812864
1942528
1601216
1266880
2062080
2338944
720896
1494912
1809344
2481600
681600
390016
1486272
1702912
2858560
3595136
1048384
815744
886784
1680320
1592128
824256
1110528
1523008
1023808
1590656
2544384
1200960
726144
2887680
1314304
471808
1469120
1942016
1130752
1228672
1607936
2741184
683392
3612736
622400
651776
542272
1061888
1437760
1661184
1740224
1109184
1827904
1243648
1143104
904576
1423744
1348096
950080
1248640
907776
3500224
1187264
563008
1326528
2243136
4723328
1313856
814592
1361664
963968
1693568
1947392
1335936
2592000
920768
1331584
719680
673280
2447552
1606592
2240000
587264
4827392
2066304
1066816
926656
1142720
1256448
960704
1500160
1806208
237184
1255552
850496
1061632
1038976
2156864
626368
1213824
2336896
1194496
1411008
1163584
553600
2659328
4704512
1285696
439232
1000896
1568128
1782912
1305088
1197824
1767744
1948480
2253184
1592896
1718592
776512
946688
1163776
1131328
1789312
2101568
3921408
1178304
916608
2167872
3107456
7377536
968384
585344
1667136
2201856
1025472
2494912
2366336
1005632
636352
857152
1601984
1059072
1645632
1788288
1242752
581248
1160704
939392
1378176
2790208
2958912
1739392
696896
1257152
1995520
1964864
2134208
1763136
1423552
928384
1432064
533888
949760
1877504
1328832
2918336
3128832
1407680
1013888
866816
1491712
5874560
1252864
884352
913280
1467968
2108032
824320
1232256
1805312
1291072
4376000
2221248
3388224
320896
692864
935424
434944
3319936
1314752
2726208
988032
2400960
689728
3175360
1019136
829824
860800
1270848
2276032
1684544
976960
418112
1462784
1040256
957952
2614080
524672
1120896
1730176
1010560
1289856
2420992
642368
555328
526912
1467584
3288704
1610432
1550208
1210368
2922048
1860224
1983808
2098368
1324992
1412352
996480
2331200
1002304
783936
1227328
1895872
1632448
1634304
3047040
2060544
1179136
4330880
2725696
1446720
3124096
905856
1171456
577536
1458112
688960
2622592
1255360
2161152
1991296
690240
1995328
1519424
1154688
3950720
1233536
2152576
542208
1042816
2256640
3236032
589696
1312832
1607296
2001920
900160
823680
1269568
1408576
2191360
729280
1293888
2184192
920704
3905600
564800
842560
4211008
696256
1766272
2027520
2020992
617280
2006528
1053504
1712256
827264
936512
709120
842048
678208
1167168
718464
850112
2095168
576640
1063552
870528
3767808
954688
991936
967936
1301248
1806336
2417920
978496
1095360
1237376
1660352
1548224
1596800
3102848
1574848
579648
566848
2160960
1851136
1438912
2638912
1218048
891904
616704
799104
1593600
1722880
3162048
1139264
877056
657088
1118656
1054656
1377984
2973056
285632
1038144
640576
1558400
1121728
3712192
1211520
933504
1394624
1148032
1950720
2422016
1073728
932672
875776
1892928
1738432
716224
1365504
1565696
2577088
948544
1516800
1343104
2813632
1636736
2474688
736384
1361536
473024
1698752
736768
3276224
1451072
873216
902720
894976
2668864
1602048
1691008
543232
1240576
769664
351808
371392
1471040
2017856
1004864
5126080
3164928
418368
584704
1926336
1350336
1416000
1441408
1861760
1093120
2126016
978752
1151616
1391808
1745600
1402240
532160
2069632
1409728
816192
719616
3772800
807680
1345920
304832
1183936
1751488
1158080
1443008
800256
901760
784448
1132480
2770752
3770176
2164672
1440192
3238912
447168
1968832
348672
1122624
538176
2245632
1711808
3419392
1691968
3687744
874944
494720
1254976
964288
1382912
1951488
1263744
4364544
815936
2914240
1120384
1687168
505152
383680
859904
624768
1528000
1972032
1196352
1177408
4420416
449664
1682432
2678272
1023296
2646656
2811840
2044736
1616704
1849664
988608
500608
1067584
1121408
443520
1105152
532096
2799808
1663552
1645888
964096
9104192
1083712
739520
604544
669568
505920
1695040
2294144
678976
1609344
1231552
2613184
951040
2136960
1100608
685248
831040
1809024
3878464
1440320
1886272
483008
3342208
3359232
1387968
861440
2926080
887808
1182400
2727872
2468480
939200
1424192
688960
551616
1097344
1378944
2393792
737408
922880
1331712
2152384
756608
1640064
2294144
769984
2495040
1432448
1485184
407232
1022016
1625600
535296
959552
1406016
1966208
1620992
1628608
474944
1023552
1250240
1107328
966528
943680
1781696
3093440
1746880
1098112
3704256
951296
1261312
2895744
762432
758272
2464640
816448
1864768
2782976
1366336
988608
322240
295744
1038720
2032448
987648
3307072
2870016
5061888
656640
747648
752128
1198976
1052288
1289280
2417600
1261056
1267968
1153088
3285504
1709312
814400
3668288
849664
743360
1002880
3487680
771520
1975424
1391680
855104
2353280
832640
1985728
1664000
2097856
1280960
2158272
595200
1528384
605120
4107200
524352
2470784
1325952
1122368
2212864
1074304
679104
839936
1384384
422080
836096
2624192
687040
996672
1379840
792832
1426240
3820096
1664320
610752
892672
1676096
1720128
2234368
4435200
4404544
710464
474240
1567488
708800
852288
1677824
2759616
1360768
1302080
1724608
501760
976256
2057536
435264
1207680
878912
922944
939072
581056
796864
1659328
2071744
4500160
1223744
3540864
1382016
1634880
1046528
769280
1920128
2272128
3828544
1364352
1427264
3437312
2032512
1033600
968960
1838272
2605056
1714624
1019776
1762112
588992
3050304
3045120
587328
427200
2131008
614848
1347712
1936064
2394560
620800
796224
640704
2450880
5782848
634432
1105920
1176064
1869184
904960
1600896
368384
743424
1533760
1612544
1485056
4045696
400640
1519360
3625088
578112
544896
663104
1428096
3624960
1929792
597248
1399488
1298304
789632
1268736
895488
3481984
2307328
1126272
1823616
870656
651712
835584
3069632
2494080
2000000
333824
389824
636480
1521152
535616
2194432
2173504
1120320
1552704
675520
1571136
986432
1622208
1857024
913024
746624
2001600
279168
612096
765696
1252736
1393792
1822784
1709312
915008
648320
699584
2288128
2176512
654400
3330880
767872
1137024
1656384
998336
1321088
1614336
3404352
2987200
649216
2447360
2275456
2396032
477248
570496
3395648
1833152
2761664
1619840
408704
2004224
1747968
590400
917888
520320
3273216
1625408
880832
830144
1778432
1386624
5452416
2218304
1123776
1025024
618560
1211072
461440
557696
1160576
3152384
872704
1004800
896768
1188864
1106816
2655488
1172608
752512
852416
712576
1939072
896768
2777472
1101056
2601024
1163328
1011008
908352
760064
1095424
1044672
1078208
1406336
1438528
977792
578112
1701312
2454144
5375040
3931648
1953728
1116736
792320
734656
1252352
1629824
775616
1776640
1929728
1030400
2036480
1285696
794304
1654592
1039104
2644160
930368
1926592
1648960
873216
1903488
3066560
1880512
2966464
1672512
1531584
2302144
1569472
5009088
601152
854528
711680
616960
782720
2291520
2579840
3557056
3136896
853632
1811136
523904
624320
1730816
1457536
1162496
1427264
1251264
4189056
1062656
1643200
329024
312192
779712
3780800
483840
1097792
1526848
802368
1678080
968512
603008
1112256
496384
2177408
1250624
540160
1979136
885248
1421504
968192
1083904
265472
667072
1018944
2430208
1258752
2875264
4515840
955968
285440
1089024
965376
1202048
1071040
973568
1549696
1592640
392256
2814720
2225472
1570560
1446016
2333120
3202048
2347456
2391488
683520
219904
2838272
1834560
683456
978496
2922368
1398400
404736
1022144
1262336
966464
1131840
278400
1381056
1117184
2124096
1763136
1261440
1130944
662656
491712
1890176
1170816
3206912
2628864
2020800
621696
3826496
1654848
749760
720384
517504
1908672
4609856
2257472
930880
331776
1763456
1295680
1696640
1098368
850176
2559104
2441472
4316160
3213696
2199296
2081152
1299776
900032
977664
762624
1061888
1480064
881856
3302464
3178624
732736
1330176
1358336
772032
1320704
463936
664320
1978688
2383680
1275520
2308288
270784
1423616
2372096
705536
1553664
912064
985024
976000
1597120
1537472
2463040
1238656
1249984
3302144
2840704
2412288
2579648
3487552
1019584
1981376
1306496
663936
895488
2607232
1531840
1031360
306944
2318208
2570240
592256
417984
903808
863808
1012800
2869888
1244864
1041088
817664
787328
356736
920704
1105728
1135680
2189888
1763520
303872
1315264
644480
4965440
1929536
797888
1595008
1181696
1842432
848128
606464
1253504
947584
638656
924352
1688512
1515776
2178240
3174080
1013184
1558272
768576
1765632
678336
426304
1142400
744320
1178624
716544
777984
5614400
1569856
1027136
1043200
6136512
2516544
844544
472768
1768640
1681088
1768320
1764096
3767040
533696
903360
824576
2017920
2502656
1376000
881344
1605952
3502528
904064
924032
646976
416320
502848
664768
936960
1083392
1274304
1879552
1239744
1565376
3599104
3325248
1959872
2345664
10152512
1122944
290944
491072
2106432
746368
3510336
3713280
1925376
760000
489600
415232
1267584
1569152
819200
768768
3447936
1458176
1076864
1542784
1998592
511680
1156736
528384
331904
1002368
1255040
492288
1862784
1265920
1021248
3862464
1347776
1421760
574336
1214592
359232
2074048
2403584
941632
1851840
984768
2131840
1279936
867392
535168
1631744
749568
1254784
5701440
457216
1455936
2360192
1884288
880448
731584
1149248
560640
1547136
1847808
1079104
3657920
2531776
1420736
1389312
835008
520640
479872
1923840
1607040
2605312
3817728
1349248
540864
427392
226112
773824
520704
450752
842688
1931456
649792
1241664
1526016
1291392
915456
1481984
1440256
2183296
1362112
1519488
836672
1104640
2182016
2731648
1512832
2369088
2292160
1240320
2655936
1609472
1065536
1369472
1363456
3153728
1518912
707776
758848
409280
1102336
852736
1229120
3128640
1740352
1789312
1091392
1117888
3483008
946304
1215360
569472
865664
1337664
2605952
2060992
1793280
1608704
722496
495616
1097216
3225536
2346048
8372992
2141632
1162240
637056
760320
1192384
577088
1924544
1597248
2632640
1634752
924864
2656576
703872
1395008
2462144
296704
1977408
606656
876352
1486720
1801792
786368
1127424
277248
666304
853568
434816
737024
901440
3312448
1037568
756224
1386944
6578560
593152
516736
591296
1058048
727680
686784
1096064
1994432
1272064
2090816
1818240
998144
763520
669632
489472
2368320
3398400
561344
2553024
2574976
430912
493632
577152
1037888
2351040
3482496
857472
1190208
1335296
1687104
1820288
4000256
549632
608704
803328
938624
540736
936320
803328
831488
2135168
977408
5702272
1081984
1688064
1126784
946048
4557440
1629504
2083008
969088
3106112
1261504
1670592
1314624
1323712
1560384
1926016
432960
2267968
687040
1367808
628416
599616
365760
1508224
1491840
2570624
2315776
1413120
1509568
389696
581120
1805824
428608
318912
2067328
937024
1459200
824448
1727488
510144
1046784
1862912
816320
2755712
2910016
2115456
793728
914688
1436352
922240
2749120
1127040
634112
1990464
783680
1637440
1028864
1795712
1647360
2556416
2102912
584640
873408
1414528
446592
1364608
1027008
605248
2095936
645760
1182080
2287232
1107200
1660160
2050496
568064
1790208
765952
605504
2709952
1616192
512128
1885248
2192832
1759296
2357696
4541632
894720
2642752
737088
1043008
828736
772096
1547904
1419264
1180096
1213312
1741056
1215168
871296
560064
611264
408000
896064
2173312
927232
280704
493568
1241792
1315200
929728
2921536
1295424
822336
2742784
2581632
973376
2365120
538880
1350848
3653312
385600
1006592
1021632
1488960
1533568
2058688
3400960
673216
623936
1396992
1540864
697472
2012928
1540608
1076864
524352
575296
1533184
3482112
912448
1263936
2123328
1375232
3766656
732288
1936448
857920
1479168
1831872
703296
1048512
716800
1699072
1661248
652672
2748352
1148992
1252672
939520
2562816
1115776
1045632
544320
2473472
3138048
577216
2505600
879552
4135360
1851008
402816
664896
1777600
750976
786624
1508608
703936
522624
2324352
1818048
1186368
735616
1649664
1103232
2269056
956160
822144
647744
1039616
808448
969408
1950912
1556032
4839104
4648512
4627328
1375232
767232
707648
1005888
1771456
494528
627584
709632
975616
2233600
974912
576896
1403648
1243904
279872
1397760
1331840
2512448
406336
1385984
3721280
1748352
610752
816640
3854208
3705792
1651008
3638592
567744
534656
1052992
303232
2312192
406592
657664
946880
2293760
379200
793216
645248
2197568
1041408
2270784
959104
1832960
886784
1294144
1087232
1285696
890560
1507904
907264
408128
2881536
3530176
4080128
851136
917632
2084992
403840
1307392
419712
1595776
1686016
1029440
3010944
1183104
855872
1149376
4465472
716544
735744
1140160
1526528
815168
619648
566080
930560
3908352
3536512
1227136
2074368
1007936
789504
1044032
670848
582528
1558592
1194112
1528640
2760000
1340096
1380864
2895872
1197376
468992
865024
1295936
676096
813248
4330816
2865408
1001856
1829760
1299584
1386944
589568
1472960
873344
595200
1549760
967872
2608960
3589056
3099520
888640
1175744
2044992
1094848
996032
2192192
704256
1030016
1360896
1194880
631552
1328960
2869632
2214784
1775552
1538176
4190912
227904
1178816
551040
1422720
1143616
1248704
3286400
1591040
488512
491136
1222400
2068864
1127424
1872896
803136
1034752
1985216
1198272
1543360
927936
2500416
1069056
2177856
5745920
5580096
1275328
1412608
4707008
779392
2404544
460416
1155456
925568
1095040
2164416
1092032
3652224
1436544
821760
755264
1675584
847744
1425856
1289344
1790272
1384320
2534592
1246400
913856
258112
921856
1270016
1373248
2169152
431360
2287424
2407424
1520896
6062592
2351680
2259072
398208
552000
738752
871488
794560
348800
963968
474048
791936
1675776
1540928
2801664
1015104
2170816
1638784
813504
834048
1963840
1620800
680512
551744
692224
2145728
2707008
2040512
1585600
2460288
755968
1394560
1856128
6123392
1089536
1264512
3461312
576384
2428224
3057280
1717888
856256
1410496
1369088
1554048
953856
8018368
767168
643456
326592
860736
771328
871872
1202304
1196032
4908160
1615104
961856
4347968
864512
290432
2550528
913792
1969024
936768
1613952
1492864
1104192
1135808
2898880
390016
478336
876224
1573248
1401600
1353216
2944384
1095232
753536
1353792
294592
1267072
541888
1561792
365056
1414144
532096
1683776
763712
2273600
1779840
2499328
2532672
860480
1280512
808512
823104
3882368
1663488
1393344
679104
361792
412032
1223104
1142912
3566656
618880
1960960
1607680
687360
456064
687232
1466304
698688
3193600
1546112
1236288
817728
704000
440000
1023360
1380800
7262080
3376320
628672
1085632
1516032
1635584
851840
576384
1082816
768896
1101056
3162816
722240
464832
1950976
897600
1071040
1482304
1067136
771712
999616
1497344
2042176
1219008
3392320
888896
791232
2183680
2319616
1365632
1359552
838528
1036672
2342720
2428544
452608
1460288
1145088
1691008
3228224
2629056
1361088
878848
2019136
1020224
1053824
1453184
1966336
1741632
626816
1653312
546624
1261056
427968
955968
2102400
5983360
1261824
1216000
1424320
479680
726976
578560
1152000
1535168
3173056
364160
3171136
1614016
4373120
611456
952832
626176
620416
526080
1171712
985088
1203456
1927296
4533824
907712
2802304
1037184
937024
575680
317248
2691712
2053056
718656
877504
2372928
891904
984448
1589696
438720
1563392
592768
867200
1947008
1071808
657152
971200
2428288
2328000
3004672
2609792
3273984
1946048
438720
1683648
1576768
553024
1440832
1232576
1361792
600704
960384
536192
1669568
673088
984192
1585536
982528
794688
1799296
1384960
6646336
2121728
2274176
1273024
508928
554560
645248
1061376
2005248
1690240
799424
1211264
5157440
2522688
1430784
2886336
1243776
1470656
2018880
1596096
1123840
1411264
455616
1906496
2627712
636352
1901504
495552
1612992
2830976
1570560
882112
6733696
1854976
642624
1466048
4336256
4547072
393024
494784
998784
459136
1044416
1005760
1705408
5733760
1453312
1745344
571008
734208
1090752
950464
1627712
1401280
3094144
2043968
631488
588224
1202688
1763584
2044736
826432
2077568
1547200
620864
1564800
778752
1005440
1294976
4093248
4320512
1562176
1945856
967808
203712
507072
847872
791040
512064
1697088
6281472
676480
1406464
2041216
1104256
1639552
1697472
621632
1250240
2867904
1715648
902272
3277696
1023936
365952
676224
1375296
971200
1394240
1265536
633792
772352
1951296
1490816
2295296
1561920
2346816
839424
1700416
1621952
1118848
442304
1329792
2172416
1705280
5060224
912960
1390336
4268160
2263616
923648
1226816
1186560
1478144
1771648
792000
7032960
1011584
3172608
678528
1366528
2596224
2249536
2633408
617088
1031552
565504
805312
1436096
1051200
1326144
2818176
683648
1117824
3959616
1031104
1929280
883584
838720
588864
1874240
494976
511360
1348736
1112768
1913344
2153600
1339776
2158464
2804352
1897792
697344
529536
1045248
1155520
862336
2091776
1003968
1135808
1236864
269888
799552
1874048
506944
878208
1863808
1939264
4456128
681664
992832
913600
1203200
1638400
3393024
995968
2031552
383872
760384
1287360
6167808
420032
1428352
799040
911296
279104
879744
1062912
1364416
1835200
567872
627136
1183424
696960
1170496
591936
740288
1730624
2214208
937024
928448
2444608
1483264
954496
1477056
1858752
782208
3398528
1620352
472512
404992
843904
610496
1163904
1263488
1724608
2121472
2031232
805248
482816
932544
1685952
1216512
1315008
1706112
1558144
1833856
2459328
2674816
2486144
598016
1093312
1052864
604736
1979072
654400
865792
2089856
2648704
534976
1940480
2330048
2244608
470208
1958272
926528
2172672
5065536
710272
692736
1103872
972736
1246400
1488448
2159296
1911808
2487552
2986176
2016768
440448
535680
3506176
364992
1391232
540864
981120
1781824
1108480
3257792
1226176
1916608
4189248
2973696
1985344
442496
2835072
2867136
1090688
723840
452480
601536
997888
3143616
1847424
1169664
569600
998272
668800
1673344
673280
1647232
2143168
1792832
1352000
751104
1305856
1164992
2100352
647296
1590464
1039552
1050560
1993216
2261632
1076096
1992640
5317056
1489216
1662400
3069120
183360
299392
436544
732288
613312
503424
2603136
1151744
1413696
1055424
1581312
650560
1428416
651392
1483840
677312
1333568
540864
1174272
1388288
3285312
1918336
2736448
2630336
1658624
608704
218816
629440
1931200
1236992
3055296
1467008
3873472
1070848
1221760
1812352
4522752
478464
813760
2616128
1170240
1867648
442240
1010048
490688
1329664
1946688
1598400
334976
820608
806976
2271232
726336
413312
1285632
2716736
962048
968960
844288
489088
1114496
1229248
1149120
1429888
1078336
4282624
1667456
1364096
1606912
2016960
933248
582912
618880
537152
2119104
1330304
1723072
516992
1446208
1435648
1234112
1067008
1905408
2939264
1276416
1036032
692224
1642240
541440
2159616
5224640
973632
1535488
1586176
1415936
993216
773696
1129728
426688
2231232
1943680
626944
4316160
6821760
620352
324800
406656
4021056
2463936
1500800
1790336
543360
1244096
3944320
412672
3024960
2124416
1553984
942912
860032
2967424
426432
1053632
2497920
815872
905152
524096
786752
2017728
923904
1332608
3059648
945344
838592
5959424
1218368
985280
1605376
462592
1235072
5742080
1881024
583552
771904
1822912
2747520
545280
804928
1320384
731136
2657664
805696
748864
462848
901504
216384
969472
1108864
1020672
891840
812800
1008576
1349376
2786240
942912
1935872
549760
2282624
3566272
740864
1530048
2004864
3989952
827776
464640
1544576
1708800
1286848
1002880
1886784
626816
4713280
3468928
3036608
1325760
7339520
982976
624960
648512
182336
502464
966656
689984
1455296
2584768
1371072
871744
1683904
1053120
779904
867072
429056
403328
1160640
1873024
2574208
2674176
4052288
4064896
857600
619328
868224
572416
593856
487808
3136768
5581120
1506752
687616
332096
562368
418560
324288
1155264
492544
481024
1266240
667904
2703552
2432832
332288
611584
340800
372992
250496
1899584
1506048
1563968
795072
3954880
1888832
1473472
665920
469184
1080576
1083968
2140928
1804160
388416
834368
1187648
1249600
2768960
3511424
980160
395840
620352
796480
211200
1115392
2747136
706496
2453312
2890816
567424
1215488
3287744
1815104
1162688
674560
525440
851648
752640
635712
1533760
2433024
581952
2195264
1318144
663744
775872
1918208
1119552
1380544
1242688
823808
3372928
2748864
421120
922304
2712128
2698560
952256
637312
3097600
332992
2591616
1336896
3491584
1378624
2247872
907520
1662208
1133440
897536
963648
825344
1322368
3304768
573632
404672
791104
3822720
1291840
2466432
3036224
496256
2264960
1133248
719104
1132800
398336
1273856
2699264
422336
1204416
2169152
284608
556096
2470592
1895872
4134976
1755200
3549376
1591744
972672
670784
2087424
1361664
1571584
1149440
1893632
2724864
4232512
971392
1788608
3107840
550080
1795328
333440
1176256
752640
935680
1650880
432960
1713088
2811584
551808
1211072
629696
2502592
758016
1279936
650688
653120
1612608
2408640
734400
1023360
629696
1244800
5431360
1070592
685440
719360
1280768
2403264
691904
1743808
2123776
1930176
1037248
1296832
1829248
1799488
3995200
2503360
2977856
345472
446336
1548928
322496
1611200
1448320
2302400
972992
3773376
720256
1459264
795200
704832
951808
917952
2122048
4030528
1988352
1887872
830208
886976
999424
435392
608832
1086016
476224
932032
1861184
1798784
1631936
950144
1311296
2375680
2028096
998272
984384
431936
709824
571840
1929024
1994624
6696576
4781312
1647040
791744
1085696
419456
504896
1878080
512640
2473472
3266560
666176
952064
1347712
965184
1328832
1873280
618752
546688
515008
2309824
1458240
858496
2088640
1896640
2366912
3268608
1823168
760320
308160
751616
571584
2309888
787648
936192
1099904
1567552
668992
1515456
3252608
662272
526656
443712
732032
1221376
1045248
1199680
4443840
497152
942336
1823296
1997760
5309952
1235584
5486912
1635264
5016832
750400
1136064
687360
479232
1707072
1448576
4949376
3067072
1313152
2037184
2128960
1168128
4506688
484800
6173440
1121024
883456
681344
1905536
1469696
437632
1150144
893888
1209984
691264
944960
957568
1097536
562496
3489792
4687808
1999360
4182528
1067008
734656
841344
961600
1377728
339392
597632
414016
1950336
2203456
4114560
1947584
591936
851328
1120640
2473536
205824
390272
481600
397632
2086080
1224192
1913280
705920
4706112
1006400
2820032
2103168
2631040
756864
637120
1794624
387008
3297600
883264
473408
441856
960320
483200
380096
1586624
1242112
1512640
3384832
515264
1065216
2498880
1182144
738304
2620928
2457536
2008512
1294080
826880
2236160
3201152
4097088
1804864
679744
769024
1150656
1158976
1059456
765504
3331072
1973696
3133184
1119744
1066304
1280320
736960
1163072
2201600
1316544
2267072
4212352
993216
891008
329984
710592
1238592
492032
1838656
5099648
1515840
5784832
959296
1224320
632704
355328
429696
920064
665920
409152
424768
652096
2826176
1683264
1285824
2386816
304000
647424
1614976
370432
1030016
642048
1054080
761984
1772288
1180608
1574272
1768128
1539264
1017536
2532416
327360
285440
1881280
379264
635136
814784
459904
1027840
1461056
3334848
1932672
3731392
2339776
710528
238592
388928
558144
547008
1569920
2031296
1402496
1809856
227392
1124480
1007680
632128
2331200
1537024
1087616
1058496
1565120
648384
1766400
859520
2851328
1474304
2502272
1341888
842816
4148608
1759680
385088
1782336
315456
678144
643392
2105792
1649792
1215488
1329984
380032
715008
1566208
844736
1671040
2055104
738496
2588608
495808
2071808
2514688
1149824
1117824
1079744
680064
904832
1024128
691008
5145344
2425280
1346880
2362880
1124928
5665216
2873856
1175168
1344192
693632
3256512
2903488
1721920
1077888
521728
320576
1320640
769856
1219840
2470080
3993728
4595264
1481280
726720
8813312
415872
900864
1728960
2039040
3811904
1772992
4177280
3873408
288704
524928
670784
457024
761856
1515456
284032
585728
622144
700352
1674880
302592
563072
1209600
2413376
1076736
1242880
1597696
5342464
4506560
2466624
943552
601152
235840
899328
557760
401280
570944
803904
665472
1091840
1021056
1038656
1151872
679232
1892864
556928
371456
822528
285056
1371648
367360
1151104
374464
4271296
1700480
2784768
4476480
522432
256256
1243584
1507456
1090304
503232
764672
666304
814208
1519168
1329280
3791360
3320960
1176192
1227904
2600320
980992
401024
855936
678912
1371776
703232
2033920
2804096
2839040
4494464
1861312
785344
726464
608576
645312
250880
1716736
441280
755648
1601984
1715328
1380736
4388096
1770752
1192512
849472
861120
622144
536384
731456
852160
1070528
725376
849984
576064
2213888
2247296
522560
1121856
1349184
5433536
2081920
1291200
712832
2217152
588608
1580032
671680
1929600
532928
1153920
1981696
1100928
1001856
4562048
1744640
2008000
855808
1441920
3797696
2966208
459584
1219776
789824
2950656
2874944
2067712
3643392
1396032
2123392
493632
5700416
2103360
1347200
578624
1287488
581568
1590272
480064
488320
1036416
359296
4140096
1361856
3894080
928384
2614720
635840
2512576
824512
775232
3367360
306752
558144
318016
750912
618368
860288
2324864
844096
1379712
592512
964160
1432576
824128
1425024
2212416
1572096
1652096
7560448
1769856
1365184
518016
680320
740736
769920
909120
1473280
1378496
2405632
2565504
714496
575104
491840
2606720
1944832
1165056
1034432
4102848
1142208
1478272
4133440
4652160
2500096
821440
859712
1077696
855424
760768
2954944
1988992
940800
802496
313664
2923712
1081600
2230592
815104
633280
1211968
1956736
2271808
467648
1848128
2901696
1327616
512064
1282432
1828992
1020096
692224
1027776
787776
507328
1717440
2967552
1068544
1739328
629504
889408
319488
1276736
929472
403008
776192
1168256
1008128
5121472
6086464
487680
2099456
940480
677248
2998336
1786112
908288
9007360
238720
781184
1024192
1441024
1130048
1895168
1437056
2643072
2075392
618112
677632
1706880
1020800
2921536
550080
1193088
688192
1053248
735360
1486656
1586048
529344
952384
1798848
791936
477120
1990016
792832
729280
1782656
614272
1711104
408576
3290944
1028032
1214016
661440
644672
749056
1351808
1283840
791232
1631872
2182976
940800
596608
614464
3463488
2184256
603136
1127040
1434880
2518848
1036736
4580416
1656256
2816000
3548288
2163776
619392
808576
2842112
907328
2512512
2661184
963008
2149824
1268224
2644992
3174080
3484672
2673280
501888
747008
923712
2257536
268736
289984
870912
750272
831744
2381888
1140288
1664256
453952
2870592
2952448
2346368
485632
1739008
251008
457024
1056448
390592
1012352
1212288
767488
807872
3368000
1266240
1494464
965632
931264
1735552
1101056
3784768
725440
792704
550976
935936
411712
1156352
1706432
1294144
607936
4005504
1247040
3530560
6177920
2714496
1243136
1367232
992192
1395520
2139264
918912
1776384
404992
1202432
509248
1025792
991296
1309184
1690624
1174720
1294080
1025728
1954368
1618944
1062080
4231360
848384
534016
518784
1042048
723008
306368
1015808
1724672
1435008
1027968
3410176
1317952
974336
572416
5268352
1437504
1250048
1980288
762304
483392
821824
2306880
330176
1203136
5580864
870976
355008
990528
1742080
794048
1391040
2037696
810304
1974016
970688
765632
450624
2683008
961152
1420736
1558720
1387456
532224
1121664
1182400
2348352
1267904
1433408
1530048
2474368
1013888
343936
5195008
8769984
2526848
2017408
815872
620992
1489344
776640
1613760
2047424
594688
1698176
1751488
2090240
1738432
990848
380544
350336
304256
487936
563136
1291264
980672
2755840
1474944
1287488
3247168
1085760
292416
717440
1239488
1472896
648640
752640
888000
1357312
730240
803072
745280
1815552
869248
516992
731392
1546368
1542592
2405824
1637184
1162816
1201536
1458048
1139840
1474112
2915584
956032
2276352
1318912
2048192
3666944
1461824
997248
960832
2724096
1083776
516672
1634944
1450752
1050688
912512
2147712
1485376
1531456
708416
1844224
1039232
453376
495936
1109440
1336640
369856
1483904
1367552
1701440
497472
1895488
1225280
1936448
2703616
442944
1438976
4967744
1801344
4085056
2201856
3568320
1264960
1388032
349376
1490560
728896
1926272
517376
3819584
1323392
574912
602752
568064
2007232
5489920
736192
2380480
1160384
531392
3065792
753280
3124672
504704
1544448
683584
2157760
1126528
1808064
1102464
564032
2374080
755456
2046976
2647808
1441472
1523648
3718016
3054272
986432
2307456
554752
1332096
893696
1047616
1935808
1835712
4527808
2322624
444032
1026624
1253952
2910656
646144
566464
800128
1071104
1586816
2212608
936768
320960
1078720
375296
3344832
1960384
742720
631296
5191488
707264
8369408
2875008
659904
785600
1264768
563904
866752
1345408
2832512
2176128
855040
1005696
709376
1290880
2202240
1006848
598464
683584
1205888
2858688
3636288
1865408
1194048
2472768
1955264
652352
639104
547008
673088
805312
478400
731200
891712
1697216
4626048
1105984
1471552
764288
785472
1791744
1593024
748864
1934272
1624576
1524928
3428160
2484736
387712
1504768
1398912
4051520
617856
484864
899648
598912
865280
4059008
2284672
1277440
1562304
1031296
871040
2839808
958400
1170560
992256
520000
3648192
1523328
659328
1760000
1239296
2482304
1011840
1075456
1258944
1527232
687552
4543744
962752
760256
1554688
2303744
1865216
3483840
3000832
656128
1535040
2650560
1226304
1616064
415808
611968
458176
1013568
397120
2337600
688000
3700544
2339456
549632
1840576
1483072
1552576
2275712
368896
741056
645824
1043584
561344
3486208
1421568
1006336
751232
892224
1577792
1548224
1579456
3862656
809920
5202816
322240
4449408
889280
1922688
2165056
804608
562816
1609664
1033152
928704
1623744
518400
1270912
1733504
3724352
1400256
4929728
2923392
564032
5646208
1698304
624704
898112
152896
1133504
992640
839744
4598784
1511680
2359616
1440704
866112
773760
678016
1643712
2498432
1913408
1534016
1246400
673536
848384
1648448
3731200
4697472
2342464
908480
1117824
585216
568128
1110912
1402240
2607040
810048
861376
992832
878656
1258944
1456384
994944
504832
3616192
667392
915776
2515200
2106944
3609088
1523008
4882240
3256512
642368
577664
265280
498048
369216
706944
825856
691840
1899584
2284992
1805952
469504
1430144
717568
279104
1177792
657088
1417728
1768064
722560
1354880
872000
1993408
772864
588096
450368
862272
944832
1441024
1087680
2915456
1019648
685184
1242432
1529216
2528768
1615616
664640
3847552
1882944
511808
607744
340800
620032
1874048
817472
1340736
1051072
5166016
977344
491456
749440
9145920
428736
900224
825408
2973696
6224512
1393536
2125312
1818496
292800
432000
1209024
1573696
2160192
919808
769728
2294208
560192
2003264
4012480
1567936
1009792
644928
1110656
357824
2241152
858368
1082048
1044032
1569344
1377472
2438976
1807808
902976
663168
851648
5470208
3658240
788224
981184
1372032
647744
366848
2361472
408512
653504
6612864
4854912
759168
335168
730752
540864
493952
678592
1443840
756224
446464
660608
566720
2197824
3404352
1712448
772224
555072
386304
1655104
1607296
200192
777728
522048
524096
1460736
815168
873856
607040
1541120
1363520
2449024
3427520
1777088
1019264
2087232
959488
574400
738240
754880
665600
1300608
1951808
1061184
2719296
1605056
1642560
3487424
1119168
1309760
1003264
516480
656192
290752
1380608
594688
556416
1109952
993408
1876032
464192
1808832
1357888
1272768
1630592
4874688
4336000
1060288
959232
382144
1237312
888192
1252416
1358080
950272
2693056
975168
586560
824256
625408
1663168
1765504
1730368
2549376
3355968
800896
1370048
5607232
2441664
522240
586048
1252992
586432
1172416
505152
1188224
3606272
492928
1157184
1102528
2286848
459136
445184
1021568
783168
2125120
492480
984064
1260544
1201920
3169664
1739456
1665792
1392576
962944
1234368
1490752
878592
715072
840000
1245440
3130688
4132736
224448
633600
576448
1784960
1366784
880640
1538944
907136
1768768
2580032
1706944
2142592
454272
529920
3245184
2557888
6216640
334400
1661824
845184
1860544
2286080
2952640
4124096
1229824
2841280
3611008
1364736
1409088
1027008
1012032
1306304
2117504
1875584
660544
608128
950720
2369408
4050432
2521664
4140736
455616
754688
1258048
1132864
942592
420800
1122688
618496
3513280
458880
1329152
1225792
2616960
358976
1066432
1519936
592832
819776
1460544
945728
621888
838784
3205504
984000
1054720
1795392
1754880
4408832
1945408
2427904
294912
1062976
1263040
1022784
646208
493376
1640768
1559296
1898432
1697024
1624128
1125184
208384
1470976
3965504
463744
779456
5137408
675968
708288
1394816
1149248
1267904
499200
475136
1273920
1600064
1033344
837120
743552
3023680
1508992
969024
7200000
986048
1436992
791872
2604096
2159488
872960
559872
746880
605376
1715904
1675328
1350784
1031104
970112
903680
1295552
296512
1644352
1474496
4528256
533824
929920
1739392
1337728
473984
315648
1194752
524992
495040
1687680
3192960
2992704
1149824
2756864
2261888
771520
1245568
823104
825856
1731776
703872
1198016
810304
1833792
636032
749888
803072
1551872
1796608
982784
2404672
5327680
1118592
1887552
1956992
343232
843776
704576
357888
1557632
1461312
1421824
1023680
936512
2588096
1052864
528256
804928
1495616
490368
755520
321024
3164352
594688
995520
5152384
1717632
1039488
2100032
4672512
1783616
1035136
605824
283904
726848
890176
359360
2800384
525952
1724608
960384
786624
1710208
953856
1965120
1602432
1138368
1106752
1222848
3837184
4638080
862848
3443136
1125440
3046976
2986112
496192
522624
1258624
667520
1266112
1415680
803008
2098560
3206976
1059392
648256
650112
830080
318272
868416
1237760
1204224
683904
2727488
2899136
1326144
998848
654144
1028928
531200
2333120
2054528
1607488
1813184
1031232
874624
527168
834496
5109632
3054592
2018304
1194048
321408
530624
594048
498880
2231808
2776256
2120512
1172544
2652992
471872
223552
2004672
5497280
980800
891776
510208
3273920
1697984
2029120
2604736
972672
674496
518464
621248
793664
1450816
1558912
811072
2060736
765184
1455360
4475200
1813952
1293184
3409216
1674048
2573312
721344
1219264
319936
341120
1281088
373120
1994240
1002176
735936
1318208
791232
4302208
1527104
2020864
980928
2804992
1072384
756864
1831936
4945472
415680
364480
1148096
584576
611264
921728
1520256
5734528
1086720
358656
869824
1268736
3889856
1010880
1398144
352960
679488
2855232
7751104
531712
650432
1259904
483200
414528
2518592
1533632
1067456
795584
686528
1014144
723392
813184
1531968
1484800
1981568
605248
1484864
424896
3839104
1504896
2309568
2974720
1077312
274688
2542400
554816
454080
610816
1652160
516864
676288
500800
573824
3811584
2498560
1929792
1063872
867136
363968
780032
819840
1929024
4485184
1954176
607232
2680192
517120
3282496
549504
4029312
820544
914368
1325504
1673920
2561280
886336
1418624
1457344
509632
994624
2072704
1218944
1964288
3545536
1066176
1196992
698624
3073984
2683328
1292032
1492928
469824
1475712
1469696
1055616
3629440
1330112
317952
505600
2416384
840640
1294528
226432
1786048
849344
1468672
1633920
790208
424000
1031232
309120
3199168
1391616
3846784
2073920
705536
4300736
748352
1026048
1062144
2186240
1860480
2070592
980992
1361984
1230912
2079872
2722496
537344
4121088
961664
1295360
448704
2367168
711680
852096
1321984
567488
570688
829952
1379136
721408
2110016
670208
2756160
1691520
2635776
1417664
3847168
3095296
1375424
702400
965568
2730688
1279808
862400
353344
538496
2186432
1393984
842240
655104
692224
3273280
1376640
636288
1059328
1106752
1983680
960448
1142528
798208
1564864
1456128
879936
3424576
1260608
793536
3718720
562688
693440
888064
312000
376128
996672
817152
3447232
1254912
1770368
2786176
608576
2807360
3123840
441664
877632
2065984
351040
2136640
3487296
362880
1544960
380352
1064832
2019776
1617152
833152
1247872
783488
5010048
1521152
1138944
912384
433728
732416
533440
753728
1075328
931712
1963072
412096
1400704
1272000
1356160
1356032
1658176
4000896
927552
2217472
1229696
675840
888128
928448
885440
1125504
421120
1322752
1801152
1877568
3015616
2684672
2340864
2011072
3533696
436352
824128
2425280
694208
290368
905792
322880
1147904
563328
1724160
1110592
2583424
1706240
2702016
1531712
480832
985600
589120
1482112
2809664
620224
278912
914304
3069632
867712
381376
1212416
1625536
4450688
6701568
696256
447424
307264
2229376
346368
708736
1725888
909824
1020032
677376
1151616
4637952
1368640
1778624
2489728
1906176
2082176
317760
850432
3942912
476224
852736
656064
1393408
515328
1282816
1712192
2607104
1309504
759936
1558848
1223616
2190720
3401024
1423936
375744
1805952
1721984
436544
2910272
5068864
1453632
617472
1674240
915328
2099712
2679680
894528
869888
1101888
1194816
604288
2035200
2889280
2242240
1429440
2073984
1374848
3072000
3785280
384768
420032
1632640
605952
1192320
688704
1150400
1277248
360512
951936
1243840
769088
553728
1029376
539968
1384064
2460096
3143552
819200
1282880
1633920
409984
1189312
775040
4537216
1249984
936320
639040
758912
1919296
4030400
5410496
1821888
997504
4785536
4228800
843008
995840
795008
790976
1156992
374336
2615616
433600
1254912
1739712
988928
2365120
707008
1213056
450048
1813440
1035968
1601216
1351296
1698304
4655680
2254080
4214656
3558720
672448
1294464
636160
1865152
827584
2537280
637248
2066688
1320576
777408
1534336
2756928
1365696
926592
794496
2527296
1803200
1539712
856192
5428288
3349504
859136
1469056
877568
1908672
398528
1179648
1472896
356160
1131456
1296768
1756608
2194688
4905344
2520704
4353728
2601792
357952
441152
1109312
379904
937792
1533888
788352
1435904
2048256
2487680
2526528
3035392
4122176
2924864
1728384
903744
1585152
607104
1660992
239616
1348544
874752
1441792
3205056
1880192
769152
752384
532160
1136128
1574400
1592768
288256
2386368
435008
375872
500288
823104
2421760
1129472
1242752
2037120
1707712
1123520
1716416
1294976
3165376
2445312
928192
4046016
738496
1634688
1752512
1813376
1513856
563776
1897152
695040
1300160
1324480
567936
1169792
756928
3211584
4486848
949312
542720
1912000
1870976
2601216
702784
407680
1974080
749696
602496
330944
1190976
1524096
768064
575488
1114304
2099968
1817344
908480
609984
1115520
688320
1608576
1115648
2534144
677568
1037568
949568
6090944
2001728
709952
785856
1040960
243072
1500224
2140992
871424
3908480
1292864
747968
707392
1756544
539328
2865728
911808
2622912
403392
2369088
2504768
3119104
1031168
1327616
2124800
836096
5306240
440768
1096192
1653824
1108416
431168
4124416
1066176
2097664
6427520
2989376
429312
528768
894144
808384
618880
739136
543744
1051648
444736
1155072
1748672
2990528
616000
661120
5389568
1914944
5033600
968960
2416256
212352
494912
828928
759552
711808
1497024
526912
2554176
2392320
1360256
4809216
1950720
2752960
270656
573760
647872
644544
1701376
2244544
1147200
2497280
1559488
1397824
794880
1588544
449088
572928
1001280
613248
1292416
2060032
1673344
941888
3414016
1951104
822272
3097344
1859136
1452736
816192
896832
2610560
766336
1591296
1293568
13391808
1646336
5316544
1117056
641792
609152
1000832
1155392
760000
1627392
494912
963072
244928
1088128
580608
626496
1013568
1563648
1342912
1015104
4094912
990656
1465536
3395648
1961024
5827136
2336320
898560
1960064
897216
368640
1321984
794432
2686208
916736
1308736
823936
794496
1547264
1511040
1784448
637056
935104
620224
1505984
1129472
2307136
1712320
1568704
2282624
1530880
1363328
3907648
689984
526528
917184
379520
746816
984512
1138688
618048
2010560
1037952
2715392
1985280
1906944
945856
975936
724736
1374336
493312
1012736
1608832
492416
682688
1194304
1080640
1594304
538368
1875328
984832
2405888
1140992
3220160
1958784
4248512
2625664
1981184
1409664
731648
335808
1847680
1701632
1137216
313728
512064
883648
1785984
667136
898816
1538432
1002112
1129344
1699904
2302528
752064
1213248
3632896
1347456
2617280
2861952
491328
3944320
2130880
1916416
468224
657408
1068672
4127488
1435776
1066432
1834240
2225280
405440
635712
2563456
1916160
678272
1538368
2262592
2912128
4725760
2228416
873408
854720
1843840
394048
1104064
509952
1498240
1239808
3063808
1384512
670464
2551808
3898816
1654528
544704
1011904
414336
3392448
599744
1976064
1189376
727808
1134272
701120
729984
1737280
1483776
716608
6185472
983744
1309376
595456
1136064
1317120
667712
2424192
2428608
1837184
1479040
1499648
3154048
1440768
8632000
4799936
548800
724864
637312
385088
801728
1320192
1231232
552256
382656
1702080
1810688
1095168
707072
748544
3675712
436480
1235776
1485888
1163008
1563264
1442496
626752
926592
2350080
766848
723328
399424
1594752
1325696
1030848
1372800
4460160
603456
1012672
1040896
1741120
1662528
1546368
1163328
2143424
1227648
668608
2859264
1187008
851008
3729536
1902464
1408128
1447744
513024
3478528
4462464
1933568
947008
1437376
2329984
3022720
1472448
2175680
780288
3435072
562560
378240
673856
603008
1597632
1565824
3627968
3453312
8532736
879744
1126208
855936
2187008
408448
1518016
1137792
6594560
503936
669120
685184
1245888
656768
1526656
892160
3291648
1183808
2622720
1229376
2381888
1750464
619456
447680
1322944
612288
1272064
567808
1316160
967744
1311296
1983360
1347264
399872
3260480
892928
1105984
1822656
1174592
1415680
506880
1861888
745280
1391744
1187648
841472
671680
672128
1486784
1929216
1334848
1383936
3100544
3112384
1978240
1656960
419072
706176
735424
1694784
1078976
1922368
751744
923520
680448
1535936
2485632
3151616
3137728
1628032
1144960
525056
908352
514752
567616
2100416
3695040
1555392
366528
930880
1992704
861056
506752
470336
1345216
1250432
1791040
511616
1407296
285248
1442688
1350016
1028992
1255168
1229696
415168
962240
1922240
625792
1429056
831808
2075776
711168
621696
1168640
707712
1814528
3621184
657728
1022976
1353024
346944
1573440
689216
2489088
2014720
2812480
1170624
2328896
2220096
510016
1320256
2187136
3608768
590272
544064
1344768
652736
843200
2906816
600384
3940416
1887040
987456
3180928
1345408
2884800
1388160
1363520
1326720
2246848
1619904
1752576
2729920
1027648
535552
1826112
1266112
1177792
3851072
1395392
1909184
3470144
1160640
817856
1835392
5323904
674816
3580288
1202304
1828736
953920
3236480
10676608
2422336
286080
1763072
7252288
7976512
2616896
1057152
1283456
8260224
9680832
7337344
2004352
10137920
4800640
252992
1525120
1143744
1085888
9860672
2223104
561472
4584000
1169920
2843072
1338304
629056
2744768
2599104
1158656
3090112
8118272
3568256
419840
1361088
903552
1512640
414464
2926016
2314496
1622400
3745536
2953984
755584
9498240
3112512
4235328
2803008
1110144
470336
455040
1422336
1686912
5250304
6240448
1577536
1271488
4545152
1714496
4991232
13631808
739776
2127424
10829120
374528
549312
5206656
725760
736832
939968
718848
3735424
5836736
388032
965504
3059776
121984
329024
1343040
6095360
2787648
19687360
4809408
1520384
352640
4584128
1809792
363328
1485376
524096
295872
411776
147456
521344
1510336
624320
1755584
1207232
2631552
1218880
438528
356416
836352
395840
1552192
712064
522240
528448
1110144
581184
3066560
897984
1544384
745856
2284480
3259136
9481152
4633984
1583872
230976
5873408
846848
845952
3881728
5499264
175424
1243136
414848
2341632
203072
10308288
1143104
1154880
800192
416192
1412224
183360
899648
3011520
9578176
2894528
2475840
5888768
1564864
228800
1285760
4342144
5662080
1617344
1241280
362496
4299328
2320768
920960
355200
751808
404032
9100544
396544
380544
2665856
177536
410112
6659136
247552
165696
1327168
448640
1049728
1603904
2760320
17604864
360832
2718080
160384
436544
3151040
1900800
560896
287616
686528
1244736
3524096
7385792
2310592
405312
492224
4377664
189376
168128
678912
422784
663424
1993216
4261184
1089152
346816
491328
456064
296640
581824
353728
408448
503808
547584
1173056
814272
2150016
512704
2510592
1472192
1418560
256448
1337024
382400
780928
3378112
4540800
1723968
500160
101760
695744
637056
1195264
4946368
1219200
6519680
1568704
626752
5706560
2413952
398016
4964864
770880
7104192
14298304
601728
2405632
243264
288320
7563456
2137600
1874880
331008
672128
5492864
1995200
1636416
165504
3623488
4443520
283520
1049920
3079936
275584
364352
605888
6155456
1201216
214592
2874304
880192
3299968
2630656
7942848
164608
607808
2388928
492864
368512
1936640
451264
6045888
5570944
125376
1203584
744576
608960
2019840
251200
568704
2590720
2210624
763264
752320
1807040
4435200
461120
5001280
46848
3263040
340288
3259264
1222592
341184
1182464
1420032
620928
931392
1426688
525760
2038912
947712
523968
445568
162880
2550528
2119552
1892224
939008
2021440
1139776
345088
442240
5443072
984384
3226240
410176
3660352
1326976
937088
220928
6525056
4441856
193152
9229888
207744
470848
630592
333312
563776
180480
980864
654848
642816
4343488
4431552
253312
2629376
8111040
668544
246912
263552
412480
3055616
1291008
407232
402176
2095936
711808
2794624
6302656
2544256
10891072
5304640
1526912
2785024
467776
580800
1705280
10576832
136896
332992
1590912
777536
1359488
163392
1572672
671808
288768
1533952
340416
1655872
449984
458048
474176
4608768
582656
956224
7135616
2372352
359296
13675392
1720448
1737408
89408
329600
263872
837248
3029632
966784
310592
441088
267200
604992
1073856
1282944
276608
621568
414656
8586048
305344
2206976
12383616
825920
2443200
912640
3950464
1433344
1046848
652864
353280
280448
1330112
652160
3267392
2495232
9238272
968960
250688
5401984
1731456
218624
1623744
1535232
494848
2355776
1744448
526592
698688
600960
1023552
1515072
2757760
5211776
8051456
4979520
1196928
4659712
383808
338752
553984
1764096
382656
672256
1298432
509504
194432
135552
269440
2846016
3010432
1906496
4511424
2055744
1449472
2180992
1246592
350272
1235904
332608
766592
5580672
2133248
2110528
361408
3143168
523392
519680
811840
591616
986496
899584
148224
2436928
1153344
495104
495936
243072
783744
1038720
552000
601664
921728
1803712
4349952
1386112
852416
1385408
366592
1623872
125184
663808
1790528
424896
345280
6258496
458560
371968
1685952
9409216
243968
13128512
1246464
142336
407424
697792
968320
623744
4023680
9467904
546048
1536064
1940096
628160
1095808
1297600
4890944
494592
3506688
143168
482240
495232
826432
468800
6824896
667648
1737472
1554048
1426176
3070208
1412288
476736
2013824
933760
1278080
1689536
1255488
195712
503296
1231040
3835968
11761792
959680
387776
3469568
228800
333952
1017920
6466816
647424
16795584
357760
832128
802240
1870208
449152
901632
585472
530496
700800
1349632
1012672
982784
491584
891648
1204224
1148928
2266816
3736768
3590656
810368
505088
1815168
2196864
795840
267904
1894976
1116608
352768
533824
2912128
248192
607424
3152384
862592
918208
2625344
639872
527040
1770688
879680
895424
277056
8392064
1774656
1276864
2127296
548352
200896
498304
543744
1656704
2558912
6440960
567808
2012800
5421888
4431296
313280
4199424
298240
925824
6059520
10397248
907776
627200
1264000
473792
919168
1113856
294784
118656
1388672
1181760
1380800
755264
826688
5452992
193152
85376
580160
1423104
254016
10750976
3499264
3928640
2552448
763264
4366336
11095296
574592
7488832
3883072
1219584
1915648
2499328
3599808
858432
1019840
483136
1775936
421760
439232
1507072
536064
599936
179968
4090816
928704
661504
948672
896128
1262592
768000
3348160
2065728
555264
1760576
331456
2983680
2150272
927680
621056
699776
1052544
1986432
1820416
3504960
1007040
2852480
407040
413824
162304
447360
6648384
416832
2834112
1755328
1691392
4902976
538240
668416
12060864
368576
530752
1605632
165952
754752
468352
969792
1028416
1176384
1548224
1061440
351104
4425792
1163904
603840
1937216
836928
656832
1091008
398272
359936
1256704
1280256
1835072
1507136
5391744
702912
1844480
2182336
898496
5228928
14975360
954944
2553024
683200
836928
301760
1412288
510272
632320
476992
1201536
3534976
1542144
873152
1508288
2384768
1151360
8281216
728960
527680
333760
1578560
356480
1511168
1271104
656512
2250112
6618880
1881408
387456
1456448
1023296
2119232
10099904
6286528
1996352
3108608
523840
978176
2017408
3788480
3630592
1308224
43712
582912
5362112
5566720
731392
611456
968832
357568
483904
1032640
2639808
446016
2489792
355328
6186688
2565568
477824
573440
2374272
442304
5214272
469568
711680
9529600
1905472
1172288
2087296
3010624
164544
1091904
1704256
2111872
315264
2919552
1151936
1632576
2658688
685888
1322880
1239424
1430080
707584
886912
467328
692864
186368
1280896
1180928
2010368
749696
601600
6781248
3773568
720064
1697280
308736
1590464
265600
707328
754240
734528
961024
741376
1248000
190208
3617152
1340160
596736
749376
2569344
1285888
2170112
945280
811072
1139136
2868544
731520
2666816
1208384
644288
265728
4305728
11568192
195264
7605184
1344320
806272
1911936
807936
1217856
2458048
7500160
2703616
430912
3026560
2060544
999872
1293312
2087488
1189376
1294144
1369600
1079232
890112
2327040
829696
928576
1127744
1890624
782144
924736
1798848
1681728
4603520
460864
3224192
344512
957056
803392
799808
900032
1075776
860160
1868224
1312192
1670464
51264
406848
1685888
476288
2610176
1598272
2742144
742016
922112
455104
458624
2342272
1097152
1045056
1349184
358272
1125376
885056
1179328
575808
1844736
458368
812672
2018752
1000640
2249984
2639168
297664
1357568
3482048
1781248
363584
1339840
2375616
1692288
1569088
1512704
131456
614912
2230080
402048
537856
850560
637056
2359168
762304
4804928
498176
1510336
622016
383104
734208
2266496
1434432
10758080
847488
4942400
3243456
279744
721280
1100608
2748288
666752
478720
1947712
1320832
2362112
703296
1025216
2200576
1779456
1307072
1680512
690560
308992
1286080
408576
667520
2132352
954944
1360960
1577216
356032
2726720
2191552
558528
623104
2574016
395584
698816
2835200
2691456
1301376
3404672
692480
7244544
1038016
2587968
1457536
10518592
1042304
5124800
1512896
756416
857152
219520
332736
1152512
4749376
1291008
2770368
4367872
1957312
1225728
4052544
1780800
3319168
2099648
1215360
1625152
1910528
3655232
5619648
3798720
583872
1237568
1204032
1318592
652032
758592
6602176
759616
1372800
3917120
924480
8846400
3316480
2444800
564864
1532480
802432
1574464
1231424
1949184
1393664
102528
7131328
1364800
460992
1735232
235520
810880
1357312
7040448
914368
754240
788736
4174336
1768128
763200
1511104
835968
270144
671616
7889856
556096
7320128
4447744
3009600
742208
764928
1925760
1327616
243136
2612288
359360
1611840
1021760
1066496
519040
682048
2048384
2039616
519744
4453376
712832
1207872
1794304
2368320
4305728
4123840
1224896
1823808
3205504
3603520
882624
2216704
476480
649472
7733312
466944
1263360
754816
1914816
4871616
597184
1482560
1109824
978560
1510272
600768
767552
681984
320256
897472
868736
538688
1011328
760704
930304
2200128
3151168
413824
1979072
2349632
2153792
565184
660544
616448
1196288
733504
1054656
808832
721536
1608512
549888
2488256
1048640
743040
663680
7250688
541888
1182720
1025856
967936
1145984
468480
1154048
988608
1701120
1779008
1792512
945600
1714688
987584
4693440
254720
2144832
2621376
2054464
2451264
343104
840960
1572672
2332928
2807040
987456
2894656
1830528
11006784
1302272
1124416
1048576
2586432
570624
1509760
595584
720576
628416
1627200
2467072
2518976
623872
8428736
494016
246464
916288
1873408
5131712
1279808
1680000
695872
685248
1125056
804160
3532928
4892992
2140032
2302720
855360
2131264
600768
1147968
604864
5654912
440000
665536
1034560
1088320
2747392
2233664
8386240
649216
1754752
604288
886592
2290816
8403008
1492224
4978112
1190336
898624
574784
602560
1916800
670656
1373184
1655232
781120
496384
1058368
2522560
593856
1325056
1353408
232768
1626624
3680128
2995008
2703552
879488
659328
1191488
943552
1605184
194176
913088
1344384
1009472
5975872
883840
2971072
710592
340928
4099328
488704
3723968
392064
1968064
7004992
479936
3221632
979456
833984
485824
1428224
1511104
1433664
2395008
372736
1891776
4477632
1725120
174272
418560
1773632
899584
776576
2624000
1364608
679552
4475392
5632640
562432
9946176
174784
483392
2375424
7170304
9712384
734656
898560
807936
492672
787392
1587008
1581184
662976
1216704
657088
2292992
247744
1910080
1663744
1247680
512064
5739968
905280
554560
1067328
1433472
2041536
1044224
2059904
671168
1311040
1096640
987392
1616512
2646912
3791744
3791296
1574144
4605120
1201856
576000
4899072
6886016
916864
2018048
1179200
1540800
7044992
459136
11462976
462464
2923648
1811136
519232
290816
488640
1009792
942528
381312
494080
1301056
741888
1376512
838080
2073664
838080
1699008
567168
608576
2252672
663744
2832128
572736
2249280
670656
1538304
782848
371072
2861120
2957632
1391360
747136
368704
719808
628096
2817600
220672
870400
759296
567232
1431360
798144
770112
2534656
1304896
5751104
1560512
4393664
213888
2848640
3040640
1490240
213184
657472
2583168
1069952
1602816
1514368
2735616
2783360
4801984
147072
418688
506496
1292096
930816
754112
1306624
1304704
490496
1230144
1429440
458944
902720
586560
1404160
1843072
2726400
2398272
2002816
2004032
807680
1115840
1883328
1058752
3912064
1329856
667072
1179648
975872
1453120
1321216
1023872
1128576
4472704
1685568
1036480
2181440
769408
7127488
4191616
963008
218560
4802304
601664
1429248
3302592
2393728
3298688
296640
877824
1330176
422272
1072256
1442816
635840
2644096
3837376
1293952
1204992
1267712
719808
534720
2646400
536512
391168
1725440
1020480
3864064
7920512
2462528
5824832
430464
659520
576576
1394560
712832
1711360
1642240
747776
643456
355712
799360
361408
900224
594688
1529728
427904
2653888
867008
1102528
3366144
2194304
1243520
2980800
567488
1531968
19037568
695424
1532160
1212928
935168
1372416
4972096
1162368
665024
420096
4364736
2409920
4551872
1883584
2533056
5032448
1095552
300224
573312
7771584
901888
1570752
1626688
1326016
582080
651584
2179904
270656
2733184
602240
2060096
1901312
1115648
252736
1323392
1484736
264960
4293440
4837440
11977536
600576
7394816
950656
485376
1776768
698368
273152
686784
3928000
7153984
274752
697408
3683456
984448
981504
1243072
914688
623808
1613504
521664
921920
902976
991040
793472
476160
1567296
2122944
302016
1299136
2982144
3947968
833216
800448
1660800
1178176
726784
1395072
458944
299840
524032
6406656
579392
716608
886272
934080
841792
3176512
5914496
1052160
2958080
2431680
1697280
2697600
571584
1058240
1791232
2373248
433280
7742144
933440
1162688
1540224
1596544
1989248
319616
1097792
6392192
345152
2262080
2639680
783808
870080
1098560
3093248
779200
999168
1976960
3806336
4792640
645504
843200
782272
1597376
3550400
908224
1952256
1612416
862784
951424
2885696
489472
770880
904256
1129408
1046528
840128
952640
421952
1913536
1459520
867264
740544
1424320
999232
1021056
835456
6038528
1509184
72576
2355904
632832
518528
269504
647680
4666112
527616
706880
1170496
1522176
1131968
495296
2129600
760832
3644224
246784
2058048
1014784
989632
3490176
418112
2594560
717632
1165376
1958976
187904
1444736
1111488
1296064
1478400
1481536
1292864
762624
738560
1737600
1870336
2145408
1836864
966784
1320960
1218752
5939456
3397440
568768
743040
906176
761920
813248
1332992
515904
808064
1465088
7123968
1136768
1354688
1271360
399936
643328
1931136
3214592
1057216
428416
3692224
1905856
2027392
608064
1284416
452736
3943168
636160
1921408
984960
257600
4755584
1558336
1080064
3006208
1793728
10709696
863744
2294720
1420224
1267264
1115776
153728
2992704
3253312
1246784
1692160
1545728
668608
856064
1014784
3786240
1212800
10264128
233920
1715520
417792
1129344
1395392
2302528
666368
1160960
2320192
3136512
741696
809728
809216
511616
848896
1037312
1258816
784384
1867264
2434112
428544
760000
3153728
1707392
1046912
814848
1352320
2014528
341824
1881856
373312
209664
2410496
961664
8030208
1080128
974464
1862144
3625792
791296
878144
503424
570752
533312
1231616
1341504
2930944
5995584
2680192
6920192
619328
656704
735872
997056
2542272
418048
654144
2188544
505728
153216
2418944
334784
582912
3885376
1761536
288704
1855296
363584
1759936
2609728
1324352
619904
2670528
882496
818176
305536
720192
4331840
383616
1424256
2057344
1460864
8449088
4151552
4091136
557056
5377728
795328
3083584
342656
482368
1086720
463168
1233600
1126592
2878912
2621824
2628032
669888
973696
2715520
6825216
5156288
2999360
1589312
1654784
869824
1000128
3883968
1266752
2140032
600256
2674048
1815296
4209536
1156992
873984
86912
212800
3375744
167040
1775488
400192
838848
1767744
1563072
836800
787712
1642112
785920
2146368
1906304
764928
5515072
478528
1293760
1684544
2532864
592064
1627136
7228416
1512000
1490368
313408
811776
2003328
3702784
361664
783488
1495232
214784
296640
620480
2589888
1471040
3816704
1219968
2268928
906112
260096
1841792
250368
642304
944576
1018240
631040
589696
1013952
774656
768576
630272
666304
1438784
1612672
1300224
1810880
2834048
508992
2584576
4940096
738496
6022848
2070208
518016
425536
1504768
490176
4412160
3073856
2496064
832384
1730816
1374592
1563904
612800
1239936
319104
611136
935360
618752
3574400
838592
419520
638464
1789248
7381888
2113536
365696
793344
1160064
1781248
2362816
1560320
3187456
565120
656896
599104
963328
638784
1686592
634496
1571072
2582720
828672
807936
1310272
2793600
1444672
1406016
356416
5950912
889152
1921472
2259520
1561984
2166976
2096128
1053056
1809856
1209024
880576
1920064
2611456
11445184
521984
240256
3245248
835904
2034304
1657920
2165504
5583744
3756160
2470464
2036864
480832
6720768
1063808
2606080
3929664
5112832
863872
2029120
715648
2124544
2692160
417920
1230528
1673856
495552
4521408
1690816
2250304
1996224
1375040
1990912
2526144
2538688
1524736
2179840
732864
1705728
2771328
4286208
10486016
420992
326144
4959488
389184
14417728
5033920
1536512
1472384
95424
1072192
639360
1524608
1212736
1305920
930048
1746368
3161728
4392320
4602560
4059328
5425536
1915136
1087360
1190848
1763456
1979456
2118464
2202368
1286336
334656
515584
1440896
1258368
1662016
1348160
2123648
1022272
512128
3941440
1049024
764480
912768
235392
782848
1357632
1613376
1060800
401280
1032768
1213824
1049664
1725376
1913216
742912
848128
518336
1267456
1502912
460928
628864
679040
1252288
1617472
530816
278848
540288
916992
1153280
688384
687872
669568
828416
2955072
703936
1771328
1013120
6823744
810368
1816960
3934528
441344
686400
704128
1210304
1204672
3135680
2284224
1903808
1402944
1085568
525184
1375424
1909952
3344576
2051264
207232
3288256
2047040
1945408
2045312
550080
4547584
816128
1161024
4333248
619008
887616
500864
540544
1880896
2602560
3342336
214784
5316736
1430016
953728
695040
477824
1101056
659264
1297344
1406976
10056192
913344
687936
1379840
1610240
7022464
1681216
4449280
628160
3585856
511360
920320
704448
1502848
1600064
4049088
3628352
2284160
3918720
1020544
1791808
749824
3511936
1103040
2596224
1415616
3450688
697472
809280
2787840
504832
2143296
830208
1718208
1127872
1450112
3371072
1458496
31360
1456192
2066816
1323264
2062400
3094400
88640
3551168
613824
401216
3524352
1209856
62592
879936
2163584
8710144
1059520
1680768
2191360
1416192
902784
1982016
828224
350976
995648
1492160
1716736
1368320
988800
1770944
1833408
1211584
682112
752768
2321856
136384
5548992
3493248
1547840
1565696
5719744
881216
567552
1135808
188480
7351360
2497216
1802560
36288
920384
1049856
1963584
1146048
1576000
2142464
2507648
2987328
591488
3699776
2856704
922496
3104192
654336
2143552
1559104
3450112
1550336
4456256
677888
796928
346496
236032
3220352
10621568
974848
1443712
439808
429120
2375744
1496256
838720
2696640
672064
734400
911936
1473600
5317632
2222464
322496
3545152
565504
744512
1076288
1259136
1169728
6385664
1301056
7890816
964160
308608
6831040
1142464
461248
523392
1939264
189120
1271168
501248
874624
672640
381184
998592
338816
1382464
877632
1881728
339264
1773312
1272512
1043328
1140544
1269952
1733248
2117504
4206400
1573376
686976
784832
1950848
213632
5749760
1365376
3884160
668544
6644288
3091328
392064
2220288
1412480
2102592
1210752
937536
1797952
633792
92544
350720
5864384
263488
375040
831872
832064
1870656
346816
996352
238592
560640
1853632
508224
1174592
688960
1105152
1251200
654784
725696
1196928
460032
2426432
1574976
1654976
6596736
581504
1315776
1364288
834752
734592
3937280
1357056
3543168
1785216
969856
1988928
349760
386048
2327488
83136
1762752
919488
1618496
790848
1486912
848128
2943936
2370176
2221632