11835904
18780608
27125056
36102144
29999872
25543552
40923840
25924864
40989056
43981632
53214208
48245504
36356480
19665216
22197248
18292608
21393152
5650112
24958784
19527296
11199744
21965056
17752064
16566080
10504640
16957120
9026240
21378752
8173312
11134464
18872832
10631744
11330368
11493952
10827776
10602176
8596480
12592768
8627648
12527872
11531968
6409856
16626752
31236096
10127744
4234432
7241984
16291648
12642880
8270272
14172224
17646976
10993408
10103232
13216000
5391488
14288064
5044672
3493440
4497728
4373824
10919552
4748992
9859328
4454848
10717120
7290816
12552000
14966016
7694336
4526464
4905984
5214464
6623104
10587904
2909504
9448064
7447552
6528000
5469120
11097792
6176448
6679744
3074112
6945536
6334400
8217088
4121088
4230976
5212096
5353664
10007616
3966336
4220608
4240448
12622528
7822976
16282048
10517824
5916928
7833344
3865216
12251968
8439808
4445248
7312320
6996288
2654848
2500032
4899200
4419968
5348608
4587520
4106752
8254080
8470848
4787072
6971392
2934208
8240832
7037248
9516160
10317504
5931712
5800256
1872256
5741696
3061760
4542528
5622912
4048960
10913024
5778176
5261248
9193984
5315968
5387008
1615936
5150208
7496256
6777792
2512448
3478208
7112832
2164544
13075968
5633664
6589056
6244288
3569472
6914944
8553152
2064256
2088832
2050304
4618880
3842432
3099264
3514240
3595840
8548736
2622528
6564608
2836224
4355584
3213312
2469760
8243584
3461440
4917952
12236544
12952832
7557184
9394944
9300928
4999744
4392320
8785280
3846464
4254848
5658624
6506048
3857664
4454848
2334912
8147392
5305920
2017088
4453248
6088064
10701440
6126016
3070912
4884608
2577280
2599232
3816512
2965504
2488192
2947392
5279744
6570880
8514880
4536128
6880128
6370624
5726016
2566528
2153088
3468672
1460608
2783424
2892352
1697664
4122432
2359360
5204672
2100928
4425920
5378496
4338368
3886080
8803392
8401408
1751552
3845568
2434496
5018048
9202816
3509120
7906112
1236544
6420160
1196800
1978432
6647744
5149824
3797248
2932096
1215488
1797248
4829056
4400448
6057344
1039424
1620800
3590720
6510848
2189184
1909568
3748480
2585920
6097152
2187840
3649984
2042432
1841920
1553280
1966144
3582784
3852352
4982400
3718976
7438848
4471616
8598592
4014464
2066752
10875392
2339584
1292672
1406080
4227584
2275008
2020736
5419392
2707712
3657856
2085952
11379520
1225472
2591296
1753280
4352000
3295744
4902272
1808384
2055552
2124224
5584576
2292608
2415424
2278784
2271296
3701184
2845888
2356096
5332352
3410880
4028544
3493184
561536
3810304
4486016
4120064
2727936
8755456
3394048
4455424
16318464
1889664
2945088
2841088
3123904
1293376
3244160
2118528
3226240
1149120
2213184
2788096
2907328
3098752
3136832
1758336
4244224
1299648
1457216
4635136
10619072
4297664
5663488
4504256
1836544
3638784
3569024
868736
2020544
1489664
2672000
7551872
1202496
1040896
4360704
1315456
1649792
4690240
3137856
6170240
4841600
10416192
5136192
1255552
3463488
2162240
5706240
1121280
1820544
12709760
3581184
956800
2349824
1173184
2142464
2153152
2048768
6059392
2280512
2123776
794944
1222592
1747776
1720576
5233728
3303680
1363520
2182336
7489984
1769920
3180864
939968
1983552
1326976
1339008
1686592
5374976
4540992
1619584
764032
2688640
1400768
1475456
1410112
2603648
3191488
2456960
3879616
2425664
1518592
1189824
4054080
2020800
3102016
3255680
4163712
3214528
13822592
5296640
3235072
1096320
924032
1114304
2276544
4894592
5920064
2397120
3670656
1804480
2513344
5535104
2879680
995328
1854336
2471296
4630912
1513216
5809664
765120
1427968
1757952
2947456
3490752
2881920
8219136
8016576
6537088
2272576
894912
4064128
901632
1543040
1568640
4775616
3946240
4128064
2038080
1860160
3767488
2992576
3520000
4569984
4046912
1002752
2922240
4010624
4245504
1274624
1382336
3337280
3132736
4715264
1727168
2875648
1891264
1960832
3507584
3215680
1749504
1101312
3398784
1728128
1430400
1898880
4373120
7269120
3315840
2508224
7286016
2410624
1726080
512320
3478592
1581312
1829568
1067648
2057536
2782592
1211712
812736
2070016
7196480
2756288
2572352
4895104
1693440
1704384
2368768
859648
1117760
3774080
3311616
3409984
2687936
2662848
6540608
838080
2344128
3444032
1041600
2654336
1011712
1944000
1743808
983104
1833792
7611456
3424448
5305920
2065920
1340928
5538240
831744
3921088
1879872
3238720
4311552
2571904
3628288
1327808
8880576
2095872
1773248
2367808
2907200
967360
2456384
1633664
1285824
5281664
1008704
3297728
1618048
1772480
1484096
1991808
1159936
3584320
1907648
2630720
2385344
3194752
5564800
465664
811904
3810624
6146688
5060032
5026624
1942144
3899072
1856448
968704
3226944
1514944
2385408
4748928
3160512
7293248
1649344
4442752
5380224
2883072
12016384
4885760
888448
1520256
2594112
2753024
1120896
4475200
1442176
2576896
812864
1781568
9011648
2378304
2629568
1453120
2068160
2493760
2270464
1371520
1165312
667136
1225792
876800
1055424
1862528
2119616
3188736
4273216
5076096
4994688
1490176
9092672
4099968
10611136
2792320
2224640
814592
3975296
523968
621568
1053696
851328
5938624
3736768
2956480
1450432
3212160
2151744
1365376
5084992
9935296
1259904
3156864
1082688
1470400
4063168
1165888
810752
1532352
2394048
3893248
3474112
1611456
7510016
2678848
1062080
910400
5083072
1234368
3540224
3718912
1513664
6799296
2411008
3724288
622720
7300160
3011008
7326144
4206720
3199936
3344576
2188160
1731456
7703360
1463808
2408064
1567872
1746496
1820096
7749888
6644032
1447424
3608704
397824
3333952
1807936
1241088
1363136
6283904
2815488
5563136
1081472
5572992
555648
1059456
2999488
1793728
1117632
978176
1734272
2600576
5182592
1447104
3111424
851840
4039488
3036352
843456
1578112
1012608
1220288
3749824
3743296
1600256
6726144
4942656
7059776
2203328
859008
1692864
1696448
1658624
977536
981184
2360256
3109248
5813632
4544704
4737024
1352192
949440
5200960
3608192
3297984
1225856
1905664
7788800
1090112
788608
1467328
2430656
1044672
4813440
4737856
2833472
9161344
823872
1505792
3192768
1250496
2547840
3868288
1982016
1370880
2273920
2159424
2186304
3055552
1275392
1630080
2088128
2923776
2477632
2290944
1431040
592320
1364928
684800
3952704
4664384
19216704
1349312
3255616
1249920
1582272
1627648
1373888
1443264
2564160
2050752
2557056
6394048
1387712
2960512
5695168
2200576
1907904
1097152
2928064
2140224
5561600
1472704
1047488
857024
1240896
2376768
1634816
2340288
5533504
3402624
2571008
2191168
5930752
9376832
8193984
1216640
1769024
4083328
4489152
1303040
1377024
2031616
792256
4236608
1320064
1404608
2857664
6440576
1636032
3309440
6693248
1550208
13453952
1415872
1215808
526720
2550400
1370048
3231424
2956672
1891392
1019840
1860800
1563840
2205440
3806144
8369536
2180416
3659328
1730176
1278528
6429120
652608
1864832
4403840
1751232
1450944
5902592
2588160
1863424
2904320
1431360
1293568
3020544
3501952
2900800
1343616
1019264
785664
3474688
4275072
792576
914048
2314624
1481472
3091200
1721280
6923648
5537024
1331328
1851392
4471296
1875328
3497280
3501248
1505088
2948672
1097920
2454784
2096768
2695040
2827328
1501120
2023168
4284096
5586112
2257024
5433344
2603840
2130304
1115968
4491264
2921280
1620032
1814080
1742720
11674112
9029248
1477632
1179072
2183744
1444928
1660736
1771904
6065088
2090688
376704
1152640
2569536
4639104
2596736
1014656
2455360
1296128
1485632
3484160
1077504
2681152
3093760
2186624
2769600
6748608
7784320
2580544
776832
1050944
2555008
2080320
6515520
3413696
7963520
2572864
2400320
2153728
11272000
2646272
4335680
991936
6289344
1434368
2467136
2373696
2172992
1617600
3517888
2355648
684224
1052288
2690944
4834624
1839040
12531328
1251520
3520384
2170240
1534272
2672640
1445632
2227456
2335424
2958016
1809152
3774016
1902784
2422784
3619840
8307136
3428928
2526208
7016448
1056896
3708736
2329408
1020736
2794752
2369920
4538624
2332160
2041600
1336512
565376
1539776
2173312
3596352
3114688
1115136
1184768
3776256
3039104
1966976
4784960
2632064
2183040
1392704
1204992
2711424
6654528
4664704
9239104
1108608
4314944
776064
2575360
2657024
10009920
2607616
10787456
2811968
5463936
1352960
2482560
5357312
4187456
1621120
1350592
1133312
3151552
537920
3786880
3340800
2985216
395008
3090752
1128960
1163904
1585856
4790784
2932800
8067968
5372224
599552
1475840
835200
3620352
1842176
1784896
1108864
1917632
5257600
1213376
1243904
1207232
1896000
672064
4105472
953408
1973184
5214976
6158016
4340544
10330560
2251392
4093376
729408
1653504
1384640
7043328
803776
1356480
1709248
1665856
618304
5792448
1249472
4130880
1432576
1223936
897152
4063040
4069952
6103552
2567296
1219136
1706304
3286464
3986240
7425536
3520896
5120640
2830016
3037376
1166528
2672576
2378368
2541696
2434560
1247808
6522240
1130624
1438016
2865088
924160
2813056
2566784
1447744
1046720
3037696
1784192
7227904
1083456
1930304
4106944
5821440
2991488
5568384
613376
4492736
4489856
4955200
3599808
4882432
2490368
2836160
1493376
1651328
3481984
3744832
1441408
1423104
6897216
1268864
2986560
7709440
2263488
4808768
8128192
4311808
3500672
4775552
2730816
1187968
1029632
1607424
2049984
2804864
4361280
1855488
4883840
2075264
3360960
2253440
764928
780288
799232
1254912
8878336
2732160
652928
1253632
1314048
7837952
3056192
4195328
6352256
2962752
3393280
701504
1764864
1317056
1587456
1439936
1445248
1473280
2486336
1436096
6521920
3781440
1854208
5037952
7260032
1135744
2958464
944896
3278016
2188160
3015808
2301056
9233984
1998976
2654656
3557440
602176
894080
1361664
581952
2005248
2443776
4986688
2497088
2278848
5389952
2804480
1510784
2314816
1087616
1754688
4913216
2869376
6333504
2601792
3583616
994176
3473152
2136640
4808704
3633280
3572544
9219584
1373376
5638144
2873408
1537728
3682368
1634880
3386432
5119552
3200256
4380864
3160192
2339776
1799040
1614656
3006848
5801664
2144064
830016
1354560
796480
1254656
364864
1422144
2380416
3383680
5344256
6435072
6817344
486528
1067264
1823680
1477760
4128064
5441728
5311616
7534720
2026688
1864320
1665216
2595264
1216128
563904
745792
2523584
3980096
3593344
1564736
1875904
1269760
3045568
5375488
3198656
4975552
587776
2983360
2585088
5378240
1510976
776960
5129792
1992640
9823552
2167232
8373376
4008000
9242240
639168
1866944
3513600
4112704
347648
334720
368448
2356800
1070720
3124480
4091776
5152192
2123008
1095872
1632384
5911232
5388352
1107136
4005696
767296
1486080
2188416
3680768
2551040
2351552
547904
2443008
1720704
735872
3372864
3711744
3268544
2435008
6808000
1826176
1573248
1500992
695872
3097280
7153920
3683968
7257088
2787072
8953664
2219520
3130432
366528
1445248
3760192
4429312
1983232
4201792
1255360
4445696
6718016
1443072
9273984
4201472
686656
5063488
3416256
4060544
1147520
2580096
1387584
1240256
5601664
6104000
2481792
1237504
2135488
1759040
1052480
1308928
2418432
3317184
7799360
8559680
378368
539968
1789440
2692224
3626880
2615232
2568192
8587776
10094016
5520448
1266880
1199360
1279744
2218752
701952
3165632
874176
2913920
5825728
2108672
2251904
4955904
1191360
2588928
2795456
1371456
1327552
1380736
2037824
3369536
3018560
2010368
4502976
1929344
4978752
2353920
3371200
1225536
1129664
1974336
1561600
1137728
2230528
1873536
1967872
4881600
2308800
1741824
1670144
4243584
1684800
4678720
3562112
1907328
2030080
7950144
12751552
3796928
1779520
888128
2059584
4446912
4926720
2151872
2096128
954944
3414592
5221696
7546560
3232064
1077568
1876544
4041024
2548544
467968
3805824
1363904
1894336
2887232
2186944
2218880
2046016
1374144
4369216
1582080
1127296
4393984
3963392
1451328
3553856
811136
3187264
2106048
1314496
2922560
3056000
1283392
2748544
1057728
1278016
1366464
3471872
3418048
1695808
4043904
1692672
9831296
565312
6107648
2924416
953536
2712960
3174272
1804672
10066048
762240
1074304
1606912
4311168
2654592
1663360
2608064
2007680
3896192
4076992
2134272
1227264
5074240
2980032
2354304
1594304
557888
1617792
2230656
6073280
8409280
693312
1134784
2047296
1107392
1932160
625408
1115008
3426112
3536064
5647296
5202432
3288448
7233216
1413056
2444352
699776
1505216
1638912
1530240
6414144
4417344
6312896
11083008
3820032
528768
2244672
1576448
963456
1553344
2599936
1832832
3867520
964544
768192
2044352
3698048
6232256
1992704
5581888
2452544
6979968
1419328
3681280
1640576
923200
1795520
1536832
2909760
1207872
2333120
1193984
1680704
3893760
2477376
4430464
5927104
4629248
1986816
592064
1440512
418176
2940480
2613696
3648704
5354624
4683584
5577088
2887936
796544
3287808
817664
4460544
3888640
1462400
8674944
1035584
3991040
2473280
1848704
3661120
2391680
3347264
5421120
824448
3592064
1597440
1751424
585600
2512512
1476288
5125824
10353984
8640384
1901504
1557568
3257472
4732608
369664
753664
2824896
2335424
1554624
1897408
3308928
1770688
2683008
2150272
6907840
3120768
1908544
3364032
627392
2681344
1385856
4695616
1515520
2297024
7317056
2074752
5357376
2384064
630016
3654528
3532928
2955008
3684992
5193152
6925760
8252672
4786880
1343424
614592
3673088
1520000
2122304
5360000
2452352
3412736
904192
797440
2233152
1155328
706624
2266880
3088832
841088
2536192
6758976
1420672
1404288
956032
3641600
4920256
5192384
1764160
7792000
4719808
2185152
13453888
4291392
3692096
10087104
1402688
2639808
4575936
599488
1679808
2352000
1010304
1736512
2887616
5958464
4438272
1877952
4865536
5147840
3872128
2495104
6201984
1360448
5300608
622784
8330560
2819392
4174464
1703872
2735488
2192512
1351488
1962176
1436544
2748288
1000320
2843648
873792
7981568
10023744
720704
2762880
1401984
1236736
981568
1812864
1279872
2312192
2508096
1269952
884736
5125952
10380544
2172032
12153920
2292544
2277184
1205760
1976832
761792
1661376
937152
1302784
1791808
1203328
1576384
1268224
4773056
585408
11753536
3300864
778752
1871296
2124992
1486400
2919488
2531648
7712128
5705152
1666816
1445312
3573696
3382656
406208
1157440
3179712
4660544
4656960
1708544
1325888
623232
1900608
1540224
2015936
5074176
1858560
2781696
11612160
2190976
2227008
1079488
10564352
1325056
787136
2271360
3343168
1386304
1559744
5276672
5779968
2080704
2430912
2873472
3392640
4412352
4070336
724608
836608
1534400
2197824
6543488
3357888
1723584
4017472
1692608
2339584
1407872
1861376
3260736
1241600
4386624
1776512
3622016
1546048
4064064
4822976
3842368
3202624
3479936
2696704
1153152
4000512
1747072
2006400
3249408
5316608
5074304
6711616
8173504
1944960
1211072
1331520
2244544
9166208
2501120
3054208
5560064
3032384
2801792
1421248
1672896
6309120
3830208
492992
595392
1159744
2473088
8372672
5748736
3748480
2994752
1862208
2994944
2640320
1081920
2574272
1173568
1345856
1987648
2373888
1350208
2430912
1090176
5670208
9529664
1156928
2541120
3993728
833280
3327168
3939968
1537280
4686016
1066368
3043264
5467072
2671296
4082368
4017344
5686720
4727424
1748352
1152384
5003072
1973632
2132480
7505088
1735232
2594240
2558016
1235072
1663232
950400
3034944
7550464
4640960
5476480
709248
2355392
6498304
1829056
7997824
3085888
4944000
1440576
5967552
630336
4145024
2740352
501568
1433216
1815232
2514048
4173568
4356864
5344832
3388288
869120
1333440
3225088
1720448
799680
1132992
1769152
1805440
2308352
3623680
3906176
8184128
1484032
5622208
2767040
1569984
3146752
872000
4659072
3628608
3017216
2023744
7757440
719744
1507072
1587840
2404928
3756800
5882368
5709696
2867008
1213056
5452480
3043520
1117056
4110592
1566464
3536448
2450048
5908672
4521216
1348544
5413568
1366336
2164736
2440320
1944064
12164672
1944512
1011136
1389632
656640
2904256
5833536
1749440
5699776
9811968
1613056
1345408
2917952
5121280
7244160
3127552
1487680
556544
3039936
3407808
7134400
3003520
2358528
3360320
2438144
5581120
1964800
2599488
3050240
5642432
9326656
2008384
2385920
4946048
4235840
1086400
951488
641408
1762816
4255104
982720
1907520
1844672
3596928
4980928
4742720
4195584
774912
1523072
5421824
1351936
2424960
3084992
1275840
5945792
5292800
7159104
1216256
5509184
5031424
1412928
1433088
2482944
4622528
3353536
523840
1228160
1327680
8587072
5133056
6025536
1105216
943232
3159040
4280448
10656192
3252288
3127168
1967936
737984
6896896
3976064
2100096
1026688
4614720
3090048
1610048
1431680
4142784
4856320
7120064
1533760
2604608
3242368
5826880
2701248
1204608
1472896
3770560
2100032
1070400
2428288
5225984
3752896
2737408
2240000
2423488
11087296
4408576
7560128
1426688
5640512
1837376
1524800
1744256
1225792
2187008
10783616
804800
935296
1257472
3331584
4214592
4440384
3165504
3104064
1152704
3834880
2354176
1707072
5363520
5051840
955136
6951424
17915392
1643520
1717056
1109120
2023296
2390016
4300160
2011712
12158400
721088
2033408
2953152
798976
2273728
1845120
1046528
4434240
2348416
7936384
5200576
9821760
2601856
2503296
1888832
2725376
919360
2364032
2294464
1668800
2128768
1865600
1426624
2744640
1357696
4606464
2486592
2443648
5196544
2227648
534656
1328704
3499328
1444480
883200
1097280
2975232
2252544
2546432
4419072
5055680
3808320
2982144
930304
1634048
3985024
2938944
1426944
3547648
863040
5221824
3500544
1955776
3486528
1757632
3446656
10376064
7619584
4315840
8729216
2170432
1537472
424704
1102400
3533376
2624448
2191040
2281792
3067776
1757952
825536
1063488
8006208
4750016
2500480
4970048
1345152
2195072
2853184
447680
1990464
3525184
3032128
3481280
10856704
3692928
2756096
834240
537600
2739712
2308992
1033664
760704
648512
1338624
3700608
4002560
6954368
4648064
6378176
4149440
1594944
1013952
2370688
2560896
2265024
7183680
4457920
2840128
3091968
14168256
2168448
718656
1651456
1326208
516992
5284864
1476672
6787520
4490304
3287168
1838592
3362688
1608832
2049408
1166592
2953216
907264
6180288
4651200
1946560
1101568
2688640
4209600
3273600
2037696
3432704
1584256
1247104
3915648
800512
2227968
1947968
5678144
1619520
4030464
4137280
366144
2489152
2418240
3798848
1308544
4644032
3988288
10882752
4338880
2436352
3244096
4370752
3781568
672128
835584
2144192
1256960
3785024
8972800
2891840
3317632
10790912
786304
1422720
1334016
379904
1020224
595200
1305600
2070080
2589824
4956736
6525120
5651520
3238656
1544896
1840128
1626240
5399104
1377280
2509504
4314304
12093184
1973824
825280
1304512
1024000
1601792
862720
1530304
6587456
6878912
3680896
4629632
745792
1269056
2353216
3818048
1871872
1670656
2947392
6464512
5113216
1821056
1915904
2115264
2974784
2793856
1516800
903360
1274624
2367168
6566848
3375360
7443008
9132608
2707904
2166400
537344
534336
1035328
1416320
1572352
5211584
3457856
2957760
2989056
1876352
2101952
1953024
1329472
2768640
861632
870784
1614976
2860224
1653056
995008
4575808
3625024
9559680
4730496
16941504
5864768
6067904
2238208
3176768
3690496
8700864
626304
5335744
1021184
2428416
583360
2226880
1304832
3120704
886208
1962432
6469952
2120384
3413568
1074816
11561024
3594432
1578624
2076864
7199232
11706496
2973632
2363264
1572736
1255936
674816
3957888
1636032
1102528
2532992
2198080
3517824
3198784
5030400
3420096
1760192
2078272
2999104
836864
1535936
1348160
2379712
6289792
8565952
2791744
14116544
765440
3888064
2209728
1628544
6292736
1839680
1572736
1122048
1013312
1805440
4087488
1529088
4662720
6635584
1760576
2924160
1421696
7486720
5464576
6615552
450752
5686144
9632064
3193472
1384768
1924992
3440384
3902336
4990528
747904
1716032
1957440
1182976
1447168
3152128
2209472
10621184
938176
3211328
12873152
4105984
1230912
2417536
6822400
7933632
1788288
3299072
3672704
1531264
3384320
3926080
2859840
2182272
1030720
3012416
1277312
1556032
3292352
2294080
2058944
2747776
3667648
2347584
6879808
2130112
1392192
1321216
818688
2599232
1486016
3869760
1389184
7888320
3295424
1709888
3799424
2686464
5267776
1612288
1533760
1904256
1598656
564608
3108736
2684480
3319104
5030976
1173312
5350400
2910784
2149952
9549504
9525888
7968320
9291136
1266240
2028928
3389952
1672192
434688
2020544
2665472
6174592
3183296
4625920
3284032
2570688
2360320
1336192
2076608
6006656
1733120
1037056
2131328
4305024
3344064
1899328
3637888
1214784
814016
1157440
2210816
5870784
2281408
3174784
2667072
7350848
5395712
11572032
1321280
1711808
1488704
934336
1252288
3507968
1593216
4590016
1596416
4881920
2493248
1591360
3890752
2379264
1001664
1885760
4614784
5445824
6135488
969088
1734976
2172608
1459456
3306432
5531200
3355584
1948096
3838528
1054784
3803840
268800
2572032
2004480
1939136
2431488
1272704
2995392
13079424
8724608
1365056
1760000
4986240
1406400
915648
1856640
4341504
4293696
3453696
1154880
1375552
1458688
5470336
2898368
2138752
965312
1722496
3997632
7005696
6488064
5781888
5314816
1779328
1046912
801216
1551104
4974592
3464320
6191360
4558912
5698496
3870592
1327616
2012672
571392
2363648
2441600
6771456
3177664
4343232
13584512
2052096
3089664
2090176
817280
1510400
7225536
7695296
1022144
3795968
1343232
528704
469632
1720512
7681728
3503488
1848256
4128000
3674880
1703424
6318720
663808
2584448
1397120
1648704
4208128
4161728
4112896
1382720
987712
1807104
2069568
2306432
552704
10258304
1594880
577472
1466368
2681536
1880832
2910720
4124224
9371072
2007552
819456
920960
4293376
936256
1792128
908992
4465792
4497088
1506688
1488320
2690432
2201664
2841472
3719360
3492480
3640256
9191296
2316288
1642624
5396736
8354048
3526400
1036992
3050432
2321728
3393536
3364736
1521408
763136
1371328
1655296
1766464
3633920
10191488
1639360
1850176
3846848
3291008
1154816
10189056
1734528
1470848
2240128
2966656
4364352
8750016
1781568
8595456
2431552
1417536
3932608
1297344
5919552
1287104
2743936
2666688
2279424
1499648
3397824
7132672
1842368
3855744
2129024
602496
4317184
4208128
8761728
1992128
3249216
1096384
3139840
1661952
3920640
782336
891968
1877376
6539456
1379712
2332992
6819904
10457408
3126912
4154176
3570176
3860096
1906880
1972160
1514048
4105408
7796032
4432960
2475840
2545408
504256
2987456
707840
782720
5459008
1975040
2221248
1001024
706176
2756672
4126720
5952320
2803712
6914688
6647168
1611584
4565952
1092480
3634944
1226368
584384
6336768
915712
1417920
5544192
10414272
1706816
1059648
2770688
5430080
1121792
1510784
3497024
14879104
5956032
2474432
1889728
9784704
10204992
4264512
2316864
4025472
675008
364544
1071552
2182656
2747584
3394944
6400256
1110784
3948864
1880320
4931776
4825280
2661248
1048384
4221760
499648
2728576
1154240
3459584
3264000
784960
2401472
1988480
5358912
5541056
4484480
1026048
6174912
1316416
681536
2305984
2769472
11605184
7486976
3621120
3361920
754880
4436288
773824
1279488
4363904
3737472
4760512
6531840
10177664
2519232
2205312
2130816
407744
615744
4182144
4822528
10062592
5579456
1313024
1453312
1997120
947968
2003648
1690176
2039040
2014272
6419392
2324800
1814784
1459712
3631424
4130688
3240128
3166912
835008
2630016
1063744
6055168
8547840
6252160
5587456
2289792
1001280
2119232
2904320
3763584
738496
1578240
1573888
4194816
7199104
12804992
9606592
3706752
1901312
3175808
9816768
2245248
1325760
5811648
5492736
2734336
3949056
937664
2035200
14527296
2578688
554880
803136
4086784
1209216
3661760
3303744
2608768
2323008
1953536
2194880
3102336
6711040
1857600
2006080
563840
671424
930112
1318144
3802880
2658240
1580992
1633088
2870784
1584768
2096384
4837440
1166528
415488
2497408
2942016
6658112
2052160
520320
3170688
7174784
8155392
4583808
10175360
1741824
1417280
544256
515008
1193920
2729792
823872
1107968
3485632
4355328
4301952
4325056
5098880
3208512
3084544
3200256
3691968
7195584
2716096
2342336
1194880
5687552
1800768
1577920
5556288
4059456
1132928
1612800
1731584
2762688
841280
10300288
872640
587392
6953984
1000064
3962880
3529984
3783040
4028992
3552384
2870976
984320
4587520
2576512
2384768
2197760
3116480
3118656
1097152
3967424
1995392
779840
3367872
3755648
1484288
4010560
16785152
2593408
5350272
622848
1388544
1108416
1702016
3822016
7553920
2253568
660928
1929088
2715584
1741504
560256
1782080
4501568
673024
1381760
7675840
2432512
3595776
3058240
10591168
1975808
1579776
2539520
1087808
3872768
2360512
3108800
2092032
2166656
540032
2985600
2717696
7677568
3463616
4259136
4584832
7640256
7092672
1523136
345280
11567296
1806144
745664
4423552
3307904
3047488
8424256
2827200
2238272
1556352
294912
898816
6397952
3391680
3806400
1171648
2246528
1251008
684672
868352
3883968
7619712
2573184
1874688
2234624
5584832
1425664
758464
2378752
1860928
1165696
2999616
934528
3140800
2139968
3736448
2493760
2544128
7034048
8726784
1713856
3671104
3891328
14438336
6432448
988800
1130560
2319616
2963968
2216896
6240896
584768
4217536
4631808
1804544
10678016
2282048
881408
768448
1647424
2441664
1863936
4847104
2675456
3598528
2488000
1118016
2480960
1544832
1424128
4918400
854720
1648384
6659968
3559744
7642880
8535296
1103744
4631104
609792
1305344
2327232
2854976
2550976
3662144
4997568
6586176
6014528
2833984
464384
2324160
987712
1935552
2125696
1679424
1767104
4464128
3433536
4491328
5718912
1365696
3627584
2852672
1298624
390336
2730816
2121472
3418240
4099584
4565248
3020224
2704448
2675776
717888
1576000
11049152
5295808
917056
6411456
2639040
8093952
2338304
3044288
1460288
2593088
2238976
806080
2238336
1652416
1555520
5011968
1589824
5475840
986560
3842240
2153792
1577728
17665664
4742720
1200960
7205248
656320
1463488
1827520
1531648
5292480
2402368
11975104
2691072
3248768
5181440
1126272
2488128
2296896
799744
3165568
3729792
891328
1378624
8822912
3533952
1289408
8611136
5636608
3927680
1954688
2241472
398080
394944
1120704
401856
1152128
2131008
767424
4958656
1802368
1624064
4755968
1944640
3420288
3409216
896064
8193792
3707008
2763584
1886784
7398784
2762560
1013504
2014528
1741632
1132672
4644480
1296000
9580544
538112
2051584
7045952
466176
2939008
1259584
1777152
1853312
2877312
2059904
2526720
4096512
1583488
2120448
5664064
393472
394496
2170432
5340608
925824
1689728
6844800
7909504
8091008
9218048
3299840
606784
1476608
1399488
1800064
3931008
5827904
1400384
8141248
1600704
1334976
1061952
3131200
3390208
2109056
1711488
4510976
6321728
5457856
2798720
4515584
4819712
5176704
5154880
990720
2188416
842688
2161472
2868608
4212352
2863104
1549312
1257664
7281600
2618624
600064
638016
5220800
3398400
4180416
10830656
763904
3908032
2448512
640448
1080384
2751296
2181312
2881472
390976
3157504
5980864
2063360
4782016
2193856
5001152
1937408
1983616
1751232
3873344
18131584
19607808
2826496
3555776
997056
1587136
3781184
1926016
2496256
5648256
4079936
3221120
4484288
881600
2055808
1028736
1932736
6999296
3756864
1670144
6456448
3480640
2942976
2151040
1986688
13799296
5787200
8928000
2874816
511680
3604608
3376064
2348224
2287360
397824
1644608
3507904
3290240
2302272
2128704
1846016
955648
7339584
3716608
2043648
2857984
7448576
7775936
5532608
2480704
3409984
3514112
2546112
1921600
3498496
1741440
4078336
1570560
2935040
3298112
2413888
2054016
2788096
4442496
5284864
2504704
1081664
2074880
4470080
1925888
3367232
2475840
12393088
2846464
4001344
1060672
3221248
735616
668224
722752
2103872
4156672
2135424
4744832
1367296
12662912
6662400
2555200
7615808
1937472
1144896
731712
3746880
3890176
3393792
2630144
1107648
2739584
4987776
4154176
733248
11096256
11125504
8345024
11685888
1999744
1068800
5510336
1812928
3581376
469504
306112
924544
4914880
2824768
4174912
1762240
4461632
2679296
2040768
455808
771968
1636224
846208
3504000
7471296
11066624
11251648
1279104
572864
363520
378816
2414656
4086656
2677376
1049664
2355072
2091968
2416704
1934144
3750656
1337472
4666944
7076160
967296
3623168
940032
3013440
2071808
9329920
14343616
2331328
4348352
4229504
364608
417728
1192640
1441792
1563008
2983360
2231296
4699904
1219840
1126656
1965504
8012672
1222656
5078848
1877056
991616
3496640
2169856
1261760
2764096
6965120
789248
1261504
632576
2129472
4064384
1187712
3528000
3776448
3045632
2975808
1541120
4594112
3560768
1583680
3260672
3770176
3720576
3143552
3557632
13385856
1744768
7852736
553344
3321024
2013952
4607040
4495936
831808
3295296
2356608
8863680
3952192
5081344
3552832
660032
2708736
915648
6668352
1706368
4364416
2540928
6779456
1911104
888064
2992768
2619520
3457920
849280
4493504
1582400
1863616
1785088
875136
1605376
2833152
844672
3466688
5528064
9685632
8055680
1029888
4779072
861504
8609984
756992
1717440
1816960
1680576
6492288
3793216
1202560
1683200
7501376
2920640
2316928
2220736
1129408
3356544
7242048
1641088
1538432
5266368
2209152
2392896
566080
976640
2913856
1028288
1739840
3945728
717760
2412352
2451328
7807168
2465088
4877248
3408768
2188864
2540160
2419200
3924672
4421696
4358400
2665280
3516224
1993472
1266752
8857344
2220928
678912
779456
5340672
15831872
2563392
1397376
531968
2000448
8648832
7215616
3247616
5253568
3752064
3058752
6542080
7056832
3712768
1609408
2972032
2484736
815296
858816
2756864
2468800
4576192
3855808
3693632
2524800
1258432
1462208
3035520
1899904
1566336
634240
2933312
5450624
8673920
4301184
3609344
2362304
3228480
696640
1424448
4015488
1624768
12277632
412544
1396736
1128512
4525056
4309568
2313856
2533376
1895552
2350976
8164544
10685888
1195648
5563968
3425152
5410368
899008
617920
6024128
1660096
852416
4345408
2588480
4026112
934912
718144
1845056
426176
2147008
1980160
2701376
3578688
8683648
4422720
2226816
2965376
2012224
9062336
3092608
4494720
2280320
1795776
5102656
2626496
2833280
792320
1156032
3701056
3325120
1587840
963776
3280704
5903232
3236800
10102144
629824
5875328
1012480
2181696
5392448
1535232
5647296
2043200
2395136
787776
5019584
1320128
2067776
3468544
4936128
4654400
1949248
4037504
3884224
705984
680960
4164864
2928768
1164800
2830272
7023488
617472
1605376
3788480
1758272
12452096
837440
2699904
4379264
4833024
1232192
2273152
4466944
5089600
13257856
3656192
3933184
5782336
3541120
827776
1245952
1292608
6265024
5495360
3123008
1692544
9622848
1249536
726976
1578240
904896
3729984
2947200
6696000
599680
3115008
2624064
1759104
3402240
5914496
2793216
5088128
3876160
11568256
2282944
758464
5425664
1083136
1539072
1386816
390080
1897216
1177408
2236672
8303168
1196096
3581824
3670528
4743552
693824
1255424
761536
6426944
8269504
2259904
2798208
2963392
639744
1272576
3389504
4917248
3543104
4721856
3356800
5220544
1588032
503872
694464
1376576
1182656
7066560
5287360
4099712
3842944
2419072
1499072
2478528
307072
375232
1341952
2293888
5368640
1195264
4210112
1571520
2547264
5407296
2968576
1392192
2187584
2787840
3506880
958464
2838208
10413504
3464448
1718784
1420672
1967872
961728
4241152
3180992
1178752
2933120
5401984
1380800
1633472
4305280
6391360
3458048
1275712
1761536
8137408
1460288
1052672
3288448
5692736
4922816
1832704
5303936
1031232
3082368
4603456
6750272
3856448
3302656
14568576
17644928
4022592
2632768
709952
1738048
2889024
837056
2012032
1275456
1181376
2020480
2596224
2351488
5233984
2348352
4219008
4147264
5596352
1299200
2129728
5178816
822016
10708864
2077120
1780416
1681088
920960
1936832
3204800
2848512
3187712
2107712
3365696
5855232
2555968
1330624
2339328
4958336
19367680
384064
460864
788736
2404032
8851136
4934592
9686720
5961984
2705792
1212800
1348416
2643008
813120
1528576
1132608
1631168
3316032
1212224
5288256
949248
1171328
2325504
5288320
3297984
4331072
4383168
2067264
6688320
5545536
3363392
1710144
6131904
1223040
2953600
3714752
2425088
3365184
2586112
1999104
7638528
3354944
2410880
775168
3816384
2184448
2558464
997440
6701952
3323712
5535744
11223232
7160640
6181056
1739264
1607168
541376
740224
2344768
3108672
1859008
1216832
4363520
3613696
3133888
528192
2483968
2883392
2169408
5661888
334400
1827072
2295616
3377600
1729664
2797568
4316608
1761472
1752704
733824
2309440
3102080
4309504
5950400
2136064
3399616
4729984
1916544
3134912
3816640
1596096
6744512
10676032
1604224
3315456
1809088
2194432
3910720
5928704
5033344
5474944
3994624
5275584
6361408
5436352
2072448
2498368
796864
1633088
2155968
7336384
3479552
4139072
2750912
6114944
1248896
1981760
3626688
468736
2078592
3685504
2401408
4955904
3520768
797888
569472
2058624
4441536
3988608
772480
1805376
1654848
2782720
1936000
6168000
10817408
2348288
1451840
2645120
10306816
891264
908608
1521216
5121088
1213504
1078976
3598080
1533312
5977088
1474176
2026688
5880640
11475712
8351808
11828288
2129408
4573376
2679296
2098240
10452352
1337408
2032000
868672
970816
2217536
913344
4772800
6327680
5989952
1578496
1529600
1845184
3524288
6437376
6445504
1339072
1353152
2320384
867328
3457664
2778816
1034048
4917248
5586176
3394496
3489472
903552
1556416
464704
2410944
852992
2121984
1030784
2145152
4191680
7017280
7507392
3729856
9975424
3782592
738496
3844608
2147776
1748672
1150912
901632
7777792
1974784
6397824
1945408
4261952
4435392
2158272
908032
1374208
3120832
2621568
2406784
10129600
6025472
898368
2429376
3693056
2599168
2009792
5279552
3921472
1730944
1035328
1000576
4008128
8151744
1884864
646848
1470720
1386368
3302784
2154048
6851904
1438400
3028864
4252160
2471808
2236992
2536512
2420864
4714816
11656704
1723264
1027904
3347392
2172224
5072320
10753920
2150016
927232
2108800
1710720
8823616
3769920
2464448
3303360
2030720
4057152
4416640
1360256
1559424
3074048
1299456
3781184
1542080
1521664
784448
1717312
1049664
575360
2587904
1900608
2197952
2145792
2029440
7155008
5386176
3980800
667008
1414400
763904
2273728
3589824
6367680
5322240
2174144
1097856
2876608
3200512
3792704
4282624
4317248
6211520
1322880
3377664
5658112
2799936
3278912
7341376
3402176
529792
893504
2317184
1246464
973888
1821824
1411136
4913792
1486592
4011072
5408128
1603008
2879808
2655616
2271104
5681280
6526784
4296768
646592
932352
2204736
2933824
2191552
961664
6874560
4606464
1635584
2231488
14179968
1332352
3078720
4156352
1695680
4717824
1744256
885184
2412736
5235392
2927936
7693504
7504384
3924224
2963520
4279680
1677120
762688
2174848
816832
4381696
3234048
4824512
4784448
1751104
962880
3749248
4242304
5853184
4075904
4402304
9106496
1916288
7806336
1097152
3822016
2127296
2541888
2852032
2593088
3300352
12363264
1477056
6291584
2617408
876608
2049600
1578176
3186304
1325056
2929344
4733504
9997248
1547264
2263488
1633920
2384960
1173568
7849664
4863360
1602368
2513792
2425536
3929152
1699904
4385792
3240832
1744512
2395008
2580224
672960
3192640
1446208
2606720
516992
2205568
6920640
3761920
3402176
5505792
716480
1087680
2526208
3672576
3688704
820864
1598080
2663552
2491456
1927360
7641664
6570944
5392448
2727168
2683712
1678784
1278784
5220928
8885696
1347712
7381888
491008
6146304
1506176
886144
940032
1127168
5852224
1607872
6917568
1740096
3308992
1199104
757888
5005248
1289472
1320640
6622912
4415680
5469824
3552576
2019456
788672
668928
1126656
5391104
13887104
2209536
1819392
2583232
373568
300928
1491456
2294400
1870272
2531328
11859456
3027712
1867264
1164928
2254592
4246976
2508480
1173760
2546624
9752512
11567104
4382912
1194112
6535232
4935936
2407616
1088256
1374400
2908928
2317888
2163264
788544
2312832
6150912
2921984
976000
5402112
4130816
13088576
456256
1017216
1645376
2637952
4260672
3244800
2310528
2885760
10224640
2011520
1478784
5043520
1469824
554432
1707456
940160
5280512
2385344
2757824
2060800
1898112
927488
2385216
2177536
3884736
1539968
4038912
1176512
2583808
4224448
4789888
3416832
1874560
1716288
4027072
1279424
4724928
1540032
2865792
3294464
2872960
11372480
2453504
4907392
3565888
555968
3580800
1140480
7852288
2540416
2408192
1427328
455616
1123392
5410560
3349696
2480832
3289792
1345792
2984256
5545280
5541248
2373120
5415616
1651520
1283456
1042496
3453568
2605952
5507776
9110400
3342528
1642240
1585728
1718400
667584
1172352
3335168
2046848
3032320
2141696
3760896
1309184
679808
7854528
2099136
2532096
1083776
14822464
2641280
1413632
603904
1519040
5881536
814336
3799296
5018368
2167104
10303424
3251136
7748928
1105408
2982400
687232
4685696
5660352
3896832
1906624
2587840
2810368
6173248
4843904
1522496
2154048
1267264
3410752
7748608
2518976
5050880
2450432
3920832
2705152
2443584
3836928
1235392
4385856
6694592
4583744
2150528
6389632
1456640
1174528
2860160
4897472
1532864
2665600
2752128
6127616
4529792
2321216
5322880
3404544
1589824
4440832
2947264
822272
867328
2123584
5491456
1951488
2487360
4120832
3683200
19688000
1739520
3124352
1596800
6880704
3557824
2085888
900608
2543296
3436288
2210752
4768256
6604800
8665344
3221440
5598592
3415936
2165248
7012800
9845760
897536
1905408
2420160
6181440
1847872
2494848
9414656
2295296
3262016
464960
1654592
3220096
7849984
2519488
1765312
1721984
1133632
8617792
3515392
4984576
1238976
2218560
1038464
3061568
2479360
474496
733696
3169024
3055168
871552
4293440
9662976
3358848
992512
884800
2369920
5822272
3684352
2289856
6075264
4970176
4833728
4946944
2734272
785152
3241472
969088
1148032
13429120
6150656
2184384
5142400
10302400
1285696
1312512
1112320
780864
1293952
2196736
1736064
4217216
1364992
4323328
4328192
1681600
2018944
1645056
4881088
758848
2278656
3477760
3622464
2538176
2459968
4815360
1237888
5338688
5181888
699008
4900352
799552
8545216
1054144
1408448
2857024
2940224
2745856
2374720
3099328
8611712
7650304
1768448
4470976
3348416
1559680
2223104
2653760
946816
2727872
3922176
1307264
1353856
2003136
7290048
4096768
6113088
4592064
5769600
2307712
1829312
811328
3785792
2050624
4634816
2474688
3411840
4417344
5531264
1653568
1094592
1003968
805824
4148288
2446016
1270784
1296640
2561792
6957248
4054656
2188608
1920576
4133952
10682496
1630272
13942080
16454528
1050112
1190848
803904
271168
637888
1683648
1309120
477888
1274432
3601024
3814528
9307136
3441408
1781312
422016
2774464
860160
3904768
1722304
973504
889728
2450112
9087168
1647104
8141952
6337856
3306432
1724928
1654720
2860928
1865792
819456
1095488
1080640
2804544
2524224
2993088
3535424
2234624
1005824
2479040
4673536
2294976
1412864
3600960
2018688
2795200
4152000
16675200
2124864
6626240
6547072
1499456
1312128
1791424
944640
1614848
1387264
6093632
886016
2991296
2467136
2247744
3547072
1515392
1771584
3327744
9367872
5916096
4667200
929792
5249856
1029376
3499648
6163520
1960064
3793024
7211904
11914112
1570816
3743680
904896
2790144
889152
3542016
2362944
2143552
13618688
3041216
1152000
887296
920320
368512
1577920
6478464
4022272
4963712
10700480
1043584
1259456
1886528
7559808
5177728
1030400
2525376
4287424
6588672
696512
2690880
1744384
3506048
1935744
1278144
1558848
15336320
5554496
8414784
4164544
3597120
497600
473792
972288
1647040
353024
1222848
1470336
2230080
1279872
1002432
2766720
6119296
4862016
7864640
2420800
5439680
879360
3550336
2171968
2164992
1754816
734848
1354560
2245248
3791104
9668352
15097088
2268352
2962112
2587456
435968
868480
3533888
4531584
2673280
8614400
4966592
1534080
1213888
2318272
907520
3452928
2289408
1327424
2168704
3379712
2683456
611392
2466624
2951744
3458432
8120512
1414336
9678528
1920256
4173888
9927296
814400
2515840
837760
1991168
1866432
653632
3761536
1586560
4842944
8731968
6356160
8169600
1974080
811200
3315392
3080960
2590720
8539328
14618944
964800
2346944
3601536
1770624
3390656
10143936
2649536
4026624
1601280
6161152
1643776
3224832
586368
1859136
9582016
2646272
6781888
2140480
4923904
2026816
3246528
1711808
469120
871360
1561152
3679360
1009920
8258752
2460864
1902912
1564096
2207872
1223680
2857728
9452992
751552
1808192
2809920
5026240
8588032
3525632
1943424
1618880
1876352
1087680
2792896
5923904
9101568
8890432
700416
3630144
1008320
1853824
1795584
6042368
502336
6952384
3842752
4548672
1902912
2920384
1767040
2388096
1619008
1165440
2019264
2465408
3270144
6586304
4088064
3997184
780928
2392384
2855360
1511552
3707264
824192
1678080
2707840
3253056
2009920
1350080
4901184
2096384
3253760
1117568
3023872
2261952
3226240
3345792
2342784
1812352
5661888
4048832
3415104
3323776
1348352
8674304
5672384
4013440
2727744
3827264
2098176
1788672
4360384
1488640
4468672
5192384
2027072
3175104
5106560
3429760
1684672
1769408
11068224
5833984
7468928
2538112
3105792
3629376
4200896
5294464
1475328
3437056
7071232
640832
2951616
916352
3377792
1578880
2378560
427840
1968960
732608
1706560
2635904
1812096
2363840
3539776
11983104
6449344
1975424
3166784
9134016
2455680
8005888
354432
914944
2132608
1643520
3517952
1047680
6582272
1902912
3384768
2933888
1097280
2877184
2403776
4974656
1020800
3685568
3538560
1497472
809024
6144704
4645120
6435776
6585472
9466496
2680128
881472
1033088
1772096
1253824
2730304
4621952
7029568
3731328
3556032
4241664
3315776
724608
689216
1908352
2220736
1289088
7113472
3151168
3105984
7954112
2942016
1688128
1663744
809792
1402496
2146176
4665600
477696
1194688
4428416
5121408
9491456
2315968
2298752
2166080
1055744
2240256
845440
793664
2402688
1586624
2997504
1715264
5258560
1294528
1336384
2470272
1805888
987712
8123776
4357056
970944
1402688
3442624
985472
2143936
2090432
2958784
8855040
16735680
906496
467008
2221760
3049600
5350016
3241920
2812416
7926528
1990464
1339584
1896896
5047808
10959744
11987328
6291008
6191296
8383680
939136
860544
4623104
791104
6091904
1155584
1032256
1876544
3641472
1808384
2327040
4077120
1941952
392384
1230272
4693376
5754880
2229120
4097344
5830016
1775616
1995328
615552
3964992
2727488
2800832
2381248
1121024
3910336
3577984
2245568
342144
7087168
2080320
953536
1310784
6439936
10224256
785600
1698688
6045312
475776
3171840
1379840
1984576
771776
2110400
6344640
1314432
1247296
1755456
1366336
2149632
2889024
6594368
3078336
6311168
7092224
6717440
1998208
1429888
2256960
1505024
3360384
2637568
4052672
5971840
2269440
3079296
2597632
4888512
1624256
983360
1099264
732992
7901248
2887744
2124544
983936
5886080
8289536
3157632
2536320
2434048
7699776
3264064
6875072
841280
1305792
2807680
4841856
1738624
2245440
3072128
5172992
4413248
13345728
3289856
2823360
6839808
4723392
444480
860032
2232064
996992
1171776
2555840
2282048
13659904
1007680
2167616
2675072
1037248
1598592
882368
8003648
3589760
1498432
849792
1035840
1262784
1356096
1707072
5429120
5690688
2139392
2170048
1033984
961984
1618048
3070016
8686656
8346560
10424896
13416704
1236864
3279936
1049280
787008
3566464
5232640
730752
7723136
8600256
5939968
653568
2916736
506304
3195776
896704
1387648
2065984
2099456
3673856
4069440
4929408
2806976
1262080
1369280
661504
741440
1688320
2888576
8859008
1782272
6142720
1716160
841920
1029312
1556352
3009024
1259392
3236864
344128
2210944
8319552
3462272
3708288
1686976
16116096
2273600
2121920
1749888
2490816
1904256
4002624
538368
9257088
1687488
2327936
2091840
778176
3884352
2682048
5158656
1222656
2247360
1360064
1609088
9352512
4199936
3595712
1318208
5341504
526208
3122624
1524608
3982528
3905536
1718912
968640
766144
3701696
4107072
8160320
1562304
9297984
6957248
3477696
773504
2336832
6904192
1837696
1956416
2263232
1900608
4439744
2165952
1907456
6566528
4718080
1489728
4623296
6773184
1585216
1722880
1540224
3456832
851904
1725696
2221120
3782528
3237632
3209920
4039104
2470464
7835968
2353280
1521920
3937856
591296
3524800
3022336
1322432
1359680
4809408
8374016
2393792
1353792
1243840
914944
3298112
1422784
945920
1116352
1104000
3991424
2361728
5157120
1974144
4008256
1880000
6172352
4375296
6021760
5292800
11413696
9616320
2491584
6203136
4761408
5491264
1185408
899840
1529408
5862144
6454016
1224576
2135104
692864
1333504
3006912
1802368
468992
622976
815488
2776960
3145408
6649408
3262848
3521408
2422464
1213696
2392192
5238208
2885312
1972544
1242816
2625536
1218688
400896
1026624
1523392
1928256
3921088
3522304
8406592
1299264
3226240
1723520
3836544
2021952
12461696
3020096
2255808
7003072
7603072
773184
1123264
1069248
834368
1932544
2483904
6446080
7347264
9286720
2433728
3421120
3225472
1713600
18481472
1133504
778880
3147648
1300864
1564544
694208
1897024
1411456
1788224
6026624
6445504
1759104
3284352
2295360
1925056
3393664
3009792
1878912
3944256
11325760
822592
4502912
3641216
652544
4225920
472256
2396544
2605120
1982592
1413184
2242944
3055168
5216128
1796672
3957504
5132288
7679296
2422976
3329280
1194560
1735680
3323072
5151296
3472128
4976448
6139520
4884544
1488512
988288
821504
2355520
14284992
444288
1883456
2036160
3444352
1204160
3136128
5619904
4646656
1561152
593536
1344000
1809216
1758528
1824832
3913024
1781056
1420224
906432
1672320
1568640
4592128
2183872
4943360
1761152
4759936
4900480
1780864
2751360
6157568
4329984
16660352
2134720
4641472
955008
1105792
2325632
2001024
3197440
448320
1144640
2149888
1529792
6025280
5097280
1450624
2186176
3131328
9152960
6119232
989504
825408
2417216
4951424
1366656
1013120
805760
2496896
4635264
5107392
2861888
6958784
2298112
2928896
1712256
928384
7033600
2936192
3526208
2282048
6064192
2138240
1568000
1258752
1453632
3165824
2801728
5630208
4067136
5549120
3418688
11382144
4720896
1996736
652800
1647552
1711680
2023744
3605504
5619136
6396416
2628864
1353152
4373824
3592000
1019776
1003904
4127744
5421184
978560
903488
3912064
1200128
3684480
2696192
1578624
3425728
3330880
6157376
2659392
1022912
1379200
1326208
1448832
7216768
17950080
3764672
5849920
589632
682944
1449728
1664384
2072128
1687168
592256
1680512
3847232
7222656
12847040
6596992
3720064
3606848
4003456
1059392
1594112
2326848
1243840
2032128
20490048
4466880
906688
1881472
1239744
1739008
868928
2108480
501120
799808
1412416
362368
2797568
2172352
1192448
1178560
6206400
6484608
7594816
579584
571776
5088768
1242560
4686336
8124864
1873088
4821632
961856
858624
1760192
7154432
5174592
1176576
2100992
6079040
2002368
8640832
633856
1465984
1537216
1539264
5566336
2861376
13897792
754240
1242816
382912
1652608
1893568
2176640
6964224
2546688
6700992
2407744
5862656
3571328
1945472
1705152
387904
1245376
5879872
725952
3975744
956736
3568640
1640448
1449856
4298624
2745344
7429632
5195840
2780928
4862208
7265856
2702912
1872192
5794688
970048
2195712
2327104
2986624
1007744
3144384
4336448
4248320
1945792
3317248
3463488
1938176
4038592
1669824
5522304
5078208
6171584
5256768
4237184
3967936
906688
864768
2003840
2088256
573056
3034816
1475968
1368128
881536
3672256
2790144
5103936
1235072
4296704
2338880
4778880
7687168
3261440
5020032
1456768
4819584
3219712
912704
2754112
3214784
1292224
5251968
1305408
1759808
1724800
2032320
3140416
5658560
6350336
5818752
3665088
4598784
1473408
1853312
4011712
4039616
1888256
4600896
9681408
5135488
3650176
1872128
707712
4981952
880320
1170560
2792576
1101696
5630656
4418944
18179968
1577664
2502784
2172672
985344
1062912
1344832
3248256
1360576
1212544
3073728
1730176
5178752
5768512
422976
1524160
2603264
1292672
2737856
677248
844288
1662592
4224768
2021312
6693568
7524544
5336960
821888
10111552
14193600
1038144
1123968
2295424
1308864
2186944
1634880
2865792
587840
2070272
4624640
2103872
8362496
1471488
2668736
4500352
3942080
1827456
911296
2833408
3849856
818432
4335232
3938432
1051072
2596544
1548160
3444928
2166272
6216064
8104448
520448
2899008
903360
2887744
475840
1089856
3949440
3187776
2394048
378304
1565632
2343040
2859648
14705216
4377664
3288576
13861824
292928
1615872
8923584
2343744
1610432
866304
989696
3073920
2750912
2019520
1221888
2029056
3799360
3895296
3261056
14691456
2391168
1356288
1503744
4799296
7427072
1436992
1206016
579520
3932736
1073472
1557568
4842240
3159168
992320
1043136
1811136
2291648
1734400
1451712
2884224
5750080
1064384
8113664
3427712
1061568
3300224
4064832
454912
1381248
10941696
12581056
7174720
927680
2236800
2496448
2090688
4310592
908096
1387264
2223872
2711488
4069312
6554304
10719808
4430784
2235392
991296
1314496
2142592
593920
5516288
3699776
4267200
2470272
1861568
5073984
2022016
962112
395584
888448
4735808
2184448
12124288
6017792
2485440
1650688
3171712
2069824
1447616
3748992
3630336
1556416
4029056
1860224
4179520
7108928
1789888
5059200
1951424
4066112
4497280
791488
8688576
2938944
9374912
1765440
3322112
3359168
4248896
3026240
7329344
7149952
1737344
789696
1374784
2726656
5406080
5070464
3714176
4607360
4048064
5976128
6359104
925312
2065664
1627008
1396864
1262080
2201920
1401728
2926976
2005120
640128
767680
2655488
2562432
4567424
1151552
2393280
3911424
2660736
470080
1051648
5324480
9448320
8480384
572864
5491712
6667968
2640256
1641920
11498304
3548416
4565184
1665664
6928960
1793984
6155648
3592448
1213696
487872
1099968
1112640
3092736
2112896
1280512
2856960
1654144
585600
2657472
5317952
2823808
9175680
1314752
10142464
1810048
1722112
946688
4194432
3134848
1290176
6504000
2478528
1289856
4618304
1415936
2520384
4319552
1853888
2094272
2526784
1182528
1948416
4791552
928448
15292032
8059904
2046976
1199744
1255360
430912
1480128
2308992
612480
1012416
1309760
1945344
3947264
9136704
5485056
4283648
2355776
5045696
6877184
3789248
2757312
7396096
4129088
2051136
4274432
1401728
5512896
1363136
2172864
4162304
11785216
1367360
1104320
1904384
1994624
6075712
4472064
1298112
3688128
869632
6134208
2453376
784128
873088
6631296
4120064
7816832
1207424
4517760
9946560
2331904
739264
1788352
508224
2273152
1092224
3399616
2014080
3361920
1275072
2916352
2563136
1804224
1850816
4422464
6957632
3149184
3276160
3121792
4421312
6326592
5802176
7485760
2313152
3361216
7966912
6069120
3140480
1618048
834688
1530944
2226368
3314496
911040
2582912
9321856
3231104
4069888
977536
893824
1287424
1351232
508352
3874112
4923264
4865344
9206400
3762368
6003968
1806400
2373120
1252096
450304
925696
1753984
5738880
2829056
5099264
3999808
2076736
9244992
1326208
582464
1106688
3116928
3553216
6960768
4236224
3000704
1142784
1334400
783872
1603904
2572480
1497088
2690048
8225472
2316480
975616
5288064
3721280
527680
3255936
1827648
5221632
3075392
14477504
1601664
779392
2593216
3024128
676736
4459904
5418496
431936
1435712
878976
2211136
1483904
11081152
2642048
7063936
5879104
2946048
411520
927744
2682368
4818816
7449472
761984
2602112
1154048
10266752
645888
1236800
791296
1876160
8161408
1476992
779584
3273856
763392
1844032
660288
1795904
1643456
3232640
6577664
2997760
613696
5201984
3161344
1448640
2653056
4337344
2609792
2561664
3028352
3462720
22289600
5842624
2104512
6058240
7511680
2129856
2879040
1312960
7029568
10236800
3851136
1390144
557696
4295488
4725760
2759232
2748224
336448
1596160
3987456
3024000
3235328
2593984
872448
1307776
1799168
2796992
1460736
1269440
8803328
1224768
3902848
2287552
6634304
3637504
5967296
2385920
1307200
3488640
1098176
3353152
676736
2191936
2152448
5305920
2374720
1074688
1050432
2319232
1644992
15638528
3229376
1876736
2047424
1410880
927232
3624128
7006720
1186176
1006464
686272
4462016
1646720
8833792
16809216
3215552
3119744
1782336
1217856
2624384
870144
1936064
1443456
4139200
2760448
9118272
948096
1209792
2376512
4294912
1636864
2903808
5633344
710656
1725376
5588352
7186368
10722880
791424
1499776
4202880
851008
987968
947264
1583488
4739456
5636096
5862080
1673664
663104
821248
3576000
2009792
4983488
14112384
3530880
3555328
6090816
1676736
3464384
2876992
4139136
3097664
7830080
6520832
1926912
2803264
469184
5826560
1767488
843200
1785728
4938688
11240320
3608640
716160
1235904
2256000
3824832
3001408
4621248
11606272
1715520
5809856
2539008
6658368
5065728
1883200
3497920
2605248
865664
4164224
2361024
1891648
2450240
3711104
1746240
3893568
7568640
10366208
2177792
551296
901248
1392320
3736832
8709120
3385472
4734720
8730944
6310080
823616
5837568
672768
1138752
3432256
2597312
1634688
13387584
3177792
1242304
3348800
4897152
3784640
682368
848384
641920
982336
2931648
2008704
1521536
3144896
2316736
6190016
2394368
8373504
16156608
2390784
519616
1851456
18434496
3433408
1518336
4828928
7029120
2851968
13812672
574272
2562560
7590080
1745984
1868096
6039936
1312064
3792064
1613120
2882816
729344
1075200
1232640
2825600
1744256
2968576
3167040
4239744
719104
2009472
885760
3943872
2853248
1973184
4863232
7320768
5206720
4725568
624256
1080640
1707264
2209344
4157248
3605312
3185344
2185600
3559872
1120000
9272448
3910016
4553088
676544
790016
7340672
2540544
3809792
4019776
1027904
1648896
3136576
1379136
5487616
2291200
741888
4414336
7471488
2509376
1319168
2032576
2968768
4403520
824128
2540288
1389888
1645824
7638912
4319424
1646784
2400192
8808704
3383360
7890368
1575104
738240
3579456
2419584
3668992
2595904
3019584
1218560
3121792
6467712
999360
1227008
988992
4081280
963904
965248
3225792
2416640
1800576
3531904
7287488
4796608
13341952
12806336
9890176
2515456
6409920
5274240
744192
1599936
2369664
1858048
6062080
1679104
1251136
7495488
1891648
921344
2684608
1057536
3409216
1660416
2016512
10327296
4611968
6728768
3010624
1568576
643648
531264
1289664
1927680
2730176
1475328
465664
2816064
2517696
2182144
3646080
2204544
2794944
609920
1399232
1202752
2654656
2585600
3949120
6170624
2379648
11922048
4794112
645952
1757760
4224512
685504
2100800
6485120
1036032
1561920
2974720
4206784
5015168
6893056
3676288
762752
564224
1198080
766336
6695808
10373888
504000
9015360
5441792
1361536
3408064
1641344
4526016
3951872
4243520
680384
1210624
1541376
868928
4661504
2823488
1282944
2926144
1463104
3238592
8727360
5294592
611456
1851840
1403712
5199744
2534464
4596544
698816
3247936
5274176
1500032
4305472
2700928
1516288
2960960
5272064
13045056
2576384
2368192
3029760
6524864
2634240
2566656
3647552
2849536
803264
2985728
8038336
7139520
24398400
635136
1536832
1328448
1163136
1672384
3058688
4029376
2132544
9171008
3106240
2105408
3357248
3047104
2990144
1549248
729728
2712576
1137216
1360448
3773632
1603072
2194560
1342016
1373120
1498112
2353472
6237632
8652544
11635200
2013056
4205376
4726400
896320
4302912
4386944
893184
3449088
5236544
5005568
7687936
1605312
4364224
3955904
1794304
1488320
873088
4938304
7021952
615360
6833600
1392704
1622592
4700352
7610752
2946816
695296
5715712
1846016
2265024
2641088
3924928
7635264
2157312
1204608
2410944
4046528
2154112
4914688
3117504
1188992
2319040
2407680
11825408
7451008
7483392
723840
4019520
1361216
2242944
2342016
2944192
2402752
6988416
1467904
1961280
6964992
1091648
1407168
2045312
5777792
2880064
4984192
461376
857856
2157504
6781632
3799744
3507520
954432
1443840
1076672
8089280
3061568
5755264
1890368
3884416
3621760
6991680
4203520
732032
1155840
3586560
4324480
1208192
653824
1282944
2632512
2915712
1499200
4985344
2611904
2003456
5364480
3201536
12145344
7734720
14010624
1536320
862656
5574464
697856
2141696
984832
1578496
2602880
2366080
5795776
1226112
1822656
1863616
5428672
3048768
5620160
1429248
1446656
3788416
2507264
4240128
782336
1621056
457344
912896
1746624
4271744
1459968
1134336
7152384
1134528
7346624
3625792
8299648
5629824
2410368
2609216
2137600
856832
1982272
483200
2261696
4843328
3992960
4376256
4362368
8652608
10732416
8667072
4190016
648000
4328192
544896
1407744
1296768
1481536
5052864
1665472
2158272
2555264
636800
3672768
2341376
2035072
5945280
1107968
957888
1830208
4622016
1026304
1265792
5817344
4682432
502144
4956928
3669760
2153856
961792
4516352
5755328
6831616
4064768
7127360
7463744
1297984
2752896
403008
6233152
858944
4363072
904320
2399680
2611072
4016320
2076224
3533248
541888
5262080
4596352
3616896
6256384
3482944
1280128
1326208
4227136
1040128
3443968
1237248
1346880
2029184
1149376
2914560
2992000
1894208
4135808
1838464
2102208
5986048
5595328
9796480
4683264
10469312
1841024
827712
1410752
2406208
896832
2865024
1010816
2206400
4440000
4825856
6559040
2653568
1057728
1545280
2688704
1275072
4275520
988736
3371904
2208768
451904
1091584
1215744
1622016
10396288
3644928
3197568
14349120
1248896
1150144
2346368
2049344
1539520
4379520
4340032
1428224
8596160
828480
1594944
6864320
6923136
9053952
5468096
522368
1592320
1570496
1845056
962496
988352
1136896
1343360
3937728
3210880
14477440
5468160
1002240
2534912
2508352
1261056
3567168
541056
853248
3738112
4093248
3960128
2006592
4272128
2554624
9303808
2327936
715392
2139328
3918400
1010176
5114752
8110528
2008448
4847168
2823616
793728
2459072
1512384
3642240
2268096
8257408
2650176
1981248
2162176
1103488
797248
1631104
3075264
2749312
6673728
2658752
5209984
3562944
1697024
2181824
1032640
1860096
2217088
2724672
1290048
1493056
847488
1323136
3769600
4806720
3770752
5822400
3587968
1902208
2140800
11839808
1317952
1395712
2912064
832320
650368
1999616
3371328
4229696
3939648
1859840
5852288
8199808
1400256
1044544
3313792
1533120
1176256
2897600
2255744
2855680
890048
1416832
7853440
2305024
1370432
2885568
2808128
4801664
8962624
2309120
1104256
2518784
1358144
3302272
4033984
7674816
1216960
2277952
5901248
916992
4382592
800896
2889920
1105856
686848
883584
2389824
2411584
2197056
4311104
5216832
3048576
3825728
4508096
3314176
3638208
5195776
1674368
4587520
2533376
330432
3999040
3295808
9160448
5215488
1593088
2282944
2482944
8074560
17307968
6308416
1147072
3832320
1292992
401920
4305024
3746816
1960448
889920
3839872
3639488
640640
725184
1795456
1997824
8295168
1806720
3945280
4748992
6439424
1369280
3009152
5091264
799936
4692800
4531712
2892480
2369984
2660928
5334912
3466368
652544
1471936
5068992
1550912
1366784
2371456
3836288
5287744
2136832
12814528
4501440
6508096
896768
1733760
3229504
2735808
1916928
4089472
716672
2209472
1300032
3106944
2617600
2360832
2894272
4605440
1184448
2612992
1839808
5392640
2793472
6286208
9576896
3490048
3774336
4207232
3615936
2911232
538432
2133376
2294208
970880
2844736
5723008
1523008
4453312
6746368
3971328
5500992
3143872
5063424
1044672
3336128
2067840
2348288
2799488
4736896
1525376
1546368
1024768
392384
1657152
2279808
6925312
15383936
707072
8584256
792000
3395520
1106688
2451584
1565056
2303488
2770304
491840
1530496
2462464
5369152
1620032
2453824
4846656
4619136
3023296
3880064
3324864
2204032
4676096
2984960
3832960
4041856
1815552
2315264
2373376
413632
841536
2504192
7874176
3839488
8987328
4068224
5370560
6577344
4955520
7624960
12955776
2966784
9011008
9806208
10279808
20899264
15867904
7202688
2666816
11584768
2041088
9279616
22158016
32947264
16347072
8070592
9594048
1985664
20255616
10190912
9393728
3229312
24041600
5236160
11701376
12575616
2491840
1713728
7304768
5351680
5929984
15335552
18409984
3582720
17066176
17282112
26241280
36351040
7778368
7823040
5002688
4607424
24274048
25749824
10351168
2430272
1370432
7811264
10892864
20764416
788160
30862528
8237568
40600576
9812992
3639744
12467328
3767424
17803264
3328640
25362048
825728
2310720
3795840
8847488
9554496
3279424
6824320
7139776
1238080
2565760
2484864
3029824
7247744
1606400
3569216
4935168
15429504
7016320
10215488
8286080
14025536
7739392
16422208
9208256
23062272
10983040
30720512
3145152
682624
11436480
5135744
2396544
969216
3120704
6027648
13814592
11577024
12361216
6138048
9066240
973120
27529280
4086592
16042304
6052992
2510848
14363776
12417536
12172352
3183616
9747584
352896
1642496
2237376
4794496
975296
2355392
6808768
4109312
4524800
3253312
2647936
1250368
10667520
3366912
4891712
9128192
9816192
23978496
25318080
16472192
7890752
1484032
4737408
13715328
3374464
6495872
2586944
6218496
21953280
2619392
1988736
2617408
7239040
1961152
2434752
283264
1459200
5987328
5769472
12012160
1410368
15903680
2076352
2535168
2438016
4254144
710784
8935552
2739584
6089792
7401152
554752
2044800
7780736
641600
2889536
5910848
1239744
4470464
2089280
3663104
11489024
764544
5962880
5464192
5417024
15875008
1636352
10575104
18334976
11399488
2910656
3090944
2877696
2180416
3675648
1811456
3583232
1133312
4991424
1182912
12563264
7056320
1664896
9532096
23510080
9094080
3745536
6390592
597952
1516160
3078976
12183424
7748864
640896
2921920
1595008
4060864
3851776
4862656
6769600
13134976
9225536
2213376
27595840
9642752
786752
3775104
7999552
2349568
1005376
4037504
3734592
2861760
15178240
11206848
9476992
4202368
2573760
9202944
6477824
4887680
3029120
1554368
4815104
9735616
3227264
9555328
2830272
5982848
1412864
3974848
4244096
13659136
960320
7113600
10937984
4969856
1555328
2891584
1557824
6249472
9352640
2284160
1452544
14940928
619008
6495360
1827264
8581120
2749248
4676416
1940736
14625088
38768256
11847168
4728128
6495744
5228160
922880
4650816
4564224
1525632
2232960
2890688
2961408
8148992
5922368
1316032
5739584
3598208
6443520
3854080
1206016
11969088
13667968
22419904
3355968
1802368
11964864
3908224
5315648
6153792
2803520
2212480
956800
3958272
2028544
2148544
25099776
5465024
6225088
17747904
1186112
2940224
11993792
7005248
23684672
19854208
12748928
14790016
7340608
1318912
9981568
24946176
821632
771904
1267840
4459712
7387840
1954880
2308864
3992384
5936192
1322944
3898560
2256128
7833984
11946752
1516160
3093184
666880
1685888
5678720
2059712
19840640
29319872
54803456
8195648
973568
14423168
2061440
7735808
2168512
2387136
14924032
3079040
573056
488128
1342272
2261824
9599872
3617088
923008
3921728
6216000
1604032
2786496
3345984
13716608
1462528
6246656
11694400
10262464
3828096
2727552
10350336
1278144
2890112
3091392
4896704
12485824
436224
528896
4192640
956736
11584384
2109952
5374976
10066880
14937216
7987328
25749568
7302464
16680640
1235648
18859264
1743232
9173504
1537536
2286016
5305792
8621824
5241536
3013632
1243136
4935872
2538048
11483072
11718528
6501440
24372864
5548992
7148608
8070528
546432
642816
3342464
8896576
5266432
6800384
2131136
8799296
9550080
1190208
7851072
5051328
661952
2794560
1076928
3101248
4614464
501184
7729472
2349568
1123776
5830208
6753280
19206720
3805696
2742016
10405312
746048
4452224
10194048
12669312
20469184
3834048
13228480
1054016
10038848
4330560
4831168
2444096
9829120
19731072
21757696
10450944
5963392
518976
7469760
489664
864000
1521216
6671040
2290560
459904
1771904
4991872
1497600
6643392
10279168
2280384
7036544
1178496
3625216
19928000
2552704
9843136
13950720
1283392
9181504
739392
10828992
7248640
1050368
3063296
7711360
4431488
5399168
3953088
4182464
16186368
785984
9202176
10858688
1075072
12591488
15528128
2594688
16214464
1366656
3170304
1830912
4962112
10412480
5493568
10971200
1912512
1391552
2618816
2088384
1288576
6253056
5742336
2038912
1975296
3735552
15686336
7829760
10350720
6195008
15393344
33198016
1350592
8500352
799744
2573824
1301696
3445760
6578560
1036160
10067072
6653888
1150912
2643904
2478720
1645632
4293824
2935232
1644480
1755456
8128192
4172224
11628160
1298688
3357376
1009664
3839104
4680960
1472064
1610112
15091200
5040960
5606912
1320192
3173504
2782656
9494272
9362816
9932800
9517760
2115648
4044224
4956416
9484032
5191744
5351744
15618816
14978816
3883840
812800
8835392
20364608
5332992
4738944
5052608
5259840
5245056
10385088
9072512
1982080
12801280
5606848
1678464
3237056
7051392
6182528
2732736
11165056
9902528
2847040
1030016
9697216
1061952
2913024
11489088
602688
2450560
3440448
10530048
1933568
2646976
11589120
2870336
7172736
15045056
18681536
5285248
1719936
1136896
2899328
3469120
2066688
4845824
10803840
10995776
18471168
4204864
23321344
2474944
8789376
1444672
4677568
6773824
9083328
1301696
6504960
6310784
14375680
6299264
9871168
13546368
15837056
10717632
620224
3735872
1725184
1087104
1903360
12296000
17105600
10929216
947968
4574912
10815168
30304512
8665344
5879296
2846656
6685696
7949568
1196160
3841600
2292096
1439040
5121536
4978112
30013888
21467712
20725248
7725568
4848960
19305344
1834688
2764352
6032064
604672
6215808
3352576
5766976
5276800
920448
1694272
2693888
4044992
641280
3345856
3908416
9347584
5105344
658880
2114176
19107072
4963904
4428864
4791168
3673344
14214592
1561472
3074240
2137344
15550016
4329152
5774272
6148480
15248704
7921408
6010816
8034112
608320
5285120
26315520
10848384
6301440
848448
667712
800192
9276864
20985728
8624320
3932480
11659520
3952256
29969984
49905472
5193024
2502784
10764800
706880
1369728
4838528
1037056
1631872
5681152
6343232
8271424
20060992
2490048
1463616
594304
1125952
988864
403968
2513856
2858944
4521024
16921536
12160000
2336128
9095040
1047488
1641344
941440
4194752
4950912
729408
6600832
1697856
10493312
12225664
25329984
1153344
4775744
7620480
9866368
6476672
876992
14224320
24567296
7617536
5549120
4010752
11850304
3426752
1689664
607936
2595712
7014784
520320
2987200
2802368
1062912
4758464
2974080
5204928
6316352
4646336
20322368
7543424
3168256
27193152
1805888
1518592
4333184
2042368
8231104
2524608
1863424
4193792
10446336
20727680
3074752
6987968
4000512
4428096
7539904
3033344
3024960
5484928
1956224
5360000
17736320
28651520
777792
2172416
1208000
6047232
6026432
14302592
11081728
2871424
12956480
10151872
549568
3059904
5748928
1162624
7354432
9738816
11490816
3760000
2874304
6454976
11204480
15068928
2841792
7205824
10472768
1951488
10633472
5104640
8219584
3962880
3748928
6092224
13781568
1233408
522880
581888
1744384
1338816
2380288
8907392
730432
3274688
7219840
3405120
3025856
2975296
7910784
2538432
5667392
11537792
13104128
7200320
5115584
16439296
6985152
2518400
2633536
2248128
904832
9348864
4478976
19966528
5702208
22997120
12635520
1170752
2622144
1817216
1751168
6529600
8635328
12707904
14017472
34835520
6087104
1807104
954944
2047232
7291712
7451840
7714752
8656000
684672
3942592
766080
1671168
3085824
3487552
2659840
1055616
4291648
1437120
819008
7248192
1822016
1985536
6120192
14337024
26264832
714048
8905920
8256704
4502272
5927808
6172480
3554432
2719552
5515456
15091584
16556160
23123776
12023744
613696
12587584
6778752
6072576
10652864
931904
3032832
5086784
11814080
525184
16078208
13648640
8847616
2624256
10840768
4543616
4218944
8453888
4979200
533760
1875072
2316096
5730112
4250176
846144
15503936
1031360
1789696
3330304
2950080
4787840
2370048
1921792
7697536
13449920
4819136
9019520
8975552
3644224
13741632
2408960
11177664
14027520
1913792
9233280
2610688
8039104
451840
10144768
765952
7998912
8219904
17374016
1351616
9919616
39202944
64671936
35078656
3604416
6969280
13346624
7008576
4491008
6886272
614848
2975424
2180800
9551744
11931904
18998336
2073344
283904
2533568
3058944
5196416
5135488
3095040
8124480
15989696
828864
3472512
1295488
2029952
321280
2773568
8111168
7464448
5775552
2347392
1701952
957696
10665472
4246272
18992000
13584960
1213248
1177152
2837440
1579264
6960640
23029568
748928
6545792
10447040
5644864
11276352
6447936
27435904
13712704
1597824
6829696
2994112
11336000
1238272
2646208
29473152
623616
3984128
2989952
5624000
4545728
1333952
1570112
755648
4582272
547456
2246784
13887488
7664192
11288448
4179648
4891648
13252160
9974144
248000
4129600
27317568
1686336
3845376
1907904
539840
4286016
8871104
3380096
1379392
955520
7650880
8601408
12475840
994688
1477760
7310592
705920
1289408
7849856
2893760
6672128
3747712
835840
4847040
2083520
8275712
3187200
2870016
15903680
7123904
5503040
25048768
4354176
5426688
3431744
966208
7316992
11458880
9088384
7888576
7634816
25228352
11129792
2663232
19287168
6845440
1473600
5587264
11500800
9013440
14184960
6534592
5277824
550464
3548864
2062720
1377856
2972928
9529344
15708224
3603840
10625280
30460416
3747264
817792
2190080
736384
748096
4713344
5362624
7920192
1846784
21338048
1359168
3197120
8128832
5717760
5642752
2131776
4243968
2116608
4653760
5767552
8468736
2074944
1588864
3199488
3403392
767360
1535552
7092864
20002368
965632
2091072
489472
3637952
7955072
8164352
11329792
27022848
15404800
2529344
3150592
1732096
3776384
18912064
9462976
28626560
26989952
1009152
2313600
5253888
16336896
34888704
5028736
2321344
12528128
4709568
4280128
6519040
613312
1180160
4197312
2969024
688512
992064
1109824
2703872
18752704
649152
2205952
7135296
3215680
11374016
7213760
9957504
8815360
2046272
11207872
10974784
3511168
2720256
11646336
13013248
13475904
6897856
30442880
7807424
13536384
5726976
4296768
2557312
1901824
3833472
5035008
9328768
3296128
5730240
9029568
9457472
882496
9172672
10264384
1907520
3196800
2270016
14646464
8328064
5470272
7526208
10260224
20300352
20279616
558080
1783552
1484480
5702080
8489792
1996096
1998016
3897664
2320832
1478208
10631936
6439744
683392
7318208
945856
7866240
6147136
1782976
5418560
3187008
5154624
12650624
4874560
3271744
2307776
4560832
693056
2151552
2378432
11142784
5381504
12231360
1578560
7530752
15157056
8715712
17054208
12270272
2355520
20527808
1267520
9549760
2475136
7679936
4264896
1630912
5189056
1560256
3490240
6775936
11520640
25650304
5228672
751936
7269248
8731776
4905216
4310464
2582336
1838592
4919552
3188032
11102912
4214912
2746752
1610432
5058816
3575040
6867648
6528320
3943872
8022208
813952
2426944
1691392
15659008
19175104
15588736
1464768
1422592
2431808
10735104
5929664
20900480
10695296
12020288
2316992
1455232
2374592
7098624
9754624
7604864
1558400
2419776
8651584
1320192
8810560
2112192
5820672
1538624
305472
2831296
3641024
4997376
19325376
860672
3520448
16372736
4301888
1729856
4695680
9284928
1497280
27908288
3199424
2653056
8285120
6736128
2283264
4743104
11940800
3110528
9350912
1897280
10234624
9476736
1931584
1830848
1791680
6006528
11167680
8932736
2393472
6643904
3549952
9139520
3372928
8217280
3474688
11296960
2297408
1797440
2119040
1366528
1319936
8203520
4446592
8211008
21280192
14419328
721920
9077888
5769984
1304896
8096768
28812544
1154240
3486656
10839296
14506304
18289216
37027520
1855616
22411520
2815552
15582528
992384
705600
13475584
4510912
9963392
497280
2627520
8356864
17825216
44216512
1848384
7158400
601664
3614912
8801088
2830464
3513472
2992896
1075264
7292928
17334592
1196224
17298688
983424
5177408
17473216
3889472
4480384
4268096
1439232
942464
1077312
5336640
10752448
2097152
23604608
3028288
3841984
11824384
1986688
1856320
6223488
4068416
4046784
5996992
10350656
5913408
2097536
3980032
4807552
4039296
1902400
13737664
10689664
2330816
1631744
1244608
8133312
10705664
15862464
713792
4005952
3899008
4886016
11389568
1927744
18710208
15887168
12740288
2329472
1276608
5601216
2055488
14212672
17437504
1004672
2940224
2189632
7121728
2692672
801984
2461440
3311744
3638016
2986752
10706816
7839040
20903360
13013568
2555136
2542144
855744
3113664
3556544
2275136
11030272
2113728
5237504
11192960
43097536
844800
7810496
7735296
5270400
2979328
1840192
1049216
3379456
1352128
2972352
10592128
20910080
5664960
489728
5561280
6409536
8486912
4908416
10796352
5405952
6249280
21577728
5229120
3416128
7615744
2980608
548544
2920192
18220224
876352
946432
12223872
9194176
862720
1201920
1392640
1106048
9480512
852480
1120064
3243584
11984448
657792
12326912
4715840
13133952
4988800
736448
8323584
18465920
50107136
18915136
3199680
8097216
2466048
18124160
4395072
6513728
5998784
1679872
1072832
504512
5264064
5748544
721792
4688832
26666496
21453056
568576
1301184
2908672
12579456
8584960
2634944
2763136
19414848
8142720
3153280
3691328
13153152
1504192
3497408
7907904
1111360
2473216
7517824
6432000
27387264
9304512
957504
6455552
1289024
1133056
2192512
7281344
13292864
11311680
6899648
38288192
34519232
4485312
921152
3485248
4996864
2122176
1328960
2361152
2939392
1377664
2176768
3462528
6910976
6067136
4626944
2476416
13188608
2842304
981952
13520192
14311680
7917504
9172928
1667904
15938752
3953792
34718144
19094272
3707328
1101248
2830656
12600320
1967168
11112448
577728
721152
2474176
10030464
9536320
15940480
493632
5581440
3976384
1257600
4286656
8322624
18085568
16723136
4349888
3076160
5112960
743424
1174336
10742528
2654080
2718976
4461888
2584576
6595712
6782144
11337472
27715968
1222016
5104256
9816960
14633280
4506880
766208
1280960
2988800
5322176
8723008
17997120
2557440
16461312
3039488
361664
1682240
14008000
1811968
6327680
962688
3001792
17334976
2049088
2307584
7446336
7768640
8792576
20868800
3353472
28112320
2298432
3589888
6244672
36616064
498880
6270656
7190784
3787264
2226752
8578816
6955200
28915712
3503232
2076480
643520
2191936
2265600
11757312
11762560
1709248
3108800
905600
2429888
3740288
1294656
3966528
16696448
1892480
774656
2152640
3115392
2003968
1199872
3410432
7157696
16383232
31525248
2240576
1759552
16120256
2991552
13312448
8627776
8718720
16032960
14187712
2374656
252544
1299008
5333184
2212032
4635776
19606784
1227328
4923584
458368
1525120
2384512
5049664
1340800
1804480
9544832
24297728
2180160
6978240
1167552
5132352
5039168
3175296
4470784
7279616
16815232
1587328
10884800
2169408
946176
676416
708544
3200448
10971392
1248064
4932608
10666496
10324416
15110976
15899776
5057600
7487104
1365184
2031552
19786112
1126848
1837312
3957760
12610688
21904128
9357632
31189632
1403584
3064320
569088
15354112
4212160
6682752
13112896
559360
3799168
8746304
2877312
5961280
923712
1462592
4516736
22090944
23751616
12384256
12732800
1041408
1012992
4505088
4560320
4447680
5001152
1626496
12118784
11480064
14107584
14996928
8061120
7748480
4197440
25414208
1061952
2199232
739712
6223552
16301888
14082880
3552000
19945088
3430656
7285440
4248192
13939840
1008512
458560
1077440
4657984
460032
2722880
10586368
995136
2498880
6438144
2328320
21328832
6576512
5730816
27806976
2068800
10067776
26871744
7585024
6488768
1142784
19556608
4294080
8072768
449472
1688896
2416576
1409280
3212544
9038272
2142080
981120
1418112
474304
3087808
2331328
13538816
12029824
1718400
3909760
1176128
623488
11195776
11686336
15734976
18353408
6158592
5084480
5230208
36954432
20864064
18784384
11903744
8682752
11919680
2199808
918144
1406336
993920
11018432
15007808
13143232
1274944
2683520
2356160
3856768
1936896
3639552
1868352
5692352
2024960
9364032
7338048
741888
2272768
14602496
6431424
27507520
12975168
14689216
20222912
4506688
1765760
532544
1181888
4833472
364864
2398720
5203648
4283648
25330560
1724480
6578752
37292672
1285120
19651328
4925568
6609472
417152
1267840
4165568
13702080
1915712
4183872
1238208
1692672
4160512
21398400
20791552
4830528
3741952
5505856
439296
2892352
8780672
1054592
592960
936384
2393984
3550784
7611136
20279040
2857344
6139136
4824384
1632640
991040
9273920
7915712
12491136
2563648
5072064
1458944
4524928
15635520
1092736
1274880
8036352
19418752
7437184
28060736
12401152
976384
907072
6662208
5190080
1438336
14017920
19227328
1352384
4174976
23355648
1344448
12168512
15466752
10602176
1142592
1092352
1018432
689856
1967232
2702656
9035584
3087104
12242240
9749056
3188480
806464
14737856
4065920
3018176
423616
2297152
12354304
29270336
998848
12062848
4794112
26183424
3729984
5566080
579712
1111680
6948480
6091968
3532928
6914176
5594624
8989568
35134848
19879424
571648
2684416
8447360
14342336
1058880
1208960
725312
4628160
593728
4922240
5123008
4177664
6353408
9049536
9062912
7045376
1638528
16112640
1873920
6361472
3019776
6973696
4084736
15575936
11589888
5427712
4392000
2233408
28405568
14847744
2861248
4783040
1191680
2027840
8639360
5202304
17264256
696704
2413888
1952192
17242112
1085568
2206592
6084224
19819200
5167360
1595584
3567680
11879232
13016192
2392512
422272
2692544
1725760
1993280
3768896
4243968
9565632
40789312
7709632
10981824
4773696
975616
962368
8954176
28850752
13662656
2274624
30386880
582976
1561088
9132864
2782272
728384
4582720
15688128
8247360
6259904
2647040
5622592
9050752
6065472
4564160
3263488
12190592
1943680
9878336
22357184
9702144
4172672
414336
1426816
2690816
7930944
971456
790208
3633728
4740480
5723840
7896128
1958016
6616576
749120
3913280
2290752
8630912
7343872
13847744
2572736
755584
2008320
3227584
6539200
31825600
14061824
14424896
2404160
9117952
1853056
6020992
16246144
6192000
2165120
9079744
11590528
1090688
636032
2378432
2472896
9254464
7828544
8638656
651904
1209280
4455808
5908928
889216
607936
6487232
652672
1183040
2052480
2309952
15553792
25409536
5694528
15977664
8087680
5311808
9342208
40609280
658176
1482240
11246080
8010816
23753088
961600
2132032
3451328
4293824
916224
2395456
2287168
10002496
4486976
2195200
8908928
6325440
5796032
668608
1073024
11031872
2595968
16850624
3990080
3615808
20246848
6369472
5519040
5252160
15537728
861568
1737600
10302528
896832
1553280
2050304
15148672
5348928
12709632
3030080
12369792
3419200
18343232
15082304
1618880
1375040
1258432
4489856
5057600
3059008
10533696
13237504
3643904
16095296
38822720
12967232
9363840
1799808
9413504
6133824
7901504
605312
7185472
8566464
4094272
17355008
20096576
499584
3736960
15483904
3524480
2867712
7198336
696000
2466304
5041344
1835200
1721856
1382656
13098688
6545792
2635584
4662272
8768064
4599808
8648512
46036736
11206592
1151616
5744896
22178624
2752256
9453888
14517568
1469376
979520
563456
1353024
6391808
2340800
3805120
1235200
8038144
8439040
24425280
1853504
13443712
6800512
9708672
4264576
10101504
3194944
4036800
2878144
2967680
2949248
1721856
14568320
1709760
13100224
3157056
20422784
10259456
591744
3247488
4756608
5898688
510016
1886272
793408
3036416
5253184
7822400
6558784
7311744
1671360
11329920
994752
9379072
2718528
792064
6725248
14838848
13876416
12344256
4477824
2340096
6071744
1997504
5926080
6113728
12818560
6693312
6765568
6494848
2725504
15530112
2531904
18000384
21360704
1028224
3532928
1029120
6238528
5660032
5600064
16234176
25305856
39802432
9706112
27598208
933184
9847104
15261056
1890112
21560192
634560
2758016
11894080
12937088
13292352
6130496
16482624
626560
1198016
3647936
4842496
13872640
9204096
14937216
3401792
12424064
2494656
2228672
894016
8480320
1738368
4112768
2572352
5069312
3516736
7846848
2776640
6634752
3898880
11488960
559040
1876544
8554496
495616
785472
654336
3685184
10881792
3663360
3066816
15519488
9807040
21074432
9453312
5993280
7022400
12320832