10640576
7970240
33654336
43895680
30274944
11458944
17631296
10925312
88251456
44615552
42515200
46852480
64212352
147500160
135903488
79819392
121290432
89581440
112478208
47806848
64534080
53399360
53374016
1633984
74312512
40987328
40702848
50826880
752320
3682624
2391936
54497984
21523968
10164736
26123328
21786176
1811200
73394944
8800576
9320960
4659520
1042752
17716992
7992512
6589568
39247872
7183360
50002304
4102592
2184320
876416
4695808
1749056
965888
1172352
5197824
3576448
1872000
10817792
2014720
595648
2456704
2098624
2308992
2164928
5830336
1440704
1776832
5459776
1220928
3350272
1313088
3067328
1766912
4209856
3080704
1037504
2057024
928320
7849856
2496256
1665472
2862528
5640640
9126592
963136
2741120
2268992
9488512
1641536
1206528
884992
3323648
1387712
5789632
2279104
1435136
1854720
3294400
2280704
1908992
1465152
2969216
1754688
1072064
5121408
2184256
1954816
2644288
1969536
7837440
1236352
1488640
1703744
1856640
1779392
4296384
7192448
7375552
6164352
13293248
1099008
2014464
1670464
2071552
1297536
1815424
3232896
3175040
3105088
3518080
1614080
1231552
3695232
2735744
7130176
1463680
1031872
6881536
3234816
2208512
5968384
2369344
2579776
3165376
2763328
2680320
1301376
1135680
5700032
1568384
1338944
1793920
1525888
2205504
3245120
552192
2217792
4029632
10169664
2732800
891584
2086464
1902912
5035904
1671936
2649856
4011904
2184320
3310208
1235904
820032
900672
2344448
3649216
1743488
6690880
2340864
2578112
3295552
4742400
1572416
5588864
2025728
7153408
1477184
1507648
3858368
2366656
1526336
5529472
8104256
1811968
2367488
2173760
1573696
1838656
3649280
1986880
7162240
4395968
2685888
3686336
3109824
5299392
1333248
3919168
1447424
4256576
4004096
1151552
2639104
7150080
4344384
1929856
3191744
1191552
7081280
2759296
6155648
2129280
3601152
1859520
3399808
7161728
1929472
3387584
5080320
6265472
1357952
3171904
4011840
2056256
2427648
6529728
3601216
4640128
1343808
2605248
1269184
4601472
3697472
3661824
1855232
2758272
2435648
1956096
4133184
1806656
5365248
1139456
11564864
1405760
1435136
4945920
1242240
2918976
3848000
4649408
3916864
2050688
1263616
1960064
4097152
5059392
5541248
2235712
2989632
6452992
3591424
13042816
7610944
4789312
2097472
12778304
2002432
2618496
2130688
2105536
5724096
2693632
3120256
6507776
1005376
3407168
1667904
3248000
10329216
8002816
9526848
2033536
3495936
1925120
5029696
2664320
8093632
2152384
1298816
2151296
1715456
5483904
5385024
2349184
6081088
5913600
6189760
1033280
4267392
2465856
7247488
5221440
1780352
4350144
2216064
1836928
3216128
3726784
1941632
2772864
2799936
13029568
1515008
1649344
5196096
3760448
3811776
5495552
2347776
9062272
2739456
1913664
2723584
1639360
2594688
8290240
5738624
3380608
2829312
5897152
3876160
2611968
4530496
4107968
7406592
4585600
1095040
2394240
2610624
2406848
12628224
3432128
2370752
1275840
3016960
3007488
4040704
3098048
11982848
860032
1943232
6737152
5599552
8392576
2172544
3109120
5255872
2705088
3143872
1500928
3492736
1657664
1599424
6264320
6726016
5887488
7361600
3666688
7944448
2504448
2228288
2840384
2566656
5354624
6177984
2827328
1993088
3433216
2248448
2703872
3045312
4157824
5005888
6115904
6492416
3385920
7267072
2526592
4808448
8579264
9386560
3245632
4495552
3076096
3104640
4652608
3124224
5303168
2795072
1878784
3015360
5094464
5716608
6936256
2230784
3043072
2540736
4210112
1958208
4708416
2866176
7322240
6075904
3628032
5921984
5658752
3831360
2663936
4299584
11165248
3343424
5835008
2778240
1781696
2581440
2161408
2098048
5836736
4807872
6418944
3838912
2543936
2162880
4154112
9860160
2984192
4427584
1743168
1814912
5488960
3149376
2482880
5150976
5220544
4087232
8441920
8454080
3130240
9530368
1402048
10151936
3471104
4973696
4684032
2011328
3378304
7403648
4993152
2679424
8030336
4830464
6113024
8839680
2626624
3450752
5017152
6592000
3812544
4018176
12378176
2038464
5428224
4342912
4313344
1801088
4781312
3015040
4864704
9046656
4025792
3981312
4851584
3691776
3983488
13289024
9370816
4911552
4378944
6267136
8682368
2216256
2369152
4757952
8510848
8205056
3467968
7045312
7217792
8891520
2294528
5624192
4171136
3376256
2387648
5421504
5776704
3009024
9651328
10737600
4385728
15050624
4719232
3030464
5486080
5581184
6149632
4976512
3931200
2101440
6145600
6030336
4136832
2512512
3664704
5365056
4531456
5240256
8181312
6919744
3857024
5106368
4116160
2759552
8575424
5379456
8875072
4916544
4866560
9010240
4699072
2870336
6391104
10351552
4300800
5573056
11860672
8950720
4850304
4334272
12641920
4865024
3931072
5709184
3647552
8860672
6450112
9271680
8992768
2851712
6077056
5169408
3088320
5187264
7917248
15526272
11832640
2350592
10833536
6652672
3636480
2561344
4251072
3364672
5524928
3756160
11426880
5678208
6469632
3534912
6827264
10415104
5110784
8923776
4786496
4465664
8927296
5001856
3513408
5537536
15883264
6683136
6085120
8297280
4427904
5273152
4770944
4449536
4599936
5576576
6275520
2495232
4265856
13006720
10868736
2555392
5934272
9912576
12045952
5858304
10035968
7628544
3412544
8669312
2639616
2896128
2684352
8798016
2717440
8862016
1971392
9145728
4486912
3002368
13004416
5423168
10032000
7894720
2391936
13292288
6021760
10878976
3653248
16256256
2127296
3755712
4717248
4568512
9178944
6550336
5590464
2358208
7164544
6020928
6258368
2942400
7420224
5285568
8880256
3773504
8472256
2765248
3352384
5762816
4363712
5475840
14390912
2609344
8647936
2184064
6383424
3622656
16489856
26409920
4015040
4132608
3240832
5383616
5598016
8613440
4268352
5784192
5557952
21277248
5828864
6632256
7998528
5354368
10935232
7704896
2721280
5397760
9474944
3221312
4476800
2947072
6152448
10630464
5432064
10778240
5401472
7515200
3853056
9849856
1767616
5748032
5973056
5507072
6379136
10399616
4967872
7341056
15432704
6475328
12654016
6043840
2208960
9039040
4775680
8350848
3331200
4216512
24014272
11356096
5255680
1900672
13188672
6790976
10314176
4268800
6140928
3425600
6289344
3029952
12185216
4595904
1545216
4509952
7253376
7308480
9792576
10383744
1701888
6722880
7891136
2987328
8683072
7186816
6186688
11017408
16806848
3431232
9746304
4643200
7880384
5003200
7077824
12567936
4402176
6831616
11200832
4533056
11324032
9432896
11890816
22238784
3217472
6438784
3347136
4917056
5422656
3134592
5853568
10960448
5558784
21312832
4468736
12116160
5752320
7574208
5648128
4874688
18086912
4168192
7775424
6473088
12097408
9266304
2848576
14893120
2277248
3419072
4348032
6931328
7814464
9370624
2324288
9898880
5722944
6727680
16873088
3279680
12369984
7341440
7745152
6064384
3965312
4533632
5470848
7284224
4800512
8500608
9606272
5410688
3164480
6524096
5785920
11888704
12142080
30287552
6818624
6347904
7678848
4929536
2822656
4837632
10761472
2865408
5230784
12301824
3610048
2686720
5206720
18295232
12667136
14514432
10343808
10355136
5750464
2893504
8030784
8441344
5309824
3153216
8367552
17838976
6609920
6808128
3545920
7788928
10298624
2327616
5116288
9064256
13845120
6257664
7273664
10109824
6765312
5602176
4674432
9162048
7975040
14074176
10089856
14386432
12184768
5773312
12255936
10095616
5780992
9541632
4698752
6999424
3268032
16154496
2979520
7786880
9734336
4697024
11442624
2954944
5863936
8516480
3787712
4695040
6990976
5171264
5728256
13487040
3888000
11534720
5409472
4132800
2780800
3979584
11200640
8821184
1243584
4151872
6081728
14312768
6215104
7985344
4104192
5732288
12536640
3828032
14661632
7734400
9542656
3584064
10582144
8997376
6325568
13499072
4507136
13667264
5297920
9295808
13470272
3225536
6502848
6729856
10576448
3917504
4455104
6559232
4585536
3616576
4667136
3933184
8090624
16996032
1925056
10919808
5253760
8195200
6279232
7895424
16785536
9845696
7777344
11477952
19835904
8917760
7424320
4024576
6092992
4517376
4827904
9291520
11594112
5331520
5237056
15510848
6331328
11346816
4046784
8634816
7763456
10366272
13327296
4480704
6559616
5596992
13737600
4471296
2935104
15834304
6261952
5843968
5452672
9293376
8486464
6807424
5305664
6124992
9967680
3424000
8919616
5803264
16235520
4958592
3779328
21275840
5465792
9980480
4728960
16895552
3590016
4324096
9276224
6147520
12752768
7025088
27301824
3570752
5637440
1485888
7191040
7571264
6183040
8925696
6254016
6416384
5750912
12986368
12945856
4121792
17812800
6470912
9500672
4720768
13660224
7402048
13751296
4113088
10183744
4585408
7728128
7421632
10290880
6491264
4223232
10270720
9192896
4592064
6808128
14346432
5709696
4028032
9882880
6600768
3508800
6402112
8260416
4913856
8771328
14711296
12943168
6324736
9686720
8239616
6132864
9310208
13574848
21112512
8060288
5836032
5901376
4155520
2307904
6539200
9819648
7484864
25279360
13373440
5210304
19780928
5166464
5250624
5032960
3807232
9762304
8088768
9145280
9834368
3311168
8900416
7312128
10984896
14068864
10959232
11356608
8625216
7343424
3810368
3635136
10031488
11310080
8037760
4250112
15059968
5109760
18505664
6449344
12768960
3154560
8897344
8517504
4470400
7178816
9036544
12770432
10160320
4451392
14230976
7428544
9168704
9024064
8651648
24262400
2202944
13234560
5548672
6204416
10066304
26799616
7898432
3036864
6750912
34064704
5578944
4879232
4662976
3393856
9786048
3843136
10133888
15957248
7359168
10287680
10201024
26110144
8244608
7199808
12604608
13393216
10933120
15025728
8739392
3500544
13499968
3541504
10264576
3303488
6948864
5344320
16621248
8994304
5654720
4314304
6030144
11821952
14332544
7015488
8497920
5957376
4588352
6710272
6892160
6346368
10465664
9054976
13319168
10982592
10734080
9588096
8323584
6942656
17367808
8670656
22793216
9133120
3128448
7444480
5761536
6578432
6125760
4120448
11143296
9027008
7859392
10252480
14728000
4864640
4125952
11340352
10074432
12423040
6504256
4923648
9847168
14016064
5036352
16479424
21056512
7262912
4824832
17822016
7767808
10889536
11876736
6240128
8217280
7963648
10296128
13143552
3639104
9092864
10300224
4831616
8104576
5419840
16343360
7031168
6733888
13985152
4665344
9694656
5565824
4575360
18244032
14817536
3238592
8200576
7049088
8943360
11111744
8822656
4293504
18287296
11232896
8556736
7561856
15732672
10332544
5462592
13154240
13252096
4918528
9186944
11306432
8208320
11828544
9573312
6523904
6547328
2399744
8149696
18253760
15197888
14189120
19591104
5085120
18956992
4884224
7635136
5496384
9769344
20316736
8635392
5184128
24940992
5474688
9642240
11897408
7549056
7177856
5739776
3735168
4829056
7889856
9155392
8556736
14807296
3524864
16328640
7350336
17285504
7505344
8754496
28034944
12435008
15076096
18779456
8008512
9122304
3457536
4828288
17137408
3039680
11216256
7415552
7780992
7918592
14577408
8783424
8492480
7238208
5303104
5786752
19240064
5830528
8830976
3468224
10273984
10665152
10648320
6843584
12227456
10783872
3085440
14567680
10194816
9209536
13847552
3695552
8363072
3823808
9519808
6012864
19157696
4575616
8773952
11584640
6883840
4922432
7729536
10487360
25248512
6968640
26848128
10498688
3044800
23824960
10216640
15354944
20392064
6244992
22202304
9544192
11771200
5048128
5748800
6889856
5158976
13358848
4746944
10531712
9687040
15280512
8051072
4286208
7155520
7619840
11084736
12576192
11981632
12606016
22128512
4364608
5319936
7846336
8137856
14471680
7565120
10517312
4648576
13716736
4158272
9432000
11450944
28347520
7388672
3625152
14414336
8971968
5001088
21126912
5887040
10773888
9342464
5010624
8402752
10216192
8522240
6276352
3683712
11200512
7251712
14060672
25783680
6006912
16675456
6721856
16929920
6750144
7463296
4928320
16309248
7149696
7143616
5315520
7302144
6992832
13132736
12546880
6527488
9718976
18687744
9882880
9187200
14300608
6730240
3953152
9752512
5853120
25180352
10248512
3509248
6938752
4942080
7061248
5315200
12934528
6921856
8613504
12261760
10553472
21076416
6288832
6638016
3159744
10947648
15506944
13838336
12080832
8554752
11742080
6030976
5453376
5289728
5813696
13251328
19568960
3900480
12922112
6135488
7421888
8684480
17392192
12012480
22910016
13285440
8653504
8217216
7199232
5464320
10051264
4114176
7417856
9247232
13898240
2224704
18845632
11859072
4244864
10001472
9208640
8093888
19304192
12892992
4418240
6154304
13733824
7677120
8033344
12747648
12791104
8159104
2616256
9069504
10317888
13726080
4158848
17861184
7087424
7122240
14184320
55292224
25691968
5796096
4581760
17664960
6089152
12701952
5392320
4919936
20492416
14932672
4009280
28166848
8240128
7868288
9515200
7439040
6147840
12055424
2427072
8783424
10382720
9189376
18605824
5510272
14904320
7161792
14109568
7817344
19796608
11035136
11032064
9792384
6201664
9963904
21131968
7998848
3376704
3898624
4605760
11588416
16920000
15198720
10252864
7865728
3467008
19741504
14997632
30993920
12164160
8678528
12577664
5434624
3540864
5067136
12103296
13020864
37536896
7828096
9379776
5620032
23427584
13743744
4652032
8843136
6403392
5339968
20980608
4078464
8281152
8121024
28759296
10728768
6042240
9246784
6357760
13631232
4562752
6936640
17703936
19243584
11189312
2485440
9487616
10734144
8510272
6571264
5973696
29311552
4914880
17290048
14115648
19660288
7059968
5386944
16883584
9624320
6111168
11312448
9024192
7232128
11258560
11852480
23612096
4092928
41990080
8488896
11906368
7003520
7078656
4917056
7264384
3025216
13005696
12219520
10134272
11537280
36253568
4970240
10359936
8357632
16765184
5562944
5378112
11687360
7974464
7376640
11680960
8363264
9253120
12674240
11275840
2739968
3530752
8502144
18158656
9676480
9154304
21405888
17854784
10680256
6720768
36484416
11320256
8310272
7893248
3773632
26138560
3862720
2570432
6125184
21116160
15776640
12058496
12052992
6862848
17295744
33855424
7457408
5150720
16307648
10911936
4364032
10779456
11122048
15082432
4396224
17195072
3543808
6954432
10684544
7673216
11325248
25222656
5132416
13560768
22716672
6604736
9402816
16372800
5695104
9420800
8793536
9520512
8630720
14148416
32516032
12940928
6018368
10932096
7232832
14782528
8225984
4119296
5881472
7385344
10323712
5088832
18189824
21192512
5899200
24053760
18836096
10599424
8821312
4517120
7935168
12740480
7009088
16490944
25891136
3285440
6765440
8639872
8549632
5545728
10225152
4334144
8030912
13970880
5736768
8683200
6353600
3591616
8785728
20499904
9916352
16256384
9987072
21897088
7929024
12336128
7525952
30492544
16963584
10549440
5944640
6794752
3084928
13680256
25606400
3320832
7196800
2794752
15435520
6618880
3139840
27052416
25617280
58955840
2024064
7607744
7797824
8113280
10884544
7497728
8715904
6935424
13233088
5552768
12027456
6366592
22305280
4830208
4925248
18687680
7731328
7698112
12868864
26309696
7746432
4218176
7567744
8560512
4769920
18181312
24148224
5276160
5065152
6878144
14452480
17456064
17955904
45820096
6649344
7970688
14146112
16460672
7402176
8045760
10098688
16079680
12752000
14610880
2846464
8694336
10582656
8286336
7439232
13712960
8961728
38732480
8833472
18388736
23595840
25557248
4258496
5082624
13965568
9426560
4314240
8555008
14532288
12263680
7628864
8819072
6121280
12689920
6638272
26099328
4806016
10828992
4683584
24278464
5477952
16142656
4941440
9048960
5174208
7409600
16147136
3382976
10128320
5561728
27660608
10421824
4764608
13425728
10302208
4358976
11222848
16546880
10593664
9319424
11348352
5137600
20540864
10077760
43057984
10115648
5839104
6735552
13378368
15523008
5082176
3901952
8145984
8607616
16063936
8168320
9909440
27179776
5869824
7825728
16835072
8868928
17576896
5635584
10564416
14110784
9034560
9904768
26540928
10419584
2884864
12192576
14642944
5392128
4597056
11333888
10273920
17911808
11339776
18513408
3277120
4336320
7533952
11210176
9472448
37186496
32027456
7768896
14041792
6119744
4380224
8985984
13762688
10945088
23448064
10600192
6021248
7054016
14088128
7484224
3583872
13311424
9777792
16127296
5369856
7723968
12233920
9058432
25934848
6379072
13856832
9695104
18493632
11543168
11201984
31281280
19908224
10940736
16716544
6202880
11659136
6904384
16884288
8057344
13322752
3897920
10467072
10001152
12617792
3350272
7608832
11630656
19522816
24986944
11224064
13822464
6869312
24181888
9212096
11764544
13328256
11108608
8380416
33106752
17307200
9039104
10651712
16475264
2318784
21604544
6437056
6036736
31800064
27381120
10300032
5460800
3468736
5036736
19552832
5066176
21937664
4050752
8347840
11098112
24771072
7317888
7933632
33852800
8215808
11611392
6459136
6872832
21128960
13186432
7922880
16743488
6034240
23748864
8779392
13660736
29866944
4508224
9865088
19999936
7350912
28629952
14077504
4476672
3142528
11822912
14578752
17299008
4419264
20803904
6680448
12218880
14093184
7494208
7060544
9243136
8109760
28425088
5628288
8427200
7863616
12461696
8644864
21099520
8975936
11945152
6169408
7774976
7981632
9166848
12647872
10223040
29687168
13948992
7512640
4748544
9291264
8061888
7392896
12600320
13267968
35625536
22353920
6620992
12169792
13809536
6444416
10235392
16194880
12657984
15385344
5694080
15051392
4970944
7105984
19357952
16289472
2983552
5765056
10953856
18279808
15395328
8475712
20159424
7014208
11946432
11965376
8451136
10001792
15285888
31618880
4277568
6591936
7663680
5627456
13188928
19875072
10678912
4871680
15252800
26023488
26933888
7946240
7768448
8538496
10785408
15872064
12204672
5295168
24570304
6523968
11600832
8744960
7128384
10767680
11008384
21585920
7781248
12102848
16210880
9400512
9244672
28970048
22339200
6481536
12040704
6992576
7005568
25553792
9913600
18409792
10188928
16574656
16189760
4678080
16245120
9496768
9470528
16713856
11882240
7816640
6898816
20249472
3060928
11282112
8902720
7292544
10300416
36824448
14626432
19875200
7755776
9038336
6594176
4791104
28158336
11510400
27807424
6648640
28268608
10481024
20037696
14046208
5134592
9455552
23675392
18816128
6194624
16817024
8404672
14349312
8319680
13246272
20191296
8283008
10616640
3730624
9751872
5335872
8541184
13095488
16704768
17499136
9124224
11576832
5546368
3691136
15372544
6212032
11937344
53844544
11139072
9581632
3878400
19029760
5083840
5863552
17932480
9588544
10506304
43691776
11435648
15230976
5562624
16415296
9928256
4948736
9269184
18071040
24170944
20021888
6176960
9070016
29592960
9228096
13715840
45592768
3211200
8700736
12692864
9064320
12133696
21599168
8482688
20483840
12399168
11637952
10689536
10257856
29871488
13914688
9904000
5471040
5830528
21379456
11742208
17992000
7102464
10686528
11845568
12117376
11914304
45545664
7288704
4136384
8599168
14284224
24669760
10835200
5553856
9389120
12980288
17757696
32362496
24385472
10336448
7092032
5932480
12293952
10366976
20936896
13157824
3936256
5635200
6809728
5889152
9794816
20273088
38171840
5409152
9153280
4156416
10849664
11335296
7843584
15888256
13237568
11939456
14910400
9296768
16616000
8345280
23838336
15717248
6637824
15127936
6941056
17143360
7054400
12230080
18127936
9875456
7178624
17117376
9906624
18956480
14105536
6347520
18415232
5119360
9904256
8528128
6028672
15826688
14161152
12825792
16605632
14469888
7998400
17340160
23351936
8595200
38112640
11018752
15013184
12975040
5443968
8894272
17916352
10671552
14976256
5191552
18075968
18682112
19132224
5694784
10941760
12770240
10222848
5805184
8070848
4885696
12889536
10822336
16311488
57035840
3920768
7750400
9765184
10218112
14910848
14839104
23798656
10047424
3446464
18283840
8948928
10986048
7519424
14753856
21049280
9426688
19279808
17837376
24652288
8266752
8855744
20764160
22669312
24580416
5311680
14011008
6345472
15341632
18793984
38123200
9494848
10744576
26689856
4291584
5131520
11143936
10627264
18413184
8855680
10698752
3707968
6494208
10428672
5483840
19761472
26747840
19299328
13021632
7059072
6512448
15818944
16186880
4970880
7725568
16050240
19849856
10110656
5967424
28926080
8496832
18941504
16759936
5311040
35156160
14250432
4184576
7272320
8899456
6106112
19268544
8524288
14485248
21888320
15207104
15897920
23834688
14067776
7043520
4184512
9204032
7478912
5199232
12746560
5008768
10718976
14153600
22674432
12019520
11520512
58389376
2798592
7709056
11471296
18355392
6565632
10402688
2417792
14256704
5770944
12627072
8975616
9976640
9948288
19596416
10089152
20823232
6125056
13465792
14075136
13760064
8553408
8019200
16113280
5077696
8178560
6067200
17778176
21755520
10224640
12079744
17112448
12322048
9763136
10242240
23423360
5635072
8626560
19346688
7294528
8099776
12551552
18599232
10069376
38122432
12155968
30771392
11731520
11288448
9910272
25476672
11651584
12171264
11882752
7918720
3961728
5562624
6356160
5461760
51999744
17425536
14792960
7901312
8590528
17092736
6280128
20002112
8934528
9263552
24891200
7294848
8637696
12817536
10343424
8512576
11833920
22069760
16664128
6806784
7519680
24387968
48859776
10009664
7327744
13429312
7271552
8506368
12789760
17658176
5689280
7875520
7732736
16971712
14762624
12612992
13713600
6146752
17116416
11763392
14838208
25410432
16059200
7412736
9654272
3063040
12128384
14860736
22828416
14396608
29884416
6622144
22943104
26384192
8580672
5806400
8485120
22545536
5342848
14523328
9634176
20807040
5304832
19900608
3031360
16795520
13342720
16976192
16133184
19330880
20148864
11064256
6738688
5494976
8979072
15191360
30988992
4956160
16611776
5911168
28114944
15002496
4792768
27369216
10467264
5722624
7452992
13375616
7799104
7421440
18151296
23266688
7375616
26697728
13126208
9596160
47956032
19772672
11383168
7638464
14617024
13062976
7095296
7101056
33816000
10854464
5487360
9514624
5543936
8236928
10508160
12712512
16234048
19322176
34083136
17024064
7977536
6306688
12947840
7431680
14521216
15470272
35331456
9433216
13257920
23824000
18289664
17460096
4179456
23191296
13065408
8099136
5647552
22796416
6687488
6622912
6029696
9126592
8020736
18332672
11079680
21961152
7440000
9001536
19727168
8930432
3819456
32044032
18410624
22310016
12411904
7120896
7380736
5256768
19781056
8107968
13284992
10049856
9407616
33587008
6543104
9452352
8748800
25730624
17502336
19344576
8130368
13062976
27693824
8466624
8876544
28354816
20392256
19575808
46034688
7788864
3483200
9020992
23085056
14537152
38513984
7829952
33531840
9303360
5337600
17605376
8675264
12919424
13824768
22674880
15381056
28137728
9104000
17644928
5414464
10417728
20226112
11836160
4302272
3908736
21443328
16569088
10131328
9428608
15344512
6604544
7072128
5481984
13201216
23213248
17577088
14989696
35783744
8433728
16947648
18622784
13130112
6478848
10603776
6244224
24579904
10844928
20965440
4919360
13530496
20746240
6660288
15427264
7939456
10811264
9426688
11391360
10787712
14025664
9225856
12108928
13157504
8855232
8777856
23551360
14101504
6879488
10049856
6999872
5208256
34092224
5654848
11739392
78756864
5953920
6923008
12542016
9525952
5694336
14827008
18186496
27242624
5711040
15262464
9997952
12991424
22620608
18381312
11349312
8786048
15928064
14116864
4028928
31723520
51970048
6250368
12802304
5337408
12848192
7273728
28817024
12283520
17014272
17320448
17653312
28229760
11227648
10600192
21576768
3852736
7468992
22682944
12396800
8755392
13150464
33079936
11491840
31956416
10832128
6776832
10565760
8596096
10539456
37818240
9841856
5383040
5655488
6833280
7044864
15427840
19542912
17040960
10667712
16900672
7527168
16942848
7255296
23642176
5320128
26552384
11966336
9910720
8309120
11204864
12209536
7849408
8405760
9808768
23624768
25131264
4334720
12986816
12936128
7710528
8226816
12896448
16125760
6696576
6107520
38735040
5529664
15749056
14142272
6254656
12022592
15120768
4992128
28767104
16585152
10778624
9419200
8633536
7395264
25867584
34277504
30242752
9585344
16119552
12476800
6573952
25953024
8310336
9994176
21109568
10971648
13703936
11002688
13201472
16407232
26386752
3268736
3907776
14770368
16821120
103891520
5799488
3617856
11634496
6258112
8940928
8880448
7495744
14412352
16377024
16275520
12942976
22804992
12011008
26614656
16884544
10173632
21761408
12703168
9635968
9001088
23202752
12943872
15015424
12500032
15237376
10080832
21817920
10157184
5776320
7385792
8952832
10891968
9498880
5186304
30107328
23395904
13628352
18577664
20097856
14493824
12810304
15009536
8557952
7872256
20406208
5569408
19813824
13517504
10473408
25649856
5218816
11787264
9781120
21518080
43843072
12976832
4530880
14332032
9298880
4177152
23206848
5784256
14880000
18748864
24250304
8907072
12140160
6075456
5697472
39253056
17025024
4254976
9764992
9274112
33851712
13945152
23781952
15988864
32556224
10948160
11549760
20772928
16742208
10033984
18313728
12058880
10100416
7616512
17532608
4348992
11619328
8193408
16302720
28342528
7535360
20154176
13617792
14290880
36207936
10006464
5415552
24880576
8270784
8254720
9689088
19309696
7298944
9627968
19452224
15218112
19647232
7598272
8680512
7146624
7359808
13206976
18721472
3611968
20979968
15538944
26721728
27309696
23152512
4649728
8235200
20170624
4365120
6863232
26187200
28960768
38959296
47487040
15460288
10503040
4747008
15154880
6926784
18858496
5646912
28567808
8555072
4215360
29444032
4164288
13942912
17956800
6426432
5691648
19082880
4801536
12113024
38307456
8499392
10460608
5595904
10799424
8929216
11516544
14262592
32668672
27378816
17455168
10582656
12931136
6892672
9475136
25379904
18046976
5027328
12659328
77028032
9260480
15780160
4076800
9362624
5700992
12651072
11326144
31344896
4417984
10671616
14277440
9844672
17777344
6397184
5621312
22499776
3608064
7380416
23138688
24792256
7048000
6666880
13540224
11444800
23648640
5482112
12472192
23604416
5515712
6443392
12392576
16529152
11320640
8593984
11811200
19415616
6726464
10550272
18641088
15165504
26786496
8216448
17064576
13594560
13607872
32149760
17380480
34227584
7670976
44955840
6654784
12558144
7594176
12920192
28961280
15293248
36293888
27418368
4749888
6003840
26558912
17108288
4999232
10319872
16318464
21330112
13249600
8143296
6656896
10131968
21235904
6094656
36466944
4763392
5606016
11714944
7869376
20716288
4009280
12470272
6690176
5955136
8262144
17902528
28911232
10870272
5627840
7355520
9016576
31284672
4515584
12101824
17624384
17975488
16921664
10923840
16149184
49826112
3994688
9826688
11749184
40755840
8472576
10900672
19844544
13420608
20327616
9091136
14150592
7085120
22412416
10639616
4779904
6493824
13793600
14558784
15416832
5374912
14508544
10490176
14048064
14154560
20070080
7801792
16420992
5510144
27161280
16599616
36414016
8469312
16218944
20938816
10663424
28457472
58471040
14121792
4386560
12358144
13619328
20083648
7485248
9390976
5704320
7878656
17326272
6516800
11207616
18942208
35245440
11647360
10499648
7382016
19318848
21334528
8067392
13697536
6467136
14388224
9601280
5990592
9238336
11427328
23229696
35756736
17331712
8321024
10067008
18346560
6666624
8126912
22161792
10080192
12688704
13009152
6370944
15106688
24219584
6123776
7790144
16571904
13126464
12366912
15412416
9533760
8134528
9390656
28716352
6480000
5977344
12512704
9528320
9410560
29731072
33715072
49750080
9699008
11815488
7012992
8559168
16239936
21220800
31459456
11511296
9792064
44248832
13713536
11421056
4712704
6693440
27274944
25359168
6844416
11823168
11227520
27956992
3108288
12847744
9511680
22425984
24276160
99366080
4662208
13603008
19408448
7027392
19974144
13717184
17714240
7307712
8800960
21483200
7512960
8714624
15240000
5893952
10914368
21502784
8317760
11662336
36595328
22599936
11407936
10087232
15609984
12849472
31407104
3632128
12682176
27292352
19633664
13964352
8342272
19026624
8711488
25418688
22656768
8950784
7282112
15580032
8974144
15356736
46011840
3299136
6804800
27352896
19201152
7015168
18178048
11752320
7502464
19203072
9592512
8444288
11453440
29076736
14878592
14670720
7711360
13977280
21401408
11667648
4792128
10686400
12181568
15774080
23999488
22076544
6109120
5100992
45220352
8347520
28714432
40124160
6897472
10670016
45692224
5772160
8507648
13835776
28995456
9693952
6090048
7741184
16567936
12299776
8576128
18289024
17627072
35203072
14643136
55106112
6637376
16036928
3299072
9741376
9265088
5294016
15670720
6808832
10667392
9998976
9248064
9076352
7941184
11213888
30738368
25567424
6124992
6059072
6722944
21117568
30852608
14935488
18016000
6653056
10217728
20123648
5336320
8171520
9611776
25465856
43924992
24810944
2947968
12350208
23448896
6062464
7144512
16560000
17284608
10950144
5680000
21576832
37180032
24100544
8675712
7835904
5104320
12117312
10703872
8697728
9233664
15858496
19863616
10380416
36654848
8799680
48238464
37338560
27292160
4868544
16293184
11010368
13603968
19697408
21487872
25961088
5613248
7303488
40065024
6729088
6353152
9236736
18633280
9980480
13821440
14328960
15934976
56670784
8737344
5479424
22809600
76573888
15422528
4335424
5869248
7861376
11023168
5267584
25067200
30666112
7597888
14131136
15343488
27489920
9818048
11995648
11091136
4192832
27946240
25227328
11051712
7553152
14016256
15077312
9073216
24248320
8845248
23010496
7183744
11671936
12404992
10701312
6105408
23146432
13842240
10312512
11794176
12669056
15905536
7129408
12102464
7984512
36637120
28487808
13493696
9172736
23206016
6969536
9791552
49532672
3785728
6208704
5843136
6871552
30094336
7650176
28954240
21671744
6942592
17727936
13032640
10841856
6377984
11991104
26098496
20873088
11555392
7577728
16068736
14792320
18658880
4370560
9551104
11592896
19651840
15108864
14390976
17465536
21443072
4702208
5911040
3700864
24733504
17899200
31543744
9314112
5769088
6913728
17806464
16361408
29063680
6715264
9243648
46294912
19905856
4033216
23514304
9057984
12187136
37767552
12105088
14347328
8668224
7348224
10987008
30919616
5781952
22906176
15025600
12087104
8009536
11807104
23769472
14183232
6922560
14646784
24626560
12008960
4916416
17504576
12682688
21897856
25973248
5636288
5681472
11744384
20390592
12878080
8413760
5525312
16224960
8990272
16592512
13682176
29389376
12406464
25779648
12298368
5704960
41425216
9967936
27125952
25120128
4995840
21098752
4209088
5698432
7376896
5073472
12110208
17166720
50524736
13093248
13353984
17514368
6924480
6169728
14995200
12272320
8321728
37058688
9581824
53693760
9796224
15615552
6096320
6617728
11631680
12589696
17147648
13956800
28857536
9951936
14131072
13553920
6567808
10067392
17340224
17033216
24433472
5070144
6124672
11544896
15101760
27826624
18892480
6498112
22851648
4612800
10748992
20256128
43264960
20605760
10315520
4734144
7659072
43214464
23699584
17698752
6102592
33871104
11119872
10453504
11448320
11259904
5552000
6325952
23432896
11561344
31344000
34799488
28112704
11849408
12632320
7416192
6104512
15863936
16689216
7020736
14392832
9275968
14079296
30258560
31608640
11031936
46952256
13734400
8012160
4578368
30678080
4888512
8540608
9177664
22732736
18850176
12719936
4516352
15856192
11303680
39624448
10722816
6295232
16814656
13806656
11659840
20016512
9840192
11030848
9349312
42004416
20413312
4310272
5257664
30946432
7505856
30592256
6614464
11093312
66545280
6171200
13991488
10839168
4145024
7519616
24280704
7136768
8508992
17501248
14642176
6212480
8171136
7538240
12710080
15627456
30101056
12163136
23502016
19304128
20425408
7276352
13411904
16641792
13835584
4511424
13626048
12955520
21201344
47325120
8735040
5637888
14505792
22135488
8685120
11751936
11094848
12778368
15483200
15788800
46482240
7090816
9731456
11490112
19299712
10207232
20543168
3306624
13943424
6331136
12177536
25465408
29876864
7199872
7214528
15914880
9649856
13082112
13274432
13101312
23116608
10698304
12194752
10336256
6722624
32346304
6665728
20646976
72878464
26182528
10517184
11748160
12144000
16741184
13078400
18594816
16576000
4633984
16176576
18650368
12082816
25197760
14816768
19483008
19391104
16244480
15674560
40101056
8286784
13842752
20105664
14414848
10697984
21063168
39896128
10310336
20422336
7794816
21654592
8828800
26368448
4258432
14930688
58498880
8929600
10321280
18195648
35977152
10645568
41435456
10508800
7229504
21743808
18693760
9645632
18124736
24613504
9356608
5159360
19944320
8014080
6082560
21901376
13396672
26873472
23960512
7240000
13086720
11013440
10180288
11856576
19972352
11350464
7248192
25103296
8511296
13715008
10486208
10255488
10670592
38119104
24549760
6561088
26693952
4907776
17608512
11182080
20856448
7535808
11966784
23755840
11252608
26643392
12380928
21575552
10359104
5690496
9089408
27844288
14852480
9635264
8484992
12322752
54658304
6828160
8159168
22488320
45996864
15833024
18727296
5393728
9628672
7791488
8407936
22641152
18871296
9164160
13196032
19848768
54546688
19744640
11061056
5451520
16480576
4259264
17404800
20397824
23939904
3993920
14160640
14222208
8747712
17048192
10102528
7120960
16933888
17482176
6914688
17911424
9936384
5168704
24423360
11779008
22318208
6207808
13760640
20009856
24392192
39697664
7844544
8562112
9342720
11880256
17652672
16271296
4705408
23275392
18475648
17582080
21803072
13457984
24844928
34593280
16076992
10848448
15927424
22372608
5811904
7271872
27411648
6626816
27739968
17414208
16256704
14196480
7625408
37481536
11144576
19972608
11480512
17992128
5402816
12775168
17566592
8615744
12581888
9283968
15957248
6847040
13453120
24002048
23506560
16589120
23047168
12305728
10141760
44396992
6294144
55246080
13445184
4423232
11728000
13111488
6303488
13307520
6922688
21322816
27918144
18228096
28366784
21282176
9045312
18492416
21793920
3546112
8991104
21555392
13838208
11037312
11815808
13207104
25532416
14365760
12892928
11777024
7274304
11136960
23870848
31982528
37894592
17803904
15461440
5260288
11118912
15657408
19139904
19682240
16825664
8291392
7275392
10065216
15739200
15514496
21246912
8311296
17703296
11258112
16803072
16230976
24797184
9299200
11137856
13929024
7684160
8240448
21702848
20398656
10748992
36297088
3653504
12375104
7896448
34747264
23328512
10705088
22321152
9187264
11558336
33811328
13042368
20988992
30767360
18495552
8483136
6694208
6377728
8038016
21767424
13628672
27568704
4263296
14339840
9191808
5302208
9920320
19422336
39562880
17950656
5749376
14092800
24119680
23258496
8625664
9445312
12734976
15511296
18072768
9307648
15946496
4123328
20180416
7435456
13854592
44140672
6038144
26786624
15519552
4403904
52606016
8258624
8345344
10226176
12566080
46050688
22372864
20669952
8820672
28096768
5829312
18987648
12206720
6557760
9451904
22011200
26694400
17808704
7521024
13729280
8325696
10887360
12481536
11698240
10310464
37019200
8651136
15638400
18907648
35060544
18248064
8418496
19916992
25263040
11081536
7924224
5399680
26601152
10385984
13495232
43109184
6683712
9182912
7944064
31723136
12945152
10754880
10896832
12601216
10708288
56041408
24780288
7244224
9235136
13560832
8701696
15669504
8399360
7244992
45901440
11806784
7794368
18749184
14039488
9153728
15019776
14955136
18338496
22587392
6843072
5221888
21163712
27848128
18933568
27203008
23685312
15686592
21179904
10855168
10926080
10576832
16421632
16650304
12595520
38518848
12660224
17209600
11279424
13444032
22497792
16651584
38951168
29830016
22736640
9103552
63305792
7699008
62228864
12850752
28768768
16629568
17083392
8636224
12355904
8614400
12926976
16563136
11624576
13900800
10991744
23289600
9599040
9995392
13508608
7396352
7361344
25005440
16672512
9688640
37488256
19814528
7437696
31117184
13493760
20978688
12738688
11252480
19886656
25186176
25212224
11185280
14593152
14496896
9424448
10065600
16755136
35578112
5892864
6120384
21143552
29627456
13836608
9959744
13416576
18454720
11808896
18705664
10559424
13420032
15164608
14252480
13929280
39876224
9909056
13073088
10060160
10194112
22536512
7165248
9633920
9141888
9928128
53675200
20356416
8831040
26907840
7352576
22151744
7597120
16500864
24932480
15270784
17921600
30349184
2475072
17068608
20776896
15891712
7437824
13189952
3544640
9628480
22060288
73842944
5889216
17172416
10433344
14727104
16893696
58045312
21168000
4480384
10478656
15177088
7001984
17537472
39922688
50204864
14377856
35717440
2480000
13865984
11180544
23575040
15951616
26091200
8865216
31411520
14424064
10327232
7106048
13735616
11781184
11590720
10422464
14533760
26481664
69879296
8294016
16109312
9687744
10043136
6030016
13861184
8894400
14476928
13934336
12502720
12317696
28345856
8235712
16243264
11461504
17303488
39670272
13628480
8214912
12407168
4740672
12587264
17532928
27812032
10293760
12686720
4458176
9187840
29329280
32506368
17157824
31065792
46580416
4881600
4107520
5203968
13472256
22847616
8895360
8874816
9525760
8373312
11901824
16094656
30124032
27881216
8450624
28900288
6230272
10441664
29716544
19594240
20451904
3882368
7320768
10713408
12818176
36878400
14502976
4450752
25955904
7781888
8123776
17700096
11187520
12900800
22261888
14919296
6655168
6021696
25725312
4644672
36359872
15014464
13304704
13522944
11651968
10015680
27624512
19136768
16189504
12899200
26731200
25086080
6276416
32703424
8976832
14994688
6155136
15957184
15892864
36276224
25871040
8286912
18233600
7483456
11385984
4713664
22432576
20208640
47338944
8823872
7045952
7146496
39810240
9202304
6597312
17393152
8191040
18303040
4674560
12994432
33502080
19554112
22680832
43585408
6640960
21729536
18503232
10970816
8091904
12324096
10350848
49335232
15173952
11210880
20102784
7173376
55579712
8420928
22414976
7868096
11614080
11322432
7371584
17572544
22119552
69477568
6166976
11563392
11745600
9139840
19767360
35615040
20150656
11878400
32689664
10022272
8801088
23551488
19708992
28151424
2591424
10302720
13787008
14108992
4163392
27031616
10617600
30801280
4218240
15530560
10500352
12530048
11701056
10953024
9708352
7781504
39214144
13095104
22865472
20553408
14166848
14347072
24199872
39011840
14967424
14906624
7006208
22663552
7635264
21469888
42712768
23264064
71690624
7661504
9061056
21509952
20094144
6548864
16585664
7062784
6015296
12094656
7923072
23125632
11681152
25569216
13129536
16793024
48830272
41759104
7108032
8205248
14120640
11121152
32558528
11265152
5175808
16118464
67672320
6319552
12178816
14273152
18069952
5480768
8478656
10780672
16326016
10155200
23536768
25631616
13909056
15297152
3968256
11922496
9418112
19800896
13662400
75990592
41584576
3499840
6338176
13143232
13516672
14152768
11191680
32445504
25787776
13222912
16930560
9123776
11159232
63938176
5999104
9843776
8089344
19912576
9324352
11037568
31547776
20884224
7263936
10287488
19027008
13522816
17515904
12832704
17927488
13445760
3632576
24507648
11865664
25024192
14072768
6360960
11004096
10482368
55986176
18862080
5550976
19288448
6765184
14074560
16116992
18597504
9718208
5562944
10298432
6068864
7836928
18230336
31272768
4681984
11113792
19287040
11248192
15336064
10264640
11690688
27206784
5787008
16484096
24173952
79686272
13014144
5774272
9170112
34977600
12154112
10253824
10672768
14322624
6780608
26816704
26666240
52958336
22509760
4743424
19340736
71420864
6459456
16448128
14836800
13520896
7579328
7319232
33373952
7154496
11096256
25508672
3198592
18376576
17350528
7793984
15495680
19141440
23160960
9925248
13101568
8875456
50254336
14425344
10133888
8927168
21571200
24105536
12526144
9146944
15219648
17418624
7179776
42494272
5037504
8347584
13462976
9724992
24742208
21056640
30091584
7929344
10796992
20582400
17504064
23388672
34585664
29412736
4656448
13377728
8146944
10771520
20223488
13189312
13204800
17290688
15151616
22569856
16085760
27440896
70857024
14345984
14776128
18571840
59340096
20091200
6261824
7800576
46589760
13097984
6348352
21681600
11527936
11943040
12612288
8402752
13850944
56754752
20584384
15234240
13118720
4005568
19077312
8661440
13833408
9368512
7270336
27937088
45441600
5897344
29435968
10287872
14682496
11693056
8855232
19570304
21518144
21915584
16971904
66102656
14658048
20587456
27241344
9979328
14954496
9280064
7295232
27016832
24461888
8632576
9700928
7075456
6920576
20535488
24927680
24187904
9443136
16023488
16540224
24731392
6985856
14942592
17609728
18898752
13806080
17229568
17098752
24520832
14648128
13310528
12784192
33911168
5672576
27295872
20096960
20323648
12463616
10331712
6327680
18104128
30045888
20797888
4899456
10399040
6403264
7417024
16446720
20686720
11653248
15976896
89556864
7367936
7859456
12197056
48953920
16468800
28569216
23624192
4115072
42093504
4733056
6418752
16935360
12719168
8420416
22720640
13273728
30498880
18008448
33737472
26099392
21023872
7751104
23879808
15548928
11810496
15014592
10512256
21052736
9883264
21561408
9214656
6811904
73651648
27444736
9693504
6786944
17889920
46196288
9729024
5717248
8041728
9080256
9524224
35053120
7810368
54633600
36453440
3669248
11554496
21428352
25300864
46155456
12410944
4156032
41484544
15508160
7428992
6741888
21448128
14662912
4012928
24134720
11396032
14006784
22626560
5478592
14613760
18242688
6688704
39650048
9389760
8913984
11676416
10468224
12350912
12665024
16416832
11629056
34680512
9028288
23303360
28046272
13040640
7908992
23601728
23116288
27582144
116087936
17640320
8255552
6322816
14990784
10471488
44129280
83948160
5695424
7306752
12923584
12466624
6070336
8958080
10335040
15538112
8904640
16927296
20700352
8810496
16435264
9951744
24630976
26273856
19603840
6587072
16671296
39027008
29017216
29901568
4978176
5715520
12161664
26095680
13622400
18254016
11488896
14188800
107225344
11814912
14628800
8427904
13209024
16632000
16285056
12015488
12779200
18799680
15436992
7951616
25579392
12960896
9016768
23984128
19360256
10134656
10121408
34495424
21970752
41379712
44807040
6734592
5175232
7898560
23348544
4962304
11366528
10709824
9808000
7274240
34852864
10661952
21073024
14364736
45679232
12323136
12050304
7599488
18623616
18497792
14582784
20251264
20085824
50506176
6598208
13999168
8343744
43109632
8174336
11304192
15023744
5556992
16242240
36334528
4060224
14294336
12040576
12397760
12003264
14586560
9066752
12891776
14248960
13151808
9554688
11655680
11026304
26777408
23930816
9695360
18214272
14816000
17693504
13303808
9678720
17505792
14383488
22731200
9421952
14905472
21673728
25156800
11193856
20979200
18061312
11070656
20491648
15036800
21114240
29733888
6773376
20965632
15881536
4722496
35131968
11714560
14945472
25450944
7173120
14654912
24604992
12603776
37997376
17135680
13422336
22074048
19326528
12532352
5953728
11232704
34460160
12281984
12256960
20523008
21566464
32026368
44495808
15910784
8399104
12786688
85738944
10792064
8720960
6832320
15486848
12705984
15962048
27238400
32164544
38203008
10242560
14319616
9649216
8980480
12904640
27149696
6384256
10237184
21318656
31097216
16973760
27697984
17620160
8800448
10228032
38659776
6314880
11102720
10587648
11812864
23856384
37195328
39115072
18717248
11878720
12037760
36607808
11734848
11297536
19574592
21825216
28619712
2665216
11217792
18243648
30325760
18895872
12268672
14337728
12570176
18477248
13486592
22883136
31884352
3108544
10849664
43233088
13206336
10860672
6773952
8609536
49511936
11631360
15844480
27353088
31730688
6425728
6620928
21247168
8711040
17135360
37594816
15146304
15346624
7353344
16336512
12523136
14174656
38141696
21224448
8486336
13577088
11109568
15337664
7877824
12233024
34951552
28457344
14272704
18003328
6786432
21758528
34922304
8922560
17339584
8015808
11252608
30310976
7278016
9783040
7891008
19419008
61687680
11914752
8555264
12381056
7403392
15827136
20502784
36980544
7372672
23934144
21446720
19324608
12112576
12484352
9667200
12718976
9383488
25226176
21338624
21162048
4889920
26135872
29960192
9956160
23904256
15837248
18241408
7126016
21204992
56815488
4848960
8764800
4654464
15508864
14599552
11279808
16638720
18204672
17106112
8249472
10966144
38305920
15986752
30139584
7678336
53356800
13567552
15012160
6928576
11885376
26218880
7454528
9215360
22363968
6861312
12056832
7954560
26226496
8321344
19582784
14545600
4563648
12346176
12633664
26959296
16663552
12313792
7038912
5544192
10313024
10447936
58326848
11091264
9042368
13723008
28391168
44921472
12531456
10828352
27204096
17862720
9514752
8669568
12992512
25025920
28570432
17632960
12084032
54762816
7683648
10651968
17917440
23207232
30648960
6444480
7379328
6302144
6432064
10064768
26300288
42380160
13837568
61919872
9527744
6494912
8979328
11162816
26747392
22157632
8563392
18882432
18759168
5358720
10989824
9729024
18974592
11569536
18029376
18782144
17719296
18902848
8990016
20121920
22203136
8546432
14550528
47230976
47806720
24940032
10026368
25692992
23043648
5790720
11958976
16813376
9373312
16903872
11067968
10414784
27644480
12193728
28215040
8911488
8835712
14915136
35279488
17361088
35321792
6040192
5082624
9678656
43121984
31037056
14064000
19419584
5954624
6694656
11344512
19774080
10530752
10473792
15337792
11550208
18922688
30448192
32523328
52784896
31482176
8419200
11406272
4591872
13086976
14803712
14527104
21732224
36396672
9874624
12059520
40155648
7781440
7304000
26248448
9273536
26139264
29184256
31601344
21946496
4152320
12394432
9135232
17504960
12759552
8331648
43194176
12997760
53833728
7187648
6629632
13448960
12926208
11302080
8048832
14961536
5933248
14506112
37003328
7278016
10460224
20350336
15543424
7304448
26023872
20288704
17562624
19794048
40382912
4596160
11968960
30820480
12187008
31809600
26693696
41140736
22122432
15560384
9296576
5982656
10000640
16227520
4120704
15917760
11493248
9719552
15992320
11726400
44942528
17317568
11111872
21740736
26012544
5898560
21487616
24222720
20269120
6058304
10669824
6074496
39206784
20229760
16516480
24600320
18263552
5638400
10928064
9607104
8245184
44742912
7042560
13854976
24794752
16658816
10074368
25218048
24135552
14704512
68725824
39814080
12542464
5832256
8845824
13137920
14385792
67497408
8495808
9487424
33132224
11342592
11027584
17703296
11075200
24698304
9662080
15426752
22720192
14525888
14241920
16733440
20077632
9662272
10506688
12516416
16086144
4677568
30051968
21586240
17819520
7846464
24251072
10876992
12970944
6119680
50366144
4466496
24812224
9935040
15629952
15388352
24423872
10946816
19844736
16323968
21897536
23585408
15245952
42845504
19474048
9084288
7753600
20850240
7462016
16201536
11393536
10986176
15516224
46241792
6134144
13068416
16601664
14272064
19789632
16557248
18481216
22165440
9483776
6198912
10909504
13408640
31327744
6532352
22229696
41655936
10401088
7617024
11592320
16666304
12274816
14731456
30917312
22165120
18819072
30061184
12355200
12701568
9534784
8975808
6984448
14001792
7933760
20919360
37376192
34802112
68376320
6217088
5382592
7104704
14305984
15965760
54333760
9534720
15848320
6368704
5955584
6400064
32764480
17995200
17036864
17752704
8750464
21346880
17344832
37981312
9595648
25746304
17093696
11739136
15937472
13332800
5241920
5918720
43324416
6927872
55144896
104133696
12737600
16063296
11805312
12625984
4912576
14354048
27323968
8289792
38366656
12279744
11063232
14096256
9080768
17887296
20843264
50328384
10237760
24616512
9070592
34174592
11150400
17737344
9341504
11748992
9669312
29605376
14574016
29324672
45441984
6327168
6381824
19506496
14223744
6553344
11035072
17819328
40455936
8142336
14648192
8721280
9317376
5540288
14131840
12179840
8614208
20047744
37617088
9863936
13725760
6809472
6691840
10803392
9562752
25613504
14763712
27390272
29958272
15216704
11845824
4731584
4568256
15070080
28194624
10267584
57346560
22129984
10528576
8354560
26290816
10775616
17341760
19089472
35731968
13000320
7521856
6438144
17360576
19257728
8211136
21623680
21968384
7287616
10258944
19001728
10151040
22848576
22086144
40318080
11689664
23627776
11377024
43240640
6618816
15204032
9520832
22693120
10608064
18933120
6811712
19960000
6692736
18840000
29154752
7748480
8874880
10317184
15956032
23835520
17256640
12172224
24126976
28572352
20490496
23489216
43704192
6886016
15151744
14380608
36585600
30319616
46740288
7809664
6886976
18460416
4895872
8317120
12532672
15666176
11782464
23804288
49644544
4906176
11204352
3676288
21058176
21241856
11557056
14048576
8583040
25402752
9482816
27240512
7603328
9336320
14095168
39612480
33521408
5069056
9365312
8080320
10749888
65459712
21779328
10328384
7606976
31718848
26363648
18669440
16878080
16028096
14921472
39352512
37674560
5527872
3639360
5484864
11282944
14028288
14080000
27610176
20620480
68207552
14088128
4020800
7565888
16719808
7874688
7135168
15602304
6382720
22892736
20501760
7839104
22377856
17557248
17322944
18761792
123428672
19101952
20215296
19136128
3755584
9420544
22874752
18341376
8616832
23494144
11342272
32892928
58654080
8102848
6951872
12293312
18446016
15210048
10452992
11774208
15280384
23124864
20395776
13734592
35718016
8808832
9370752
6238464
10653568
14972992
12593280
15651072
8985536
29531136
18586880
26579520
15245376
9215040
16075584
16252096
6606720
9078528
34618240
14340224
21866560
28887232
25385600
11952832
7523072
17668736
21373760
16886208
40195904
6375040
8228160
10697920
22512512
19883968
7724096
17896192
23276608
6257024
44541824
8507712
19976704
15777472
8682112
31296320
10004864
31549184
11503104
13560064
48615168
8371840
13749056
4451264
21114368
12639360
12755648
11420480
60232064
7980032
9662080
53237376
62302144
2938304
11614272
8932032
14324800
50285440
23608576
11495168
5979456
26957824
16422144
6217856
27419264
11689408
22024704
13969856
43534912
13305536
29541632
7248512
8806656
6961920
30441600
7172224
16391872
60441856
16251648
5745600
13870784
12875584
9825472
17405056
19589440
6843968
14742208
15814912
11739392
30606272
6564416
28211456
17138048
22966080
27524224
13496320
13445376
19516544
14934784
6846784
14991360
7957568
23910464
38406016
26516672
39720640
6542464
16460800
10573120
22545344
11188096
30885824
18444736
7580224
15773184
10723392
12389568
13913088
37682944
10972992
7288384
13632576
8582720
6540992
17012992
39603264
10074496
22069376
17022912
36018624
8572672
5302592
10264448
20108352
14301056
11927168
21428992
30537216
17471552
18929536
6180864
21546112
8986432
7986304
23707712
26925440
10896640
61302784
10579840
10121664
33226944
41912192
30870080
5331648
7477120
20285824
46124864
35521024
17860800
10157504
10481664
14668864
57323456
4759040
5109760
27916992
17308480
6223680
10090240
11690624
25531072
34702272
5624640
23070144
11376000
22566208
34906624
32000640
8199360
10567040
10274816
8391872
31145216
13652672
19298496
15228928
13291456
57858560
26990912
24353152
15262912
8530688
7686976
29800960
9793920
16131200
25750528
12424448
63550528
9154112
7712256
16859968
14015296
12513088
7723136
18688896
36397312
7158912
10224320
10780800
31245760
13696768
12579072
7841472
18022464
24491776
19646144
40531392
20727616
7770048
9210304
14105920
18279488
54564672
7495360
24245824
25985792
16921728
8449472
18168768
36033728
19257472
39395072
25346048
27232192
13526784
13490688
10988480
26686464
16997568
7790016
21562816
7652416
5339584
10262400
16718272
10120960
60735488
11736896
18455936
15603136
13383296
13605632
16463936
33226112
28185088
14253696
11474752
13572864
32162496
12745856
7325568
27501312
9742080
26711296
29059904
7443328
21546304
13087680
80350656
6368896
8357056
11175104
5749376
10923712
23155392
23413312
14563072
45656320
27914432
25407360
12528960
5220928
9953856
17418752
26551360
24764224
6210752
18645952
13839936
22144704
15702144
11430144
53958336
26389952
8409152
23402048
12038848
13173056
45136448
10325120
13041152
27888576
20029056
17202752
16117312
5602368
14284352
14183296
34366336
19352320
8098112
22643840
12770560
13486208
11646912
11148224
9144192
47442432
18784576
38517952
12070464
16948480
4489728
44351360
28684736
10723456
14454592
15631040
7641728
11914112
11808896
9760960
57245056
9337920
17188224
21627584
14682944
7007808
21289408
27686848
11069312
41705536
10765504
107209088
5493632
6965760
14865088
22503168
17436864
48146624
14861440
20925184
4537408
5608640
13987584
14557120
22667712
13506496
17043072
20627840
66571072
8065344
7321216
12008448
20544256
19444544
16491456
71588608
19671744
36694080
11780096
6759488
7314432
14576576
17794688
46516096
29942336
24465152
4080448
4748608
9195264
15580032
12495616
36346560
33181824
7655744
8797248
9788992
42622400
17020736
22288192
22495616
7135488
15290880
7266624
12082240
12058432
43670848
34736256
14463680
37140928
10901376
8376448
41090112
10460480
5417024
18733888
34739648
35112320
5737728
17063872
20671744
16044096
31215232
9202368
14827968
12453056
20696128
35080512
15539008
7929280
25845056
21852608
7558208
83417856
9163904
23952512
21383360
28328320
8299008
9037056
15980544
19183744
41385792
27423616
7930368
9592576
13665024
19495552
25197504
7563328
9791296
19234816
30592704
9377280
12793472
13900288
91737600
32378944
6480128
13798080
31592384
7958336
21456448
17306560
18786816
8036160
16034496
16839424
32238016
6306688
30747840
11980608
20478464
9944704
4806080
23575680
44909376
26514304
25026816
6969984
6548032
7080064
17977728
23117120
95506304
5306752
27118144
8705088
7639232
13474944
13898560
20926016
25192768
22518464
23306880
6741440
25487168
4950080
9932608
37938048
8434688
20053056
9177536
27611712
50486400
9326080
25362048
57627456
7085056
52749248
5677504
12679360
9490176
14617536
10181248
10125632
6638976
13327488
26645568
25990272
21260736
15402112
37709312
21386944
8449280
17006208
7211072
13764992
8706176
29234624
18180928
9949696
7091008
26689024
19665920
38325760
8262720
8086208
51068672
22263296
12380544
27774848
14930112
13949504
30258624
10928704
21078080
13569280
11785664
5827456
41391296
17435264
11698688
27716992
91347840
13898112
5408704
4966080
11261504
35865152
6839424
18594048
14042496
22492224
9599168
17821888
9998720
25700096
13469184
15814720
25530176
4262976
37213248
21142464
3489344
35016576
9778304
9375680
10318592
32937344
38500160
39843840
9290688
10108224
6264832
27167872
37353920
8372480
13244992
25511680
25695296
24401792
36864064
12543872
23338368
15186368
19911296
13175744
11727488
8080192
21492352
6400768
15507904
35898368
6774208
44119744
7469824
23428160
7074560
15208896
18722368
16591360
12789504
9076096
9226688
8114048
14157888
58088960
15884736
19680320
17763520
11710080
20275200
8230208
13303744
17722176
63867904
23066752
14968960
12754560
22675200
4481600
28065728
30060864
16983616
18353536
10415744
20785088
20381312
9836864
26037888
44264000
6753344
28138432
17230208
9764096
7786368
5092544
10479104
34768000
7306944
15650112
23767104
13814144
25503168
22237440
31523264
7635520
21940544
5950912
27720128
8479872
7081920
20557504
12062720
39439104
17444992
27476864
25938240
11558016
45613696
13307328
9115840
20753984
17530240
10646144
22260416
29707584
14738816
5635520
38438656
16863104
17841344
9183168
6624128
14829632
14390016
22504064
34890368
17119488
8585280
24478400
11294976
15302144
25359744
9129984
12724544
8701568
25642944
13983424
42207936
6517184
14935680
17645760
8707712
7377472
24135232
52197696
10672448
6037760
41956928
13095872
32347840
17044928
18377408
8972416
22541760
21688256
10578176
41411776
9095232
16300352
32783936
38274816
5773568
22605696
32863872
19612416
5367936
16305280
14324096
23517696
11246464
14560448
25753792
21534912
6632384
15859264
6886144
58192256
14881856
26379008
7947072
14407552
16533632
10997376
13765056
11173504
26949504
19694528
9528448
63898688
12637568
19313280
11607744
27087680
27421376
22193664
22246144
3823616
76305536
11559616
16822208
7401408
17860608
51846656
19244608
4171776
16438976
17562944
13306816
7019008
8531072
39339200
40828032
25519040
11940416
13311936
7726848
8138240
20678080
6602368
10475072
29698752
28459072
13689792
10029952
12799168
20605760
15950144
18922816
14540032
27882112
24004864
21506752
12266560
20206976
32833600
41419392
46546560
12556928
34261760
8989504
9897856
10188544
19815104
31193728
8068416
7415488
8969792
12608640
8253952
17431808
8594240
7283264
16156992
12971328
23083200
17949440
23770176
14377728
16739200
19238848
12227392
33182272
17925760
47518656
19498880
11819968
6790080
31216192
12515776
10271744
6037824
13180096
8340224
18332160
29911616
8334784
13993408
30764480
60923840
6285760
12066112
12518976
12354112
10722304
16967552
5628160
13107264
26555840
18791872
24272192
7350080
11925120
8799232
62582656
10404352
8052480
34729856
5456320
23901568
15124032
22240000
41973952
27287808
17587776
19572096
9327296
10737088
20551168
8906304
25467520
10030080
12948544
10967552
11804480
22134720
46893824
26506816
21059264
37605120
13254016
7873024
9907776
11851712
6791296
6580480
12914048
17827200
28710464
13956416
19324352
29184128
19994176
18014656
17067456
9647808
44301568
37090048
15672000
9649408
15122688
50000832
16242752
35028672
57035712
11961792
18488832
33505472
38303424
6944448
13150656
37518016
5749120
9908096
69313216
7468160
20665088
34196928
9016000
20370624
11405888
43744832
9962432
27481024
30896256
5017920
6523584
20253056
29049536
9662592
13039360
7237568
23985600
12985728
21337664
15804800
16137024
29762432
12281600
7334656
15522496
38776128
12231104
13430912
13825344
25835840
19686208
43782144
11218944
20172352
3721344
8402432
21498368
8537472
71791680
14500928
6331136
11069504
68400576
9543424
14615488
8442240
27582784
58977728
6343232
21618688
8553920
20662912
12141376
26582528
38331456
31943872
20624640
6358144
11716992
27080448
44264064
5811456
13109632
33518016
27781952
29472448
9828160
11213504
20666240
13519168
51666880
17105536
8028608
12377408
13573824
10219392
29780224
20289024
16595968
18049600
9077440
13769536
20587008
11184384
9597568
36932608
54973632
32562880
38090048
10477760
4957632
9424256
9957376
18756160
18869440
30544384
21637632
31352192
13448128
7973056
9819200
9202560
24642432
15566848
25473600
12710848
21628032
143753152
19920192
5736640
10314816
11693312
10311168
9430784
18413440
30132288
17904896
11567296
8039680
13694144
27577408
10318528
12621824
17018368
23806656
35149504
31853760
24979136
5184256
5327680
26975360
26994176
39731072
19399808
77544192
7276416
11256768
38708800
40222336
24275712
5254912
41856320
11615040
38949120
29629952
14034624
8912512
14812480
10612416
12685632
26064512
64977088
16225856
8870720
18940352
89481472
9756608
17249984
9929408
18682944
14356288
15444288
15810432
14811904
6145600
19763776
14412480
10940800
13014400
8950912
8036096
35263872
31942720
13409984
11413440
19069120
25028800
12675200
17048064
21177344
24775488
8409856
16314240
12304576
24490944
38380800
24231552
48964032
57707008
6092992
48490048
7408448
21628480
12587008
9437568
9927872
33799296
5265600
8385792
3995520
20489152
35000832
14673280
10586112
26541184
21419264
8266304
10919936
108857216
7016128
10878592
27979200
9115840
9904640
17067968
7062016
17175168
27825920
34081280
6755648
12600640
9601536
12732864
28487552
5921920
35371456
29812224
39722944
11998080
11134656
15739200
9184000
9062272
20486592
28800256
16830144
21415936
8221056
18914368
17397120
32498240
17267712
10175296
6352512
43577344
24317056
5157568
27615488
14435968
9803200
16053632
20878720
19538048
36982400
5721664
32235840
11641920
24820800
15795904
93544704
42167040
28991872
17410688
19842752
17264960
7599296
15749888
28091968
12659520
19847296
15700288
17965696
15041664
38903616
12322944
22261184
12248128
13714432
18907392
22331072
46272448
71049024
14087488
7826624
15960320
34907136
21819072
23342272
15180160
8370048
11321664
12707392
31637568
13844864
72027968
7910400
11505728
6335488
9619456
34794496
58656640
9861632
12681152
16381696
15353600
11873216
20660416
8806784
11626048
21174656
15370240
10085376
33090112
7537408
11105088
54419840
12200384
16665920
12913856
79136064
11305792
17311936
15022656
20307648
21382272
26593536
35389760
6465536
17710016
10965248
14920576
34396608
29255552
33879232
10131200
7842560
6735808
16840896
17883264
28800704
4539136
15655168
9943808
17281408
11848768
47417984
22775424
15657024
18708288
38121920
11376384
7649728
16521024
7851136
12069248
18375616
6042944
20790720
23208832
14963072
9659264
3868288
19793216
23904320
35289344
40293376
21198720
19316288
19923200
35425920
17998016
8347968
9244224
27669504
27924800
11197440
19028096
19175616
28547712
108123520
32049920
3392064
13579904
15689408
19855552
9269632
32606144
6092992
5687040
14308416
7616192
54016960
12754368
3344000
23539456
41307840
57015296
7952640
6262528
3906048
20145664
15274944
35042368
7240000
44828800
8176320
35382912
43008064
7686592
8417472
6069632
46123712
36784064
19614144
9228096
25287296
5609216
8739840
11915264
8506304
24836224
63160576
26984256
23221568
13044160
10823424
4223296
22596416
28907776
19498048
15450304
7892416
12966848
51457216
37427328
17848256
7507904
28089152
16062400
13216192
66232768
9563456
10715520
28193600
29899712
35169344
38120704
11494912
10663872
18120512
59788160
7008192
8792320
9698944
22980800
21905664
8737088
7269568
18676864
25004480
28983808
15260160
32566784
16149888
38718592
15915072
18763200
56465856
11891072
33948032
13580864
39274112
19514368
38127488
13352640
12941504
9609280
36926464
5837376
7653696
19149248
22710400
9210176
30465280
23852928
28738752
20202432
8920576
54603200
17564160
13574656
24151296
24667456
24267456
12772736
8408128
37351104
10235712
45857984
13544064
28901248
46874496
4868736
25039168
41123136
10745536
11190912
16177728
21413824
5554816
14053312
25352000
17858304
7160960
11877504
10844288
20922688
13474752
38370880
37134912
9124352
24491776
10105536
14131008
17324608
26394432
23584832
20374400
12563968
17178752
79846848
15713728
7106560
24460672
7903680
16255936
18180032
23249216
24537792
18090944
17088576
23693696
15526784
21647744
25398464
3342528
17849152
28631872
47489088
9822656
17077760
5927296
14275904
16954816
17120576
18776128
100160320
33360384
6911680
25185856
8266304
18738432
11482304
9971520
14671936
12898048
18220992
13101184
32171072
13670144
34585344
59115840
6445824
12299776
21383296
32386688
7916160
15474304
32067840
18898176
9744064
10099648
34734464
26536448
14635776
37738304
49721728
11057536
6122880
19519552
16798016
13020736
17486848
16869440
7777088
10752000
20017792
16686272
11663680
10265600
10379584
10443968
32311296
8122240
18732032
12323136
32655488
25446784
15083136
23734528
23120448
39687168
31581248
24951104
46849728
19835392
3975360
8900352
28457024
8691584
12337728
28461824
17880896
55951488
24086592
10160768
33577280
15410944
13391168
17287040
20224704
25129344
13665088
19576448
7524032
23654848
23673152
13424000
48893824
32039488
48763264
13382016
10416128
15375616
17625088
44245184
19581760
8676224
12042176
11852096
9396544
7844416
39686144
34901952
37998400
26693184
8769088
9784896
7785408
11000832
26533376
19548416
52226496
54478272
7172416
11618432
71687296
15220160
14374656
39702400
12944512
17130368
66926720
41715520
7916608
21162752
40675392
18095296
32621696
47142336
4102464
49804288
24362816
88504640
122458624
109248064
35107008
67532864
74907136
7008704
40084096
9150144
10739840
36336128
8467712
56041920
5522240
27779712
10567808
65546880
10806784
54444608
7356224
6329024
18290304
26099456
96893376
11072768
63901952
12812800
59895168
55219904
6226112
25959616
34769920
38246336
39349248
13278464
23646208
23601536
59416064
14983168
89411968
22248768
22242240
76232704
8372544
23436288
75621376
5888960
19869888
62051712
38684352
63426112
159822464
41606720
123786560
15995392
18107840
37671040
58564544
22080896
65936640
19420736
14129728
15328000
19783360
68168128
33531776
14718656
28247872
14026048
106272512
19432896
43520960
10830336
94410496
4992192
57474880
27998272
10170176
19206912
25964224
68471808
40600960
81037184
156019520
9468288
18420480
6491072
12127808
76119488
69258560
35808192
7481344
26561024
27642816
61616064
29790720
39453504
33263808
8810112
13946176
65815936
37706048
102856256
7724608
67793984
12100736
16134592
15240192
67195200
20794560
52636608
102237120
16985024
18341760
98956608
21683520
13573056
92502400
12287040
8175424
22869696
38317888
65803904
21378112
86970496
21593152
89205376
43212608
43256576
42576064
50945920
9506048
30329600
63278720
29634112
45502592
74334208
30640896
17434176
22790976
18054400
43854656
22892800
40637184
11812352
42493440
78380992
21072384
100413888
58720768
58925504
10433280
30435264
19917120
6636608
118257856
17535680
35836544
130931008
53832512
20886720
41205120
57153792
9681408
56015488
14801216
24349888
8473600
41840000
12792576
30898560
61656128
10921408
20075456
67689536
29153600
9226624
6332352
15940864
16325248
49471744
36442368
77878912
109138816
37639296
21695488
90497216
29802112
227293632
16520704
15186624
74891712
73122944
30107008
7342464
27837184
16249920
18519552
12615360
45126912
82738624
61434688
20656960
33736064
183098944
22701824
27974208
8912512
11670272
54482112
82208064
12997568
158565056
4487424
34882176
113526720
27609344
26091328
63483968
6718784
19518848
76586816
99950400
52865024
195486592
78657984
27458112
14029696
163939200
15524736
57931008
17019776
54078336
6000256
24014528
13994432
70391552
20183232
67391424
166994432
31403584
157974080
85473088
12739328
23807616
17431168
42964352
64217728
7496512
70260160
40370176
98959936
50307904
109295936
186998656
29824576
59932608
8558464
35878528
19066368
4212928
19924480
63287744
98755136
76054784
32541440
29091456
75360448
22862976
36595968
57770752
81643200
6689024
33482624
105413952
10995456
78787712
40338688
44873024
26433216
157917952
45007040
44055040
18889088
60021120
23217536
7225280
126485568
45679104
50964992
147793792
42189312
44278528
136711360
37845696
7793984
42500736
109112000
53865408
54633856
115222400
78400320
43773184
14159360
38521664
5923712
6338176
42781184
38433536
8791744
49460160
89333312
56026752
6408256
74139328
50781696
18415168
131111040
89671232
53981056
60800128
115631616
133984640
47554624
77101696
65890048
8877504
108944064
18932736
77320960
16206592
17916096
32750400
157624128
65284608
14541952
23920960
127808320
157623616
78526336
9389120
11765824
16970304
120986112
41275392
118239040
126771392
9096832
26383360
18231424
21215744
35460544
38589760
34203968
37809600
99507520
31920320
41238080
7286592
23696704
80092608
10066816
156826432
31815040
83308288
7073024
14422784
60684352
78404608
46988608
33039552
167137664
33871808
36857664
9924160
19066880
40562432
110022656
143103680
3908160
14587776
31868160
48385280
37007616
82491328
69841088
74316096
27618624
52253440
8766016
20445184
94119360
218803840
9771712
29202368
45968448
121378880
65399808
26841024
12186176
24769280
93966912
97948544
7095040
30005824
31843392
9139328
42609152
85488832
117647616
81434880
151851456
6545088
79340800
235884544
48783744
35126080
58890112
20782912
18684096
43481792
16690176
24096192
98313344
95551104
66594688
85908224
147452288
8049600
9562176
69764160
46083584
37948224
31653504
65920704
33089152
57254400
63436416
37702272
57975360
58626240
33980160
117097728
31970176
46912512
20773376
53024768
85299904
5553024
67144448
27993856
33723264
148540736
7355264
13904960
55494336
21329472
144642240
51836288
24535744
107812160
128770048
71956864
242057728
38739264
32268352
23365440
22032960
17388544
41127168
40150144
54329280
21291072
31465472
91762112
122009472
30251072
25291328
46198464
174079232
44900224
142259968
29859904
55034176
84161152
58489856
54701504
16201216
25483840
81383104
32039040
48692992
121001536
188755392
117177920
68135232
49459520
81150528
24495104
62062656
18203712
12243072
55074624
94131328
30843456
6347968
56338688
56788544
202626048
5022336
99836416
10331520
15402304
100160448
114318208
64886272
7034112
45991488
95788096
5421632
46746752
24882944
28620160
69163008
16848704
64900480
37586560
109506112
9219712
8202304
38413248
25181376
57890880
54554432
57408448
89309824
179220416
40990272
97467392
204925568
10205248
63983296
114998336
15986688
13441472
95812480
103527424
85490944
57603136
6281216
80171968
20761792
24050240
29813120
16043584
50106432
55350464
74043392
204738432
8386368
25280256
37453504
48731776
96635776
210055232
72574336
12420608
37143040
30751616
39374336
201414976
150173248
95209280
156663168
21462208
30888832
41439360
40736320
41312704
146815552
9075008
23831424
54800512
51436160
23655680
38519104
66859136
62365312
56742912
38023552
31277056
183019008
209637120
41421056
79099456
167110720
56506112
59529408
104385024
91388224
18093184
48893760
47686720
8265472
110101504
26908992
19316096
21700992
102821888
11122944
109587776
42295360
23626816
83605568
213167488
74459776
126062272
80569472
50368896
89939840
8986432
28223168
28772224
134798720
10210176
56174656
90587392
35608000
10341952
59652352
71441408
72067008
131357120
26422912
34989120
63891712
97563264
107864064
6854656
69848384
31584384
25890560
18555648
78924480
45462976
34426176
58876544
200005376
27946304
84170112
165362944
19845824
36472512
5321152
80227904
170301376
28897152
97255360
107950720
35599936
135640896
130778624
65083840
203077696
45404672
106982272
19795904
15692352
15912192
39885440
27163776
69985920
140730432
50032768
17808064
151927744
94877632
23699264
46459328
78532352
14023232
26668352
85641792
25932864
22989696
88668160
25801792
69518464
8545600
19459584
176506560
124548992
114950272
22518720
44720320
21541760
65470784
96988800
174612160
123225600
40359040
59314240
61578624
16510592
80330240
21817984
188413440
53248576
64729408
163697152
46983680
64783424
55137152
148839424
41213504
83696832
27055936
15521728
86721728
26228800
62885248
78164992
84445440
73907520
10698496
94461952
64691520
74979840
81872256
43710336
25166272
28443840
96261952
11871744
163203648
16728448
100004096
26654784
42676352
72561536
9695936
21310720
74969600
253447488
46085696
168018816
119402048
121909184
24599168
139047744
134734656
50086016
23469888
9895808
61579520
58304512
19238144
39737536
46704384
61640320
56238336
53758464
66712704
68539008
113440320
84148800
32814784
8154624
60871488
53655488
176882240
73184256
108844608
173444352
44943872
40798080
41177792
39014144
39412864
13819584
27836032
87394496
139774016
54942272
16518720
156893056
102078848
29424320
71074880
7534464
145100352
27678144
101579392
42029888
7311936
74043904
21455424
47754816
113944896
99524544
5908544
46164416
60323776
69390016
137435456
79834688
259352640
16092480
24365056
61590912
132977920
8122560
54236672
39994432
31843200
63222400
54183744
80778624
119327424
12715008
57715456
119888192
128501632
16766656
38267712
87146944
27347648
203085120
16823232
55449088
62861376
65941056
136436224
29265408
66856128
158941696
171458560
69879680
7581184
40731264
48426560
55216192
107433280
79427648
98061376
30512000
22590016
56390784
126572416
35181440
107257792
34069440
60856384
79660608
108291712
59635840
7571904
62636096
186112576
43458624
137673664
54411584
132133632
117711744
11816704
61731520
71278976
17941184
85778944
39531520
129812864
85837440
18590272
36387968
65814080
127269952
49878912
100399488
73618880
33721152
70557440
66405120
31678720
50663936
93930112
63499072
26867200
119128576
83287744
90060352
99363328
26329920
66735232
152705024
20490368
48892288
125444672
125725248
34025600
73593728
88259008
45735104
43866496
12532736
35999552
100631488
207511296
127018560
11507072
57420032
88021440
39565312
77661440
45305600
127708032
76683904
41404224
108526272
14883904
70513408
40552192
163997504
51128384
98212864
34068096
75065344
113305536
30654592
105876416
10484352
45039232
60843520
128118272
211104384
15760768
55675776
8492992
17936576
96666560
46537984
39637440
118588800
198334208
77714944
139714688
14041344
101732544
67822336
40232640
31042752
96044864
52606784
140372096
21015168
63236096
165621568
149400320
72020032
70876288
129897856
119404416
13845632
65551488
63017280
199706496
74120960
47977024
162762816
39665216
52341888
61937344
51428416
76168128
48496448
83102080
212085568
38617856
21474560
108991296
51599616
86224384
137904704
5334272
59949184
38836032
60360256
70957440
77251200
98077696
6310784
9156736
27361408
53720192
77619648
99703424
75160320
7313024
35558080
86364608
198415936
128760704
54742208
9663744
76574912
133146624
90656384
34714880
88085568
11997312
54495232
189590656
40055360
69802688
47224832
65046464
107921088
7067136
28765248
69538816
109153984
51757248
124886400
40019584
81431232
77646336
166561280
103996416
24916160
18518848
93477824
9050624
17839040
62273600
19396736
97186816
27542336
88852480
45825472
90369728
122390784
101754560
197426496
67520064
16216448
12449408
71209408
118802048
9582336
24391488
55034048
132087616
35423616
32348480
85895360
30361536
60853952
200109632
149292992
46121280
71903232
100581120
137103040
70947648
33055232
90086208
8372608
64469120
106083328
36710976
20092480
144691712
25520512
40809984
96947136
113241600
98272064
91656704
22383104
93606464
288488128
88806464
11733696
36190976
103974272
95838336
156571136
124498688
90724416
26355904
121859776
27506176
108734720
19466624
12432000
90450688
50578176
53526272
153292032
249271104
75380608
48755264
32063680
69222784
92856192
103943936
38489920
27467328
16323840
81219136
57355520
111160384
76446912
132764480
261323072
61378176
27971904
55892608
46546944
107798400
38190976
77821376
62212736
104149568
116485952
27238592
72748032
69635840
153755968
147436928
56833728
61797120
80293504
30023616
59734080
25924544
29083072
62171264
72545984
60790208
187044608
103621056
85255488
170929088
37665024
20136832
48443968
112097856
132492160
39326144
20642752
50930688
117971072
19974848
57530880
84562624
46543552
86191488
162439680
114517184
62357952
77550208
159645888
19862144
45333184
24727936
189927040
99150528
63916672
29099072
64737536
117930688
90924672
203995840
53776512
65850560
89089472
7653760
21249344
39501568
24270720
55041088
124649728
66215296
117706624
30206848
22489536
53005824
167167616
135209344
99710720
117136064
111695360
12857792
7591552
59014848
154529984
134094912
152032128
182519040
8169728
26916224
70312640
75160448
91647360
79168064
40636736
45556224
46779456
62141952
52853696
60145920
70859392
77068480
130968000
69982976
11679168
65264320
147742400
36566208
127278464
122820096
65197376
87431616
7653696
51958272
66919104
108761472
220797568
9678784
69213504
168649728
29893056
55083520
102916224
66459328
159994752
72513216
169471744
21184320
72715648
66400064
30577664
30176896
80699840
66671808
34102464
18218624
64017792
7293184
78324224
54440576
66450176
80413568
175094336
124533312
164616640
61190272
46715392
48724416
111331264
11706880
106909696
34402304
34976896
54495744
46031232
55591232
60770944
33090048
15890496
123233472
228682176
40683072
32341568
72835648
124192000
24677504
9837952
56117568
112473216
49866752
23817664
48242304
113016704
35218624
128081216
45509440
72615360
44906496
74216384
123792704
173643008
231773312
283220032
42502912
112235072
82991488
77977856
68236352
69055680
33543744
43128640
57870976
88592064
204358464
69137216
162576896
19561728
56906752
8688256
126682304
33346944
147647808
36078528
74479680
6963200
72553792
47318848
68714048
30265728
137361216
212124416
153994048
178898048
58202944
57349376
100913856
35147904
108478208
36433344
55425920
71640448
48375616
65686848
64051008
40635776
51605824
65485824
58287744
94839808
8348288
118808896
144395584
60450432
8755456
209864832
168710016
51733056
85605952
90284352
31007744
67194048
178505792
61421888
33907520
59110016
144610048
72598208
10221120
95351424
200460544
205361408
107124992
14422976
97195648
25010176
115710336
125242624
30650880
29947008
64973248
126570304
153010176
157657728
19733696
18587072
39861696
19521024
53957056
106782464
226502592
77366592
15723136
69650944
67635264
99931008
177400640
19405568
52621760
8531584
32700480
66946176
118388736
186449792
20718848
82151744
108466816
164916224
122818944
68293952
38960832
116627520
73778880
48678464
33924352
96135360
150794944
188265792
68070784
78266752
9165312
59198016
50464576
91597568
117809152
141719808
34322752
30596736
51010368
47691328
212975936
185659904
25282880
71352704
139108096
134428160
11484544
86418048
67859584
67316032
47348864
75877376
130970944
17368192
7305536
33971520
64336896
143239616
74287744
22399232
62622464
90254720
79941824
17916800
94578112
71439104
165635904
131846592
104348736
23506688
64630336
72576960
198348288
21084672
82938304
38179456
92897664
144160832
56634624
73310656
93676032
34255872
77151552
29996992
73012672
141259584
101404480
127167104
83368448
89072448
27253312
42699328
7436928
32316864
107276672
95900416
57927936
125446976
92917696
5913664
30280832
59723712
142124608
92385664
64931072
167197568
191983744
25786880
144107072
34531584
45096384
63953664
37213056
43440384
184626880
155822528
193348992
25008960
12841472
75979584
32129856
76578496
177004032
125630016
107918720
66409728
132373824
19042880
78099840
93535744
100752512
19102400
79662464
137457920
19843264
42899904
123800192
165511424
62793984
19956608
30690112
112233600
18789504
112210304
187855104
23488448
20440192
46594752
61313920
17971264
137362432
204566144
73650048
174162944
164785024
60015552
172054464
157940992
66757952
47846080
21509376
30959936
68249536
20560000
66762880
118346688
77578048
20127104
148415104
30348864
132164288
184775808
79466304
119053056
22098368
76362496
7829760
89517888
66236608
65774208
13265472
36749952
115677376
17231680
128870656
47440000
69982272
28013248
143449472
96990336
24937408
55391808
41331328
83596672
157128448
92401600
74506432
146136000
202689536
178270592
122614080
57131712
186865152
161894656
55660608
108487872
19403904
52516224
109977856
214695424
69384384
94788928
31249344
20409472
64374272
146454720
38736320
170652864
98869824
59372992
79562944
90145280
74771072
83337600
44418304
151081920
116649856
18381312
19197376
63323840
22527232
34249536
160872960
63079360
14287104
31978432
111203904
28268224
16972928
57605056
41480320
61715712
108583872
99176640
11353856
145675072
47676608
36120896
87933824
167811392
219340992
33458496
124257216
7620480
56851648
28183168
85220224
178762816
56391744
28767744
86870912
228355200
79881152
185845632
25132096
26322432
8227584
64064640
143530112
21068608
53835392
153570048
27422784
85390208
164125056
75849344
27188544
150604160
120835520
14418176
33442112
57776384
81257344
25431424
80688512
17837952
60937344
58966784
81047552
107060032
93752704
62428096
144649920
29184896
21315136
98185344
217786816
45148736
210180480
10508160
34463296
61222720
91220288
80910592
77867968
6607168
68633088
32037056
60642368
187354944
120842176
95824320
172836736
139613952
50811008
73564416
20173696
66729984
180934208
250422720
53953408
44407104
24614272
99621120
63363584
61139008
154262592
221708224
67891072
119789824
195909184
29514304
88264064
63233600
142686912
149231744
23333440
71995840
122788096
8167552
50923712
33724096
77815616
98774144
23045632
123524672
38148928
42945536
36171584
78428352
128895104
133962368
14740160
51702272
106629312
67678208
72830976
24811904
114479488
176310144
246377856
134878912
15860608
42006080
197546304
86426048
94797056
8588480
59280704
114261760
131054656
59127168
29198528
51227264
23350912
133634176
92119232
207777920
29870400
86193152
96108416
124317952
21945728
127194240
142570176
107151232
179118400
21059840
125485504
109589760
66761664
135549376
90850368
63956160
87168960
98242496
143522048
73119744
110790656
12612608
37470720
59155328
143995968
18029632
47945472
73822592
134563456
111695936
113220544
9755840
17789184
46865856
66763072
46509312
38705344
50398144
82175104
85317312
152757824
151294528
20267392
57189312
24132736
113628032
151008448
34522816
16562368
32353024
83642240
73808256
129140992
172153152
16247424
42192256
236550976
93003328
64667520
68520448
115416256
124480384
43233920
69581504
21276480
100573632
23904640
38793344
70086592
80934336
141540224
58522560
97998464
162567168
145075008
28505728
73502144
29422208
70172800
74985920
144677440
110809472
113975232
129999296
55908672
11605888
81318848
116537664
14941376
177933760
188674496
60175040
48602944
101738304
36809600
36238656
126105664
12585984
35695808
80941440
185648448
96340992
57097984
45513280
100355776
32425920
14844096
58524032
101043840
86886336
67680960
33001856
109131200
115489920
127044032
36670592
65640640
126857344
138340032
86129536
55329408
97644608
28950144
17316416
18387904
66927552
68266176
145142848
35329344
114831808
62135232
162120000
267209408
68613952
39778752
49043264
18932928
71470720
62031488
114016512
54096896
88034112
169530496
32518208
85354112
61195392
27720512
20510720
53091008
10425600
111121984
186103040
143590080
122585536
6224960
36932096
35262016
102629568
117211520
46063488
119662912
217228032
21563328
121699904
31196928
35100288
92160640
85800384
46885952
11812480
71633216
99611008
50123008
70590912
28150784
173550912
75689088
33439424
81578048
124609792
72080448
38898496
94976640
33090816
51692096
55523840
147341184
219974784
50829056
32657728
26376768
72538816
51572224
80053248
104572608
117407552
75283264
32086272
168505536
112886016
193361152
68164160
79767360
172577216
230537408
49925952
120137600
47481344
51289216
192452288
28265856
73102080
133114816
115034432
41043008
104613696
35542208
132871552
167174080
78180224
24803072
79664192
147787072
83368576
73641280
24072128
139610112
48373568
104614912
121107328
39162176
70608576
69891136
89663424
58805312
150970048
142462528
90936576
40408640
25006656
99265664
26336256
51303104
41250688
222520000
34793920
122526912
75223360
173599424
104958784
162669952
130714496
132603200
59880448
118217600
46708288
119337984
32340864
119234240
95099392
69734400
47555392
80797504
84316608
150311040
28097472
96078784
20800128
37774656
84666240
45386880
103891264
118383936
134882304
127217600
123476416
7466368
28713216
83390080
93743744
90296128
101836608
140446080
70517696
9336960
140170944
237528320
170830656
85823168
18132544
69478656
71590400
19354944
153939840
253644800
73112512
151760768
140195072
73382464
97222080
37674752
35537984
52069376
107912640
213734528
158441920
68467200
121945792
39497408
82665344
14735424
199709888
17228416
49310400
107807296
71203136
108294656
145221440
93441152
82157824
173264704
144086208
170383552
36619072
131295360
9786176
46628416
57876800
10148544
79461632
13465280
39254592
100969280
39229312
67092288
104762944
29437504
96721024
53662784
194734080
149079296
97177920
52117376
162507712
17811200
42978304
140615040
186658432
191212480
70491392
40000640
26130752
76852992
165010368
163327616
64927936
122298496
102314176
35043392
15380736
43125568
101903744
95851968
185988992
56412800
49767360
221148032
78739264
67449920
94361472
149785984
168378496
91997312
21496000
54528832
31415360
99281664
56938048
195881088
11884928
107994176
34115904
42532736
146128704
64944000
89616896
97657920
60844864
99393984
120976448
72055360
220238016
222422464
122590912
134705344
12043136
38989312
44618752
77352448
81075840
189883648
42221056
113144128
91150144
114587840
83562496
101471296
149530240
74384384
51148032
21202368
22420736
87467968
53325632
39838976
104715200
274796544
12582720
24654912
90141696
135972800
90295936
94074304
58746880
82810176
107072512
172216192
157113728
93903232
18439040
106325376
169611584
102689600
165591040
48606016
111334080
118519552
55802816
137241600
72448256
174005056
39880960
93982912
57667904
19568896
143329536
145393600
19057280
79277312
70423552
134131264
123482624
197455680
107439360
229667328
54861504
11604928
60071040
138257408
62436864
20893248
46683200
135772672
128039616
85878976
93714560
158868416
56302208
109534976
29745216
28897664
135808448
75996416
92530944
142618368
75786560
68714624
58630784
14887360
23202112
55325312
92065408
112800384
134325312
96222784
39956864
94606208
31937856
85123776
10230080
137080960
161377344
57136576
193561472
63469888
113919680
159144512
57457536
55068800
85343936
59532800
38198208
24130944
72698368
93485440
83106048
80921216
156686848
102950720
202518848
74412992
84449344
65833920
49986240
67197376
141252608
57900736
74395840
153435200
211432256
74340224
27278080
89890624
107959488
17225536
122815552
86751744
117324352
84472064
81657152
193002240
120054144
78248192
38496448
80866880
66501248
145882368
196165184
67128128
118414400
97086272
79377792
83400192
33727552
65603776
60331648
53295616
100799680
136799552
160091072
12139840
92222464
50016896
198979648
46899072
70571520
123057024
45852800
164002816
33286400
110224640
227003712
35100992
115498944
169194304
57240192
87706432
22982784
124123264
145936384
157097984
71946496
120747712
147859008
69967360
61737280
29500672
53231360
87127680
68268416
148679232
182978880
9309632
80776960
53905024
32139904
12524544
58650304
123222080
143099328
125453632
114281856
14060800
12275776
32571968
40644416
50010496
185639872
18794304
66672192
99117824
40180800
44975680
94902656
25371840
131696320
161677632
138859520
142390784
138921280
54509440
38731840
69858816
96822784
119123136
35938816
89368832
27245184
141629056
270908352
23972928