1280
3520
22528
20480
9472
5120
10240
576
16000
10048
6336
22080
17344
25088
65088
21312
36864
39808
14144
23680
66560
88576
151680
63616
36416
43648
80384
114880
77248
35264
104512
155328
93376
192192
20928
52672
176000
59520
45696
165504
273984
97344
106048
49088
240960
144448
143808
641216
326976
263552
437568
203392
307328
1009984
292608
486016
728960
348224
664256
666624
30656
924288
215680
454720
341120
1275584
1294080
81984
657984
108160
136832
47936
30336
426112
642880
53696
207168
114432
132224
16512
486976
655808
1190080
908416
1649088
896832
347136
563136
1379520
198720
80768
58624
107776
531648
1181504
496128
76544
838080
43072
1255872
175872
816128
1680000
167424
1587584
1450624
934080
106304
148480
2608128
77056
1438464
1171776
33792
90112
1356864
1855808
59136
560384
1038080
438592
959040
128064
1570240
79552
213568
86528
673024
157120
145856
146880
497600
168960
191424
138240
110464
435136
237888
227008
1260416
57984
117120
474112
2062528
1196544
819648
52416
84544
420480
81472
238912
497600
94272
157248
220480
4104064
90560
983552
3230784
400704
314112
325568
1434304
1089216
49280
25984
40064
182656
594560
280704
1430848
74944
569600
846016
1499264
810944
39552
1123136
755264
325824
1598080
74240
53184
302208
592064
764160
57792
115520
295552
47680
33600
1195392
761152
287552
39616
35136
47744
75264
991104
4390336
2840832
1728512
2292352
69440
1068544
1185280
4975040
155840
460288
5003072
2905408
475456
628032
455552
687488
84352
566016
1589760
181952
423680
427584
58304
878464
193408
658240
82688
1007936
794688
130880
1576512
316928
190144
333568
74752
269504
35840
170752
66880
59008
181952
110400
973568
95488
985600
712128
55104
99264
63040
43136
74624
1422848
191104
116416
194240
979456
200768
255616
132864
137280
999296
502592
2547520
1789632
1387648
44032
1379648
70720
2022144
384384
1568704
443968
158144
62208
123904
315648
87552
620608
2938432
217408
71232
1666048
684928
64832
774976
1395712
1071616
109376
410560
31424
45632
70848
142400
70848
229504
546560
126976
1251072
1356928
408256
764224
1222464
829696
256448
5587904
754048
2399616
3196224
1015488
267264
148032
1638016
4031232
7270720
2036864
348864
6300416
8223552
672768
219456
2209600
1247296
1599424
375104
113344
548224
179456
788608
1529280
654208
41152
120128
98880
218560
148800
164032
364288
186432
287808
700928
623744
957056
1123648
22336
1127360
5509056
11895296
1672960
40256
439168
4249536
491008
10662144
555264
658880
82240
257920
508928
120512
210176
933760
96768
3553792
2506112
102336
60544
73600
55488
63552
210304
326016
782208
85376
390848
71040
46720
1350144
86016
274432
1559168
206912
3095424
695488
1483712
2910272
114816
1617536
148864
2827136
950976
800000
940800
220224
125952
176512
494592
99648
170560
187328
138752
110016
258688
595904
1005632
693376
487424
1171200
79808
76736
102208
284224
1791616
100608
165184
210688
968128
1703936
796160
340608
489728
95680
158528
107456
55296
115392
332416
130432
1546880
418624
211008
642048
90112
54464
162176
73728
1363712
4144128
388736
692672
493760
1298624
1280448
2065856
1530880
7602880
81216
124864
3586944
1151232
170240
801216
675200
221056
1499648
891840
167680
650560
464576
99776
4058944
1970560
149248
195008
143168
1080896
4970176
157568
1558400
1056128
552128
349120
125440
357120
1110912
153216
703360
5894848
1773184
715520
519360
180224
185472
7625792
96576
133120
139392
1804032
1259456
135040
140864
115072
521344
80128
298048
505856
300864
105856
183680
970240
1034880
623552
1797760
661696
1266368
108352
145472
1436096
356416
214976
384640
54208
336384
261504
529216
352192
1206464
337472
473408
1227904
187072
735296
801984
196544
1143488
11478848
44736
763264
1150016
6082176
771584
485312
1159872
109504
1412352
65856
1011392
164480
853760
271936
377280
804096
2595648
292800
145792
312128
988416
210048
272768
122048
722048
121728
253632
312960
190528
164928
715776
87360
141504
353664
364416
163712
762368
434368
732992
314112
97152
262464
251392
1068864
48768
222336
93120
957888
960512
850752
208448
243136
120320
608320
373376
76224
826432
282112
125952
117376
71296
362560
908224
53568
288448
791552
200128
1429632
1107968
1243200
261568
1072000
780288
1638464
136960
4200512
1090944
169984
741312
3640960
343232
494144
2350464
405824
349632
2683904
319296
175360
1039040
587648
1271808
339136
281664
492480
587456
1560128
611136
7028544
1200256
695040
320128
170240
311552
314112
4460992
1077440
205888
151296
269952
297728
218816
131584
190464
308608
226560
490176
94912
2878272
678400
65920
327232
559296
78272
285760
725504
2103936
411328
326080
150016
360640
991808
1062528
1499136
1231424
1647168
132736
178752
119680
81152
309696
108800
135104
143808
212928
1113280
1013888
129792
6251840
249664
1648640
69248
559872
2685440
944640
1116608
293824
5111104
1868416
95104
1107840
696256
641728
155776
1550848
932032
154240
199488
233408
720640
188608
344256
254784
260224
214720
1069056
393792
174528
336256
124736
368576
1786560
187840
1381184
678720
1380032
1668032
83776
298240
1296576
69312
1505216
1453632
370112
351552
874048
1298304
9910272
2465792
130944
1959296
478912
212544
9293696
1068416
2056960
92352
115200
448832
1241920
1402048
213824
440448
556160
1396480
412736
1166656
1238016
361984
390912
161600
3713856
1539328
2784384
735104
191168
811840
123264
232384
1414528
1424064
7029120
54592
392384
365120
1557824
484864
1362048
214080
943168
267072
69248
407040
286144
1397312
1455552
202368
315584
609664
628928
927616
536576
152128
650624
528064
1246016
1225856
505216
119808
147520
535168
1253184
1134912
1207360
234944
360128
246464
228096
317248
5434560
107328
274944
148864
610496
167296
1071360
864256
241088
955776
62400
1136768
302528
476800
203200
2017088
208448
103104
277888
2354688
138176
832832
847744
127296
87680
536192
318784
607552
226560
54144
156352
646528
916736
192192
348736
77504
410112
788288
863808
1296256
964608
800448
626176
435840
292416
251264
163392
422464
174912
127936
706560
643008
226176
139264
273664
822464
45952
260096
1708160
416384
706816
3149120
52544
417024
359296
1673856
265216
242176
1623232
150784
1222208
143232
180480
1723520
449600
5654656
77504
1566976
1438976
1334080
232000
1056256
47488
573888
417152
108480
1355904
1041024
2449472
232000
298624
189248
668096
109888
961280
639872
294080
776768
165120
404352
846976
581696
402944
315904
76544
72448
981184
130560
586112
40704
644608
1574080
825216
630656
670016
745344
87680
350592
214336
1511424
496512
1521216
628352
349696
938304
1370752
969088
1322880
1040000
1329280
438976
1352192
133952
238080
219776
126464
478656
202176
565888
742848
834176
285696
780864
306816
310336
162048
1182656
709632
129664
387520
284864
174592
284480
184256
728320
573504
190912
304896
807808
1247040
972032
1409600
1697792
412864
1314112
131200
1529280
73664
47488
1308608
368768
4437248
961856
1315776
644800
192832
4763008
155072
164096
253312
424960
149632
140480
314112
69376
1278784
776704
1630720
269056
75520
1336128
54720
61440
952320
380480
791232
824768
624832
537664
145856
687744
577088
970432
314048
242048
848704
593792
218560
284032
161280
155712
68288
407552
1156544
582208
54592
1402112
1894720
1181632
1052352
267136
687744
501248
500096
2472384
1072384
211648
56128
196032
315008
774720
482240
535360
85312
425088
1279616
228992
778496
1581312
461184
659392
445312
1130304
508672
1240128
109568
413952
951168
229184
848256
302848
243712
353920
815744
345024
605568
636992
227136
1537024
1032832
333184
606208
1270336
685184
309888
1344640
613120
440640
264064
235328
371136
1027456
1322368
1147712
873984
829120
1417152
7171648
898112
1116992
259904
162816
2546880
495424
231040
172864
272000
218304
1264320
560896
478272
53952
1659584
1310080
1323008
1444864
5144832
711744
372032
313280
858816
1228608
457216
192320
267776
234752
1235392
67840
759104
826048
2914496
164288
346432
3296960
1374080
198400
44800
1603328
76416
1754944
198720
328512
147328
317568
757824
1474560
1377792
117824
559040
889664
1119680
169856
579520
1241600
1115008
535936
340864
1207680
3142400
215360
1053696
427456
130432
900224
382912
416192
802944
541824
1049152
314816
355264
298304
198400
242240
498368
624896
1326336
615040
708160
67968
96512
805376
928640
553216
236160
312064
206080
660864
79168
830592
198208
1048768
705664
276352
375488
242688
508544
433344
829312
2176384
489472
4399808
95680
884416
150784
1275008
575744
1594048
307200
123456
376576
83968
158720
1202432
176000
567680
1045376
160832
636864
276736
936192
636480
100160
265088
591552
664128
332736
264768
167040
229312
1260544
836416
214144
1121088
498944
472000
1364928
2051584
198656
164288
399744
75968
1103296
4258816
616768
790016
75840
543104
92800
193920
1785600
269376
794496
1100288
86464
570112
281024
296640
186688
100864
520384
350336
955328
191616
163712
732992
1148352
171776
465664
391296
1544896
142528
609536
158656
1551488
8280448
41536
469056
298688
1502656
254464
482368
228544
317696
1067456
192384
300608
1493568
226496
382528
295744
579968
102848
140864
82176
164416
650432
186432
346816
244288
198848
375808
876864
3134592
89536
1260352
141696
1704256
104064
346752
238656
564672
285056
1463296
97344
1374720
83712
1265984
5909248
129792
157696
1076800
520320
800832
183552
440832
409088
1587968
118656
1752192
242368
1001600
173312
225792
88768
368768
109312
392768
110848
1389504
220352
270720
145408
591168
100800
444288
782784
1269888
1688704
1173888
1182784
1659584
1408512
665664
100736
524800
639616
217216
285952
346432
295744
193024
138816
1254656
1807616
98816
1070080
452224
685120
598272
139520
3823680
317248
96064
1260800
482944
1190144
631744
535296
170176
1103232
854208
86272
388864
205504
406528
161472
2101760
1663488
151168
1376256
994304
1504192
192640
1242176
549952
1475584
108864
119872
351680
1467584
197440
898432
120384
275008
1540352
451904
916800
683584
590080
136128
788544
4413504
465152
749888
673024
779392
493760
427200
1755456
219200
623872
1049600
590528
98240
579968
1204416
613824
1118336
1282432
1126656
235328
536960
641664
1838912
589440
1155200
290816
146496
376960
1753472
105344
1363776
630848
3103424
673216
227840
48384
401408
61632
1421376
182976
165248
517312
420672
484224
181504
432704
222976
898112
581056
722560
642368
1800000
1584960
1248000
1536896
77440
2219456
131456
162560
240640
439808
529344
65984
524608
1976064
338816
160640
299392
671360
1022848
737664
811776
162880
276928
1791744
197696
4345088
121600
297792
440832
538944
105728
169472
861888
448896
512256
2178496
561152
1817792
101504
384000
305216
290752
1364608
142720
3240960
234432
677440
423168
274176
336640
778368
427712
592896
105920
1628800
643136
999040
332160
3602624
587392
1040384
778368
31040
362112
586624
1469248
1127040
1182144
1682880
489152
469312
867520
250304
156352
320512
207104
760960
1623488
40384
264064
267776
1341248
1835520
1226048
291008
188224
1226560
153344
253760
995200
716992
3526720
59328
67776
247808
664320
97984
144832
155904
86080
647616
641088
556736
134592
1818048
287872
1508224
579584
144896
1410560
492736
331008
402944
489344
688512
1798528
1388928
1793216
75968
294912
1365760
881984
681152
326848
554048
1226880
239232
536320
233408
139840
243008
366336
862400
204736
727808
676416
1499072
565888
418432
1681920
147456
302976
722112
698560
235328
239296
4487680
81280
693440
355648
721728
354112
571520
310400
270720
754944
1703040
1513600
1316160
549824
953152
2652352
332224
185472
2580224
293632
370624
601408
2344064
243136
120192
1574016
523712
1619584
937472
366144
562496
802688
472960
820864
586752
7092864
225664
274432
69632
113600
114624
180416
161728
159424
1201216
254656
205504
101440
180864
226240
251392
348480
201344
163968
269312
153152
292480
458880
321344
194432
590016
347840
3401728
83456
801472
66112
5306688
1500352
803648
170944
1381696
686464
1658048
1216896
277760
1642816
281088
619584
337728
1121856
1830848
191872
268544
515328
991104
361728
1260544
1319424
379456
873984
630272
1318400
326592
483584
427584
893568
304640
1041024
454016
686656
686336
802112
639744
976896
527424
1161344
215744
342336
4661184
609344
107968
1789760
1286720
1759872
7198080
73216
391040
192064
1308096
1090624
1451200
1495104
110208
563392
674624
390464
181184
692608
174528
144448
798976
372416
54016
245440
269952
188160
200384
1070976
529216
149056
201024
355648
835968
2654976
432640
1378048
101312
1290112
1259712
448320
210304
1440000
222144
437888
444928
1386112
154816
137920
273792
431872
429120
4650176
500416
385792
536640
1478848
874560
173888
8238336
92480
208896
247936
263168
506880
243008
1618816
844352
415616
150656
984064
12745600
1294976
153344
451520
1161600
286912
418816
1173824
246016
728000
279808
86400
1243520
69056
80064
80512
711936
283776
1293440
535296
1364160
80960
146304
2970944
224576
68928
211072
1685376
435072
1666496
602880
2249728
298496
1579456
208256
632000
622272
185216
1382592
1543424
1073472
56320
288000
1019712
428096
200832
1210560
322240
120512
794880
733760
1735616
1616704
4009152
74368
224960
282560
1487104
396736
849088
1256064
239936
707968
83136
760256
3552768
51712
1451328
186944
737088
173504
13195776
353792
297600
216128
596672
550016
533632
385728
975040
1681088
1132736
1150144
916352
60416
4923072
177216
708352
124416
4178304
1558656
944384
397696
943424
146816
396096
884736
635648
478976
173696
703360
658304
317056
1144384
109056
726528
871424
872576
411904
1257984
276800
1518848
128960
215744
2097280
57344
682112
1522688
1709376
324544
63936
1422016
1316672
1148672
325120
3445184
46976
512256
920832
1134464
279488
170304
1384960
281088
65792
127808
141440
352192
139328
1631552
110464
398080
458752
391040
142656
221888
266432
1427136
332736
108480
823104
1390592
81088
448640
162816
401792
904320
1208768
368640
117568
1776576
524864
57792
1117504
1112832
849792
378560
127296
426240
61248
938368
449152
392064
702464
221568
208704
1735680
406592
1735488
50368
1674496
253248
227072
95104
1198080
774976
937216
469376
1330560
1006720
1425664
330944
204096
828736
1174400
729856
1393600
180992
93632
435392
2110080
1126720
2724480
52928
107712
239424
5115456
1257088
71040
5748288
72640
600064
2274048
101312
598080
441408
843264
1770112
134016
807744
9068480
322496
270784
176768
1068032
1399488
813760
203904
715904
646592
12803136
232960
756416
156672
539904
489472
388160
906560
534016
284160
113600
774592
967296
1490880
140416
60544
295296
246656
229696
1523072
294528
550144
788480
1495296
95936
74560
176448
487808
59904
262784
1588480
906304
464640
112832
1417280
786048
1426688
89472
497408
1254016
324224
1593344
492992
861440
1630656
101696
222464
271296
131136
1120640
61632
355904
386816
255872
341568
1079040
293632
2270848
704384
903488
566400
517248
91968
1548800
1499136
667648
934784
86400
443648
459968
273408
193344
304960
56448
253824
307968
805056
159040
271808
1805056
238720
320512
463424
1655616
400256
162624
1133824
270336
316416
1337472
656192
985344
1171776
263872
774528
70144
1346304
1236608
97408
1277056
1369216
505280
283264
133888
1746432
4110912
318848
771008
1791360
862336
320384
17049920
335232
74944
282560
417792
1743104
1690624
1421568
123968
897792
658624
340672
210304
160576
876864
202432
118336
1656000
55680
1343424
56576
62400
1191296
884352
1575680
6439744
909120
42688
468096
169472
949248
516864
308288
380288
368960
3317952
1794560
1753344
663296
886784
5974784
2435456
1747904
545024
174912
482944
325312
65728
322880
190784
763904
1003712
1936192
250880
101568
99072
348992
172672
1345344
936832
662400
3003456
206592
269952
262912
164992
875072
322560
173888
963136
717632
152384
52160
707584
153216
961024
214208
1261248
266944
112832
572992
158912
461440
1126592
872448
200000
1325376
357696
5428032
1504000
1051328
194112
927680
266880
531072
30656
186816
402304
222784
3310528
388608
1332160
1146560
588224
420736
90112
65344
1631232
813248
286336
573504
494848
1192384
942784
887872
309632
544192
2984384
1177664
304704
142272
387776
5219712
1656512
689728
196672
758848
548160
656064
156736
1669440
176704
382592
1026176
109952
994944
743936
427712
791808
994112
1544832
673792
250432
550848
174208
110464
760256
1384512
156608
1312640
523712
93056
647104
1029440
716288
101632
1260480
899520
1064512
378624
695744
921728
880640
6702272
627520
197952
522560
196288
330624
242560
547840
1088704
1185024
1707264
1644736
748096
276800
284608
1184064
286144
1012480
205632
182720
973888
374720
10932736
163968
395520
338304
1768576
4674624
908224
375296
554880
88256
456384
505728
614656
191040
5010368
1236736
155968
204416
1587840
2563520
537024
1210624
40320
2716352
854912
1045440
907456
1771072
1236288
550912
324736
341120
649728
249024
374144
151296
1148416
189184
655872
707136
1194944
53056
213376
595648
77888
158784
793856
216704
341440
61120
237376
1660672
210560
1319808
957184
166464
415168
513920
47936
1566272
128384
1203008
175104
411968
650752
85696
693312
2754240
49280
612800
268352
883456
1529024
226816
926016
330688
53568
152448
195520
466880
1126656
36928
372736
1711488
353408
627584
1552640
101184
205568
374656
262208
93760
273088
429632
1705920
947136
1431104
296000
271424
604096
1514624
381632
168192
703168
130496
335104
566784
1543808
122496
91008
373760
501760
626880
764224
1697152
59072
1158016
219264
92992
154816
705344
864192
406144
1722048
235136
318720
502656
1467584
1806272
9786688
750336
122752
184448
1706240
1517568
1629760
62272
359360
266112
223232
1529920
225728
747008
404096
609088
4219648
473792
539200
423488
1573632
277312
1075648
565824
2197184
153216
882048
1703424
1845120
273024
702656
199168
105472
656128
222784
643072
272448
381440
786752
1259776
290112
769792
5261376
307200
78208
1425472
531456
1280576
62656
57216
282944
1350336
2571072
342400
388800
932480
363200
529600
407808
348672
502784
267840
497792
747136
182720
273664
1345984
159168
285888
621504
963520
29120
1104128
150528
1391872
1081536
411648
4550528
194560
652800
239808
78592
94080
536256
673728
1414464
412480
1327872
106880
1160128
1316288
328896
126784
611584
268160
296832
210624
1267200
622016
1837312
130176
631616
324416
177024
783808
1211776
72832
1312640
91136
452288
3349760
60480
1025664
312896
156608
63680
1065344
268224
1539776
1727040
345536
531456
986496
773120
1077888
1377920
1573632
373376
12545984
162688
66432
370560
1053056
353600
1735488
200192
503552
507072
556032
274112
624128
499648
437632
1667264
1753408
1781312
1288704
1339392
184320
90112
177152
606592
165888
563328
1180608
1043072
208576
122432
1625344
836096
1739264
337536
144384
1811072
153728
643648
489408
303744
709888
1197504
969664
100672
1391360
63680
4423680
243712
1289728
1337088
344960
201344
238336
713216
903040
674048
229632
1300992
111488
182976
445632
315264
277120
1829824
920384
122624
3988800
378816
478016
105856
686400
597568
70784
77312
1320384
226880
199744
1081344
652544
153600
246464
459648
997824
1730816
89664
120448
709824
677824
145536
528512
848448
427072
507712
454528
76992
761728
563072
431296
611456
160064
192128
1078080
348544
1657152
720704
328256
419520
178496
65856
537600
1266880
319616
80832
1671104
407744
567872
968448
673344
1102272
934976
255936
2502336
94592
910016
1197952
82176
283392
211904
749312
147264
264000
888896
318784
370944
3158016
1426240
496128
201088
236928
987904
1084608
451904
1378432
207424
783424
264448
322240
4083136
81088
1253888
497920
98944
1547392
358016
97920
134400
443264
224448
145984
151680
1528192
492672
989056
2068288
319744
187648
626304
2373568
388864
164544
1553024
910144
41728
1803200
2581056
1137216
300864
87232
401408
1030976
485568
1668928
222080
105792
1011776
1528768
363328
1558336
1377856
773952
1449472
1568576
471744
112640
166208
228608
565376
282304
826240
800768
491392
562624
936000
295296
1701056
1792320
715392
249728
901696
1073024
601472
1656576
134272
133504
344000
756800
221184
634048
49216
315648
438656
1430976
494912
398272
302848
114112
357440
611904
342976
760512
126144
263424
838336
1179840
322240
3462336
252352
250624
780608
1073216
1256000
1510464
938880
1218816
5053248
280000
162752
555392
1017408
529536
200896
999488
250432
500480
71552
705600
177984
519552
736320
1416768
75008
1116864
1650944
134784
1210880
158720
1198912
1126272
1434624
447616
3438720
222016
468736
1369024
106560
1203328
116992
1423296
233088
327296
367424
60608
239808
44224
618816
4323200
734016
42944
521536
285760
625984
433600
742976
334272
1011648
564672
373120
159296
675520
276032
522304
1423552
200384
198272
261248
1169664
1497856
93056
256000
803328
566016
202688
150976
256320
1352512
5420928
623488
218816
1094656
93504
105344
1451584
1609664
359616
946048
144256
314624
102912
221760
189248
382464
630912
224704
115968
105920
427904
670784
355584
1107840
537408
905984
1281536
580288
1579008
599104
1200320
211072
1265344
894144
1229568
275008
56640
694080
1112768
525888
142848
1005120
534848
394944
313600
1243072
1021824
590464
225728
1595904
851968
1086400
696256
1241472
86912
165120
774400
1378496
1375808
97792
271552
196800
484928
464000
212800
1570240
989504
213376
327808
1724032
1375744
3834304
1594432
465216
304128
261952
7951552
261952
636160
341120
157760
1036032
1601216
575232
732032
645696
291584
442816
629184
167744
863104
774464
264448
333568
2440192
1245824
146816
828480
100032
259520
1103104
631680
203136
881280
899520
149184
256064
892352
1052224
579520
1492352
100544
459136
441152
277568
262464
1548224
1729280
99904
269440
1587904
3728000
848384
1576448
1299840
435136
2410112
423232
241408
1568128
227136
659776
191232
1495808
142528
1766080
607232
1416768
788544
274112
331776
614976
106496
309120
120768
1447040
723968
148672
505664
799936
959552
577920
1959552
709952
818560
1163840
418560
1442368
924672
1556352
861696
82240
1073728
904704
249600
214016
428544
487936
312128
428800
1253376
3979712
127872
97664
619712
434880
135872
432576
5687424
146816
595264
792000
76032
9546752
270912
1201600
1041344
905024
220096
7337664
833152
872640
1238016
736384
165120
426624
1772928
689472
772160
216576
1111232
219136
444736
128000
86912
1251072
224448
1125184
341504
2070912
174784
331584
937024
1589504
128768
1317504
76480
91712
249280
590656
171968
309248
97280
4071744
258688
10148352
531456
259008
787200
1526144
226944
943936
911872
520640
77824
248960
95744
920128
333312
346112
213248
194112
1326912
1342016
156544
321408
226368
241280
1804544
129280
1099840
215616
353408
62016
613120
366528
195968
812736
284416
497664
528384
1812416
1392320
463744
707392
985984
1044544
12979968
154752
729600
105728
215104
723456
87488
358016
205184
1607168
35456
349312
1333504
491776
304832
1366784
71168
709120
183104
981248
1229120
170880
185728
364544
1739520
361216
1214208
311104
356032
85376
2838848
178112
138240
612416
1051968
748928
3637056
149632
338944
2920320
689600
5629568
139264
152256
413696
109760
807936
929280
822080
338752
206272
1223168
419392
1200256
1498048
1119424
699712
33664
815744
799552
727872
317696
483456
1202880
458496
299776
536512
223424
1511936
117120
699776
348544
1428800
1008448
178624
109184
113280
924352
386624
134080
690304
1687872
1150080
135744
346560
470848
1706560
1557888
1307200
159872
1314432
290368
410560
1370112
1294400
1553088
1111680
347328
390400
208768
455424
1335232
366400
1773632
124672
171648
396224
1210880
1046144
268864
1162112
987136
386752
1772864
29888
1814016
299456
341568
589696
971008
3188800
162624
766848
209088
528960
548608
86528
464768
141248
231808
711296
596800
1241088
742016
121408
484224
129024
4675776
146816
304512
105664
937408
387712
245888
322496
1287808
939392
177024
1159424
305984
1834112
131712
214592
826688
147200
1810304
245376
341888
560640
198592
1870848
980224
142720
643328
625856
644032
1381504
1899904
546560
202048
317632
1768128
109504
735104
242048
450176
943104
647936
441600
132544
765952
843072
113024
1515328
114752
828992
305664
668032
1468480
1066048
887168
598016
227520
316096
477248
829568
163776
1197120
385792
134080
1132096
400384
1027264
462400
99072
736384
52288
123520
1760960
1235392
822336
1016384
261440
669504
236032
30336
1124992
1220288
832000
95296
1179584
465920
153472
43968
499264
430464
837376
1136192
249856
1121600
556160
65536
1199872
259840
98304
464256
94336
199744
695232
132608
1257216
1308800
71360
190016
958144
269952
867968
336832
215872
633728
95424
580352
1744000
356352
408128
195648
1341696
552512
411456
1781888
236032
568832
351872
1087168
1348928
946048
178368
234432
1601088
85312
232448
305600
603456
617152
1078528
3664256
576512
1583552
1135104
1199488
115840
126080
471168
231040
569344
870528
449408
1507968
311488
107328
1239744
1373696
1339200
913664
106048
360640
164352
489792
1862336
184320
335424
756352
380608
1039424
6357952
240896
290112
298624
240320
162688
1876416
207104
1338368
1365632
319232
346688
564288
112512
1437184
154880
204928
14704576
266624
783424
870656
1316416
1516928
102656
321152
731264
102016
872000
591680
1147776
3988288
860992
271680
198208
267520
263232
1724736
84160
536512
86016
964992
275392
968896
913728
1238400
1383360
273472
404608
356864
709120
464960
5790208
192064
517632
138816
233856
389312
389376
2015104
1057280
124736
848640
166400
1557248
996096
455488
483072
368768
1309696
121280
166208
311104
786048
385408
1076864
236160
313344
841088
229056
1372544
120128
120384
199680
939264
811520
1184576
155712
1801216
714176
619264
400512
986816
1690560
549504
1325248
228288
118464
514944
1067520
668224
7205248
370112
1938176
298624
790336
1332672
342016
7918912
608704
127680
1086976
2531008
639040
1628480
1729920
2182656
629888
486272
3412480
54464
704256
4008448
1374080
346688
1017600
940480
163584
88640
430400
693696
976320
284096
202752
3679552
333120
518144
591872
2273344
303168
182400
1380736
245248
283008
4088000
3460032
50432
479680
1369984
39168
3044544
1724288
859200
96832
169728
1846592
562176
223872
656640
1670528
552512
566016
767296
1470784
1876608
77504
675840
554688
40832
70528
394112
1104704
625600
211456
416512
117504
1416960
815872
63552
472192
357952
14140032
417600
84672
1338240
346688
1773440
75200
92928
396800
376384
540480
373824
734336
1463936
66240
1347264
918016
75648
1656768
4821120
343488
7669312
154560
445632
1192576
1025856
1224960
972288
267520
3583616
1483328
215552
3737664
950016
488512
34304
290880
380992
459264
3196736
100032
123520
1879104
107648
1489088
409664
1449344
1595072
2277056
184256
142016
202752
737728
183168
1200896
1021824
523200
4480576
206848
133376
4066304
394048
2742848
110016
12311552
699584
178304
221184
1108288
845504
94144
64768
636224
430912
411776
1360448
632832
3272192
132416
6179072
872320
804352
497472
125632
1161600
392320
677376
1360512
822720
866240
1926144
285888
325376
518592
90560
165120
1258944
225920
493888
102592
851136
513024
498944
214272
371456
773824
1061184
2111744
774400
102784
495232
471680
2602816
980736
5064192
100672
765760
1182848
4538624
901632
1759744
431872
81216
5477248
131136
1637888
958784
463424
69120
489536
457856
1419072
1216128
136768
2364416
228416
386368
713536
434752
1670336
106432
203264
999744
541824
608192
93056
246720
3932864
294912
1345280
105792
1443392
479680
1302912
90176
831936
6164032
209280
717696
1480640
228864
374528
134976
2143168
240768
763904
148928
265600
234432
133120
112768
1504832
191040
904832
444416
670208
783552
293952
302592
1094272
2496064
861312
1918656
239168
533312
191744
3573440
313408
127232
210880
313472
382912
429952
324672
381056
195456
532288
1886016
178944
1074496
1696128
811648
1048768
2887232
442944
890688
591680
65856
379712
377344
256384
810496
687488
2815808
53568
1468736
1683648
164864
520128
54784
839296
603648
1789312
162496
1578816
373824
291072
50752
934080
1087488
593344
211200
93888
240576
915264
1606080
546432
1699328
481472
613248
887808
1252672
340544
1187584
197824
1021760
222976
187520
266624
200768
1214208
1284160
1518784
1162752
86144
17410304
361792
666432
189440
1395008
138496
1381056
328576
597376
1420672
1769536
1242624
979712
390656
262208
1506048
1146816
91456
122432
1541888
328768
170624
343488
312192
542144
378240
915712
388096
425728
589056
677504
1054784
212864
659264
967104
156096
82496
172096
1428992
162112
446912
871936
701120
66752
224192
992512
429312
107136
124928
578176
2397120
255744
60736
1258240
1703104
121472
103616
1745472
912640
127232
221760
503936
1773376
160896
545728
6766592
194368
1610368
156800
169920
254976
864704
830400
170944
194752
489344
1840384
195840
536128
1592960
6035520
1076608
284736
88832
462400
867328
771712
134400
62080
468928
195840
196160
542976
426816
863168
100992
2185984
587712
76544
1682624
1506304
169088
376512
819968
535616
48640
478720
915392
470272
1281408
492032
1042176
128384
260096
471616
1345088
7677056
1148160
252032
324672
496256
242432
1974208
430720
1831424
163264
260608
1791744
351232
1131904
1030784
243648
457536
680128
709248
234240
1229696
115136
245824
1667392
1340032
1070784
116352
253952
93696
666112
85568
338368
910848
133632
1578240
380352
529920
11032384
1284480
3348800
1358144
8055936
143936
7547008
698048
52928
389248
123136
1609088
634176
402368
131648
959296
341120
1464320
274752
190784
234880
355584
152960
590784
425664
1411008
262400
105600
1372416
1350912
89792
529600
1159232
84864
913024
1804288
601088
53888
2293440
278976
447360
1417792
83200
536896
872000
337536
200384
296192
220096
165312
1162816
351296
968576
1531264
1796096
386624
520384
531072
485312
46016
1462080
413056
68672
489152
322176
1318976
107200
1418112
165312
2374976
129856
3479744
974784
1322880
836352
1108992
966208
450176
457024
179648
1089920
1564672
83392
324864
1117952
117440
51392
1053184
541376
713536
1150272
199296
1707328
3749312
1366656
288896
41152
466752
483648
1384768
909824
248320
330496
1507136
186432
631616
1448960
318464
383360
4157312
1317504
1270592
762944
115200
5431552
187904
529536
146560
2559168
2683648
44800
209984
1459392
149248
64640
434752
1252800
464256
13348608
348736
643968
155584
955904
184256
548096
559680
1000128
384576
113152
2510528
495552
171584
1859648
928192
6259200
196864
854720
79616
2750976
1694912
76992
1420288
3528320
285440
295744
221696
484160
1132160
501760
1468416
3150720
479296
846912
69888
649280
562368
1366272
582080
213632
1010688
245760
113600
141696
74112
3569344
83648
349696
876608
113728
1709056
543680
1589120
209216
937344
869504
1806784
666624
1210944
338560
2056192
466560
1352128
1724160
239424
119360
220736
101248
243584
535808
1605376
53056
664192
1362496
1160512
923712
1511744
227968
3633280
639040
1013632
413696
13035904
1501760
582144
688128
448576
294208
1654656
802752
9661696
647104
656128
751488
1134848
138432
1496704
500800
125184
1135488
533504
273280
777856
1265152
671424
1062400
376512
1224704
196352
96064
134656
1279040
2483776
363264
834368
193216
534080
41664
297216
163136
806016
531776
307072
17203712
621824
203328
136320
619456
1662464
125440
212032
371072
1501248
536064
1763712
100864
147328
222080
832704
306496
153280
951360
76416
141312
607552
413696
815232
57664
1059264
880256
103168
1044992
1370112
160832
815488
1630912
313216
294400
172800
1097472
773376
474560
287744
1762624
1789504
197312
329536
1671296
205248
1150592
478528
1097984
506688
69056
94080
351296
75584
760448
608192
1646144
151488
437824
238848
617600
949824
1435456
112128
985472
397952
588800
664320
137024
1198720
1311744
311104
390656
373888
707200
130944
201472
172352
1428032
272448
250048
758912
963008
1541952
334656
111104
7118528
949504
846528
1476992
226496
822208
1894336
165824
341440
17414464
512960
802240
241280
621248
135232
1030528
938688
1367360
144064
83008
694080
1603328
164544
635328
679424
5400256
5756288
367808
451520
336512
511232
555200
153280
815872
138176
265088
1032704
542720
1329216
931008
80640
166720
162816
1869760
761664
229696
1596864
3924864
473984
999232
224768
345536
1322880
572736
268544
47552
444544
1593920
109312
1225728
438400
1992704
416192
209152
280320
2868352
918272
439232
1695552
1405568
1640512
489856
1491968
1780032
198208
242368
564096
1523840
568576
1411968
339008
137408
1063040
478656
1676160
215872
449152
1207168
654016
140736
792576
503616
1157120
242880
90880
469248
1873408
186432
1556160
542912
116224
606272
884096
1414464
199808
1019712
753408
576832
1528512
1193856
537024
181120
1561472
141696
141632
1024832
156736
1179200
932032
124544
856512
1222144
1025856
214144
527744
58944
600704
519424
2136064
564608
241536
452288
158336
196544
4234944
121280
305536
432192
420608
561088
736448
1440768
167168
875136
269568
351488
1617024
4269184
1133184
1131136
243584
218432
460672
85888
552256
1483200
911744
249856
662144
25536
210816
834688
271424
249088
342592
1616832
4206912
66688
84416
1281152
981184
123328
541504
4353280
293120
626560
4239872
1313984
1948288
37952
1076800
509952
183680
664768
77312
218304
814208
546112
1222208
134976
115776
1076288
342720
222592
1057856
2310144
52544
381952
101440
681984
108928
801472
187072
1510656
1552512
4671872
673856
204096
156864
745856
416000
3219968
175744
1691520
685760
128256
463744
88960
396096
788864
206592
560064
292672
504256
1141888
167360
1055296
1698688
926208
915904
477184
563904
364992
412928
425088
1337216
201856
435136
284160
1361600
332928
1250944
2758976
213440
409472
141440
489920
1417280
869312
224704
5481920
187328
179840
583168
112832
397696
409344
461632
1753024
545216
729024
438208
78976
556928
221312
1666752
223744
572928
2436672
165440
316800
1282496
791040
973760
245440
261568
3961600
1579008
57920
1525760
7700032
993408
168128
1525824
230144
64448
385472
189760
208064
663680
142976
706880
2117312
169728
657728
396224
102208
427328
248896
939200
63808
199424
373120
29056
775872
1705920
544320
489920
790976
111744
1719616
345152
963968
464704
2156224
1963904
218304
127808
782656
82880
108224
547328
585344
93440
577984
534080
98240
119040
747008
1603776
216576
1569536
134336
549440
205120
532800
723776
324352
461568
1021504
1466496
1337600
327296
783936
425088
803520
394112
684288
106816
1113088
123904
463104
679232
516032
713216
206656
1080256
428480
87488
400576
561536
41024
5499584
176448
1205312
950336
1155328
342080
594560
995392
209408
2236608
95360
1448256
801408
538240
99200
290432
876224
678720
4790528
1004864
610176
301760
914560
886848
845056
8294144
98432
304384
144064
7895872
217152
300864
1045696
358016
272640
653440
103168
1767552
593664
1637504
12341120
176128
841984
1684800
1314240
191168
643840
689088
682048
1534400
679232
115840
544000
1766272
225408
260096
1509120
1090048
1062144
176128
3544384
6321024
416832
258432
3407552
1096320
1002112
543808
659328
196160
469632
118528
1303488
1153856
127808
543680
1522112
1696256
600768
13709504
1406528
124800
1144640
1317376
443840
848960
603520
97664
152448
788224
866880
113024
1335488
131200
517184
189120
1625344
109952
1518784
458752
118144
516032
501824
380160
305856
650304
744704
97664
165824
964288
661056
441216
81024
125568
1740288
1230656
426944
124736
380096
1064704
740224
153728
611008
262400
428864
1159040
739712
153536
1098432
1485248
1263680
2923392
1063744
3080320
215168
1599936
959040
1075776
691392
146624
1122368
513856
897856
1360192
195328
96640
776128
548928
502272
2238720
74176
939776
123840
293440
654464
89344
1439872
1631616
1386752
1628352
118272
202752
881536
189568
841088
185216
299776
461376
784896
463360
1796032
2014336
76992
740352
922112
932864
1125120
384256
441024
616256
284352
154880
1824320
317056
149632
3469696
287744
451968
537856
954432
123136
481088
427328
215360
1043968
138432
769792
1080576
882176
1092736
142592
1035392
150464
576320
201472
975808
208512
158656
1563008
1086720
164288
380928
2680576
211648
171968
519552
2792320
811904
2635840
884224
1376384
1226112
169664
144384
343616
1655168
9713920
796032
816448
131968
1667328
454464
1337472
176448
148992
377536
106368
1196480
828544
1266176
1675136
85504
399680
1367040
101120
918528
577984
281472
74560
293760
1037888
406912
96448
159744
1693696
278592
202880
827584
221440
1563776
108288
1030464
405376
1557312
199744
774848
376704
131648
162496
1381376
674368
1102080
1083072
163776
417216
225216
1194624
274816
151680
580992
895616
6237888
116608
76992
2158464
305856
60544
220928
1248576
519488
908224
190720
799936
463424
1707328
80960
867840
375872
280448
153792
190336
1079296
2344256
590848
577472
419904
576640
550720
717632
2449088
365696
411968
556352
716672
1072384
762304
135808
310848
90496
1406592
319360
146496
190848
1675392
696000
293696
203520
182208
255552
1562560
786240
2922368
430464
625280
944448
243264
301952
94784
203648
1432192
585536
664128
805440
979200
129856
726080
1621056
548480
846208
171072
1067136
434368
258496
1590976
1187072
337408
363008
788992
470848
1745856
421312
521472
89216
450176
1382400
2337984
141184
1526592
585536
182208
205120
902656
1692096
607936
56320
291904
5189888
247232
6872832
1005184
1268800
558784
151872
108864
388480
205312
1695936
526080
259264
373440
1729664
1588160
1215104
91520
186112
4619072
878272
834112
357504
186752
148672
523904
468800
169792
1031296
452160
1183552
186176
801536
452224
67840
5814016
1557952
929472
66176
1226176
190912
117376
420544
89920
1631360
3493184
1407680
78784
315136
616576
186432
1531456
397120
272704
151232
902464
35392
451840
752768
83520
178240
4215360
43136
1199744
263360
204864
353920
87168
407808
283136
257600
1044224
58176
897152
338560
132352
2212992
850240
388928
171200
1105216
309376
398144
1620416
1249536
258496
1167424
516416
346176
102464
224832
70976
459776
681600
1354240
1335232
6019584
5675648
300992
107392
1351872
381184
934720
1627776
1187968
1127872
544896
699136
169408
202048
804096
728192
156992
411776
270976
822656
1115584
1443968
301632
250496
1092224
151232
561664
250752
731584
21732992
6662976
374912
184384
124544
414016
1648448
209664
296832
150592
1685760
282112
1153664
428736
891520
3456256
152384
700864
283968
36480
92288
773632
2358848
1123072
425216
353216
463552
1135680
1303424
213824
539648
520384
774336
153792
364864
81664
1180096
4218816
31552
260160
178304
3139328
194048
645952
237440
559744
1653056
1019072
467456
1130496
969664
131456
257280
255040
385088
273920
341952
434304
299584
414848
221696
323520
1371648
416512
419584
1199872
327744
376256
107904
807552
139136
578176
65920
348352
2349376
236992
102976
469376
362304
1184256
394112
5017216
62208
358720
152000
1673792
1723072
1128192
194304
263936
174528
525120
102336
195904
178560
312128
361344
543680
559296
1693184
512192
224320
573504
373056
2791488
1309568
235712
327232
3612736
257728
945536
1485376
2462400
1390336
1070784
204800
350400
160512
470912
341056
1058368
167168
4188160
267136
675136
456384
298048
870464
328128
617920
1296640
65536
142272
131712
422528
539840
1199232
213440
185536
285696
310784
300672
3317568
1029184
292672
431488
264000
1155392
1375488
399872
6792704
1686848
2416832
369920
689984
39104
850624
169344
518784
744640
439360
256640
526912
1742976
1241536
603584
81344
691520
1691136
284288
4009152
156864
960192
674944
1760000
6772928
194816
427584
469824
130112
432064
162176
75008
1574336
153856
2925376
408192
3875328
206976
126208
91520
1036864
1671424
3021824
445952
153216
554368
435008
165184
11126464
1344128
6237376
39936
319424
1069120
48064
975104
3438976
781056
1484736
552512
1523840
239680
701248
513472
325248
195584
6915648
1654528
371328
2250432
363456
366080
793280
246976
321088
689408
204800
337472
73280
222784
294656
661696
637376
2370880
92352
411840
882688
668544
1652544
412608
307648
300608
1634432
177472
1055552
116416
927296
488384
299520
380480
215232
544704
185664
1462912
231552
1097088
178112
4430080
627392
188160
9283648
297984
14997440
183232
1660800
275968
3008640
65152
458112
870912
596736
300736
459264
153856
1754688
752768
421376
347968
375104
1186816
120000
1403648
222016
863680
1490112
890368
3356672
325568
704320
930432
117568
11513024
106112
272256
126208
772864
1439936
1636160
3228224
530752
486208
470784
1026560
370560
393600
766272
883712
1756288
154240
1763904
1625408
367104
832576
167808
991616
726848
140352
3464064
323392
119488
896576
878976
4296768
1839360
8886272
197568
127936
190208
875392
644416
245888
449536
258880
1461120
699136
3265536
174976
122560
204608
1006464
550656
968832
110848
373504
1382208
94592
294144
293248
1154176
440192
1772672
1206400
1512512
1590016
209344
149504
175936
5009088
244352
499520
821632
1487168
1034880
230656
131712
1264512
70208
1246720
1483136
1167552
423232
4430528
894976
62208
525696
345600
59968
218624
950848
80640
1764800
1258176
882752
1267584
380992
857344
1550976
560256
6866624
51392
1124416
217984
96256
149824
1240512
315648
107840
3156352
118400
1507328
176384
348352
458368
394304
967040
1533568
1065728
337024
135872
854592
477888
426304
117632
332096
9627968
150976
1258304
823040
151744
464960
520576
325440
216576
178560
85056
291200
345344
220608
3719680
1458752
734848
304384
500288
216576
94080
772352
188544
102272
602624
418304
212480
1406144
5717760
90112
568128
386560
515584
30336
136128
516224
679232
1776512
1027776
615360
151616
1688192
489920
384832
1571072
61312
112320
357632
130624
496384
9607936
983232
153600
273024
754048
1763776
611200
829120
138688
511936
717056
1579968
232320
261184
356864
141568
233472
1277952
968256
1322944
841664
374976
354752
732032
1254080
161280
299264
317056
4447616
147712
929856
1860288
482048
1261120
1724032
962496
1557312
160448
654016
406464
405760
1345152
217152
537856
1323072
543680
1316096
1717440
664128
253184
878464
481664
220032
2764864
544000
1726272
1292288
832960
451904
986112
389440
418176
462848
1230912
1299328
1478464
680320
517440
408000
90304
157888
1053184
5263424
223296
285312
78720
769280
11402432
495232
143808
636288
303296
235840
240576
731072
112064
925824
209408
289856
568128
126080
1763584
155776
1753536
95552
1764416
1505472
988864
1055168
3752896
8515904
231936
1634624
458880
441280
59008
352832
296896
468800
411904
16264512
187648
818560
1017920
205888
335680
130816
336960
399424
1540608
648704
86016
591040
372416
181824
396736
715136
1225600
674304
193792
749632
259968
252096
1138048
1153472
1319936
1192320
470016
1333056
615616
96192
320768
179008
1679872
203968
786368
1514304
761984
103232
1615616
178688
781056
332352
1523456
899968
1745088
202944
154496
1248256
98880
381184
632064
114496
448704
999616
588800
120128
209536
870208
175232
95168
382208
106176
864384
294336
1451392
1597888
74624
634112
343680
1219008
486464
10191616
385664
147072
1231296
124480
2742848
188416
1130112
305472
1495808
353728
502848
5208704
131072
583360
659264
964672
520448
258624
1387776
1042624
698560
340224
539584
72256
258688
643264
1736448
645184
1507328
192128
8647232
268864
1321792
2068800
441408
239104
426176
1134784
92800
1416512
366720
126208
536384
489984
1205824
484160
4966208
611840
150656
466432
223936
1194112
473216
65408
436352
681472
1623744
140928
300928
670912
1205952
814464
616128
330560
255680
649408
331072
195584
1384832
273728
877120
1530624
422144
9453760
114368
2931200
419776
332096
1546880
145344
1044224
1630272
222208
69760
257920
1468928
200704
238272
118400
886400
976128
623680
517632
739392
769088
1115712
480064
100160
1154816
613760
715328
188992
408256
72256
196480
105984
1918912
1448896
188032
1064256
121344
740352
7941696
854528
262592
271040
320448
2670272
181440
701632
115840
107072
967104
938688
1076800
141056
766208
4145600
1376768
567488
393792
1280384
1090752
77952
1187520
1825216
218304
497152
478016
838208
1535040
567936
1735552
1020096
4351040
229952
1088128
549440
1677952
1517952
206144
1520064
419840
507008
910464
4862400
753856
351616
615040
494784
276224
122496
219968
680064
395840
448256
2715968
91200
11846336
1249152
418688
1031232
1025920
2314240
1407808
590208
79616
313792
572480
161152
1368576
1316160
564224
82880
1496896
8139392
1625600
1224640
945472
69120
12556416
5413760
384768
266624
647104
234048
656384
1379712
131520
156096
23560512
282240
1458944
142272
697920
1384000
677440
69440
13546304
1124480
2656640
525248
1068800
92800
1069376
651968
147840
675968
3732288
1167744
2208960
361152
1547520
196928
105472
368640
130176
211968
83776
500288
193600
752000
410432
1773632
91072
903680
85440
588032
73792
384576
677696
1485888
129024
1286656
1344768
3861056
355008
378816
181312
355968
1264000
4744704
191104
162176
183040
588608
1724928
292160
970176
57472
671424
1768256
430272
1139072
1486720
143360
696064
275392
215488
317056
896832
97536
1001472
1419840
227072
320896
1585088
314304
493120
1157760
1194624
304256
1664064
552576
1803520
593152
2684672
155712
10954752
163648
197632
950848
3610368
124096
428864
1255296
351232
900352
1845632
1079872
1048640
126656
129280
355520
1519040
13769600
71488
2843648
513920
162624
703424
286080
9734592
1071360
179520
307392
1093824
1368256
1214912
303616
1305728
153344
773696
1268992
922752
133888
267328
65856
1401664
1672960
364864
840896
1235392
255296
901120
365056
590144
1553344
213504
1273088
326144
532800
169344
1047744
765760
526272
406144
130176
801856
762752
1177344
143552
1355584
5554176
438336
74560
305792
145088
160512
234304
1085056
1693888
1221248
859200
6017216
133504
232384
145152
530624
1012032
1684992
111744
468288
901504
1091712
1595264
404160
238720
149504
4644160
641408
200448
984384
1113472
219520
646528
152640
1470272
274560
100608
544512
447872
733952
3497088
97408
153152
182080
455424
683072
1183872
260096
446784
124544
137600
300032
94208
1087552
434944
1916608
102784
234240
233664
423744
638272
808192
1115968
153920
283200
648768
495808
45376
157824
58048
1726016
143296
3194624
85888
1468928
808896
1244288
1284800
111104
1190784
331264
434496
490496
321408
701568
745408
908736
271744
581312
233216
800256
238464
3419264
295936
504000
915264
135552
663104
15292608
54848
8504768
513472
73664
621760
554816
1228096
949760
492672
912064
180032
1296000
692288
419648
76864
5585088
2901952
2734592
124224
157440
735040
103232
314240
637056
197504
209664
1049984
951296
2323584
1324992
87744
301696
197632
4250560
217728
716288
293632
248768
53632
457536
121792
2637376
258368
1139392
623744
1450816
127232
724992
254592
429952
620480
17553088
370688
503104
1028928
1046400
17417536
1685056
1099712
96768
373696
1900480
547200
2426432
76032
271168
944832
119808
74880
372224
1332800
465920
389824
862784
3942400
468608
113088
218304
171328
355968
1718208
1731840
316032
217216
485760
1746048
1125824
933824
156352
16572032
387392
284480
591232
776512
444928
247936
8452736
453824
406592
658432
308416
116480
527168
1775104
216896
357568
1272384
100544
145472
209728
1156096
1165568
1621248
78592
402624
191168
911104
350720
1244160
814336
58304
1133056
324288
123584
492608
159296
193472
224064
157504
74432
244416
461440
224704
597120
3960768
1262848
87616
334400
781952
984704
2489472
586560
249216
164864
109504
2068736
320640
572096
76864
6741056
59776
788928
264320
766848
1510528
419328
142080
241216
313216
1018624
199744
297792
1397696
11296832
1768000
216512
160000
791360
1059072
144384
165056
259968
406016
242432
286144
381824
594368
739008
1399360
477696
231232
922944
1509824
300736
1766336
216704
1297088
1617920
119488
1257536
5522048
235008
418048
3023232
132352
414400
87680
399744
192512
519936
921792
476480
1494656
9691456
799040
1197312
32640
9323712
182336
1669696
979008
105984
7214400
1270080
1183424
251904
216448
120064
3283584
139264
286080
175232
165376
101184
395136
1717056
736128
1366976
895680
1710848
711168
850304
1924224
9147520
67456
555904
1737856
297216
480128
753920
6892928
395776
676928
276480
1678144
2227456
160320
151040
1236544
1081280
188352
1631296
157312
102464
313088
85824
286464
139456
1126848
295488
667712
1448896
1078016
286720
1116032
267264
344000
255360
147008
439616
1974080
1000960
151872
728832
833728
1478720
304832
181248
544576
670720
955200
778752
34240
1041792
561024
251648
794432
1720704
344576
88192
524224
53632
234944
973120
348672
181440
185664
1164416
683328
624064
416640
285888
262976
710016
1129728
781376
1654336
559936
5215424
837824
990848
1339776
1701120
262080
388416
324608
206848
1163712
489984
2891712
450304
1743680
893824
995136
289728
336832
693632
1653056
184448
2477056
1287040
163072
11629376
390656
89664
502784
119168
499904
627904
217920
325568
177344
531328
990528
1038848
979776
840576
1418304
2264256
405824
1720576
238720
929280
195072
1589120
1878720
514816
2558336
170560
354816
2685568
290816
783872
935552
79680
323520
1635072
735616
829376
202624
227200
1900800
1426624
368832
873472
49920
100096
117632
1151488
162816
1152128
820416
700224
444032
743872
641024
1440128
132672
740480
880256
637760
1662784
16796288
93568
2453504
556928
697728
1309440
1562944
210688
563264
1675264
375488
1553088
113536
1042752
597376
720448
221120
225600
110912
1021760
1483072
466112
1576576
1075712
1217024
1451968
269056
1165696
333184
434560
154432
676416
237696
1406272
97792
219136
1335424
246784
617280
557888
644032
728256
218496
81408
280256
171648
854272
192448
243776
821056
1217408
1635328
1007872
169536
102656
1506624
594368
1160064
371264
698688
166976
3025728
147520
1158912
661248
131456
553536
1783808
5541696
64320
740032
712640
302720
1570432
191616
879616
164736
4306048
1743232
126144
425856
683712
263488
198208
1489600
281984
188736
191168
3138304
1185472
201216
323776
2267968
1047872
933056
4026944
800256
1031552
461440
683840
382208
2883584
226624
334976
765760
194880
1012096
384192
1012928
518976
210688
751616
1656960
161472
778624
1479552
385280
5599360
422592
435072
255808
1229440
766272
303488
139840
446656
1165056
1146688
711872
172736
71872
237568
9281984
984448
1298176
167232
378752
364736
1427200
260800
65216
1485440
3746752
179584
373184
534656
54208
1289536
986496
728832
1722368
239424
417664
491456
508672
392768
113280
412736
905984
164032
122176
158848
344768
811968
536384
383488
745920
361344
462720
784512
777728
5871360
176768
1362880
160192
1719808
179392
306432
3919680
594432
1386240
1169280
849152
268288
1473984
1768320
906752
740800
1488960
195904
190208
758464
157824
139200
254464
1217088
772736
1232128
111296
843584
204992
81536
333184
165248
818048
444992
195072
832768
902784
215424
621056
877440
742720
691968
302656
512000
447360
791360
224896
99584
1109120
741056
500352
836096
326528
990208
183360
1399424
732160
1106752
177664
1078912
2716288
238656
3151232
8385728
2962176
1386944
872000
907776
163008
304384
997120
423872
388672
282112
221632
606400
710912
9628288
757248
1400704
1383488
367616
6192192
187456
3019904
114112
255360
480768
505344
48896
320320
302976
415616
1734144
908736
85056
212864
465152
1282624
1137856
215040
259264
825024
177792
478080
280576
1378368
54784
1411264
1496960
17868224
64832
115840
182976
180928
574976
308096
854464
102592
385600
740800
188544
143744
1006016
504832
1894464
834304
727552
874944
269760
74752
435264
839232
107648
212416
1555520
596736
213568
617472
686400
634752
217280
1263488
226048
290624
827776
1339456
167040
1723456
279936
237184
84480
159360
406144
938240
707904
1353472
317888
710208
2126208
159616
584256
1334464
1517888
1659840
145728
385088
432832
82560
268864
271680
1459328
337920
1169664
253184
244352
675328
528384
130816
1308800
1266304
87936
7403648
1474880
215168
713152
727360
339200
250880
444416
94400
118848
552384
1201024
116544
936640
176000
3198336
742016
1516672
422144
2284352
542528
162496
191296
1050368
681664
453696
407552
50432
208704
544832
1310080
1747648
627008
100480
1523648
670400
210304
101568
850496
1443264
1601664
136512
1664704
473152
501696
832448
187008
1582400
955968
248192
131392
67328
711424
560192
1629440
1043264
373696
395456
895488
190336
307008
60608
532864
628800
168256
1458816
238592
275584
604544
3568960
2253632
1271040
246016
242880
752832
467200
117760
348992
493568
1146240
101696
991232
317248
96640
405568
363456
1581312
512448
1764288
175232
489920
1007744
269184
431488
603840
959360
147072
167552
99264
1023872
1684096
769728
1211648
510784
16160512
541696
199872
546048
975616
1437440
53120
226688
413184
215488
430272
1493312
1267840
102208
55424
676352
89024
399872
478272
1256192
823680
281408
284096
132480
1374720
886592
1873408
77696
264320
414016
4891136
215616
19713280
1812736
508864
1443264
412864
1421376
1589824
1066176
977472
424384
5217216
320512
5993088
61952
671296
1582592
3241792
206336
66496
626624
159936
957184
536128
479168
1515712
213632
382016
70080
982848
171136
345984
1061632
1605632
168064
1078720
2219968
1068736
1343040
134976
356608
120320
1151104
1116608
300800
527936
1178560
2931904
175744
570432
79104
888320
153600
1019136
7880896
385664
1809536
182656
694976
253760
559040
604480
640576
57216
403328
1369280
5924288
338496
111744
233408
760256
629888
882048
206912
185344
1042176
316800
337664
119168
581824
1227712
945216
267648
508288
551296
817216
468800
307008
226688
511872
67264
1662912
1452736
115392
205568
414848
1899648
616064
175488
68352
3871424
308032
65984
869760
1508224
1224064
1336512
2306432
521536
212928
1008448
889536
161408
726336
372160
164224
1417856
115328
357120
220992
1003072
359936
2565696
612736
114432
258304
172288
142720
2319040
113088
689280
503744
185856
116800
242880
1145280
1701952
198784
335424
96704
5932544
994176
1486400
569472
367104
49536
255040
804864
325696
105152
1381760
1609216
224768
1799680
638336
1481344
481856
964864
174656
1261184
1097728
387712
79488
353088
201280
1629312
466944
51584
157120
154688
1020288
442880
193984
996224
194816
280064
201664
1055936
1322752
78784
479296
1337344
538240
454528
363136
167168
1403264
464960
3263296
44160
89408
136256
335424
456448
733824
320960
1694080
73216
1105280
315712
303232
1827328
81664
1327744
1368256
180288
613440
1589440
123840
791296
1551488
78016
297472
651648
10520576
571200
1278784
1714048
259328
492416
758592
1045248
362176
1700672
573952
147392
83328
896832
187520
1062272
242432
293696
728576
1727936
1636608
306560
69248
303552
998016
101696
130560
798592
815616
927936
1656448
136192
163776
2372736
562368
229632
1180096
1612224
631168
1316672
117568
214528
1143808
176704
516288
152576
98752
575872
225600
1091392
602560
5647424
416384
201088
570240
1534464
394496
113088
136960
155072
969664
1112768
587456
915136
551552
170432
494848
1050048
211136
654144
97920
2081728
1472064
1421504
810176
302208
1339776
137664
471744
1375104
172672
227840
665152
609216
1057536
95296
480192
1280192
190912
662016
432768
172288
119936
15908416
332096
191808
382912
102592
5812608
1062080
240128
227776
590464
231552
397376
224704
5119680
555648
93376
175936
224704
211456
888768
639680
606784
1369216
1861760
272384
1214336
267840
461504
1523200
735808
9611776
332736
265088
2260160
2459264
5870656
311744
121792
1166272
303488
1658304
404224
880640
245632
1160640
204928
894336
435584
177344
181760
164352
1217344
188608
1662336
185024
3056128
666240
1621568
514816
108096
1184064
1252928
1437440
7374592
743488
213696
1903808
287808
80000
1317312
245760
712704
340544
1262080
152000
759424
562304
1900416
182912
699072
592128
506368
1511680
2569664
166144
576448
971264
363968
821760
330560
201408
476800
270080
1531840
2485312
83648
134784
473664
79040
1627392
386176
202688
603648
616512
586688
184576
699712
463488
39592768
171136
123392
1015872
1307584
1127040
302784
31680
1308672
1223168
213440
1459328
580992
867712
1964352
753600
1406272
493248
97088
945920
945536
1094016
259712
354880
1673728
72704
1439936
1285504
139840
485376
1247808
1150400
83136
387904
183104
161856
1752704
9991104
162112
433792
618688
541760
61120
2347776
240320
2260800
505408
293248
426112
1123328
668032
149824
496512
134400
246912
271232
1083328
567616
97088
701056
375040
1175232
12058496
532608
3753536
1126464
934080
101376
8427712
414208
232960
317248
599488
72256
316992
392512
390080
170752
180608
524352
1124416
188416
88320
863168
1183040
1380480
181312
260480
3885568
408960
1371072
152768
1788160
633600
2713984
162880
692672
1043264
567936
655168
137344
813312
643712
337088
1354048
740352
1022528
461632
1695744
1360064
427328
307392
787648
109120
611456
1636928
196736
1695936
172800
3004224
109184
281408
1426432
1548416
207872
343424
521728
128576
162112
877888
1134656
83648
128768
283456
1103808
620288
130816
731776
1556032
187648
69568
1787840
255360
164992
1204096
1671232
875712
448576
1354624
106880
648256
526720
555968
570624
602240
634944
1693888
440576
905216
400064
214208
150784
2344832
2503936
174784
1382400
855488
258880
440640
986496
132864
628864
103424
362944
945536
250752
401600
1484160
1728704
216128
472256
586368
175744
5643968
1509248
395328
1600704
234560
153344
6696320
454656
234176
488832
1532096
137344
1782208
1166144
74816
144896
1553152
122752
1796544
844160
155328
1518720
349696
377344
100992
692480
114368
1314688
1527296
123648
7378304
423040
133120
1084864
181632
167424
351104
272512
311616
1580800
984576
1031040
2106176
208320
10734336
1015104
551808
801344
153152
424128
35584
665088
320960
596224
463488
853760
246272
568000
192896
1774080
213312
460096
656192
1539328
668480
543808
180096
439872
461568
128128
776256
230336
291392
232128
1701952
669952
897664
88384
1301696
1670976
72768
1174144
277248
1296832
673280
511104
158336
176704
214016
560000
745088
1054784
817024
164416
1559168
302016
130752
432896
174400
271744
228160
183104
1337472
998784
363200
700544
1397760
446912
1455296
199552
537920
87424
166336
453376
113664
1172032
641280
1624832
201664
293184
996608
548928
488192
1514432
1508928
532672
1055808
5692736
343104
342272
9623936
254464
1238400
295616
392640
899584
486720
1008896
387520
63424
96320
1618368
5683904
92352
219008
2990848
1647296
717248
172992
283776
620608
363904
1111808
963200
251712
319744
1798912
424512
688704
1282368
1600896
476224
1038208
10049216
941504
182912
142720
104320
494400
1105728
597056
1508288
201024
363264
321536
106560
627456
407680
85248
353920
1471488
175744
359552
274112
167616
328384
985344
317824
144064
325248
1718464
113344
2723712
1314432
89216
374144
1111168
437696
123072
1278720
1282560
466432
150784
471360
772928
502656
125760
61632
82176
1809664
428608
469312
791680
46080
1297408
812352
1511040
848320
4210944
482880
145984
9640960
160256
391424
1352512
136896
543424
884800
112256
427584
6523968
970240
382848
402304
389952
345792
1330368
374336
5258688
279168
182272
651776
1308224
982848
150208
2585024
140160
548096
236160
1653376
309248
147712
632960
403200
414912
280448
1142848
414080
263616
809792
7126528
62336
336000
371008
604736
130624
248192
76736
1220224
1675072
71296
1620672
2419200
148480
635904
3059392
151232
1771200
79296
136384
669056
1040320
273920
629760
1093760
357568
117760
506304
714496
1233600
3434880
1259264
965312
190144
1718144
282112
1059328
423552
207616
1078464
513536
240320
553600
136512
2644736
1470464
330240
1630016
230144
152960
1399808
6763968
218880
141376
483648
89280
73408
550080
1217152
6332992
297536
289792
8857472
140864
96512
381248
1634816
1262784
655936
378880
124800
1215104
282304
249792
214080
257408
15142144
191488
108032
743424
334016
51648
318912
1034432
1745984
22464
197760
404224
799552
342016
1222144
347584
435456
333888
564224
1896640
1418944
484224
766400
986112
873216
138752
842944
809792
686912
472448
626176
263680
891904
1278848
401792
1130176
100672
78592
1371520
391168
414784
568512
380864
486848
403584
11392512
2297856
7516288
4712384
569856
190208
403776
1460864
127360
294336
1498752
1746560
571136
245376
1779520
815936
971456
5669632
104960
352960
850752
1369408
1373120
557056
714048
464128
886976
215680
1480640
336448
319040
124416
1183616
310080
122432
67136
537856
364352
22261632
669696
719232
258688
612800
934592
190464
132096
1280448
1661888
869952
1114880
433536
299648
902080
1650560
1628480
411904
162752
612416
302912
389632
200000
91840
683520
104448
110464
395008
731200
3402240
1032192
644672
1517504
175488
1189120
1519616
796928
1241984
667136
1387008
521600
1697792
200384
1483968
1108352
986496
1352192
312000
726976
743744
103680
276864
436864
433728
222336
1222336
659008
223424
752064
340672
904640
357632
2540032
148736
1089856
1206144
172480
1686784
126400
248448
69952
972608
1197952
1151296
1135360
516992
654592
433664
657216
182848
150336
1057024
2407936
161344
202176
262912
473088
424384
802816
584128
5591104
324224
12124032
574912
317248
82176
1556160
321344
130496
264128
367936
1470272
283712
83136
1063168
745664
90560
478912
196928
1469248
132992
393408
283136
405824
2178880
1049344
976448
926400
210240
1196736
5285376
157888
326080
146304
587264
610688
940160
55808
96000
242432
1564032
782464
494400
1326016
354560
463616
597312
323328
1069376
1408256
582144
841536
199808
411776
1207232
1813952
289088
272768
843072
305088
494464
215424
383296
767296
1017088
134912
229056
1685504
133952
144320
461312
1079296
5615872
7190272
493440
720512
115136
567936
759296
200960
230912
1618688
241920
1146688
6090880
246272
559104
140032
437824
1448576
1351936
1410880
1936640
136768
366464
436608
176128
150912
778176
947328
422592
1986688
2194944
703936
968064
743232
312704
36288
334976
833792
75456
532288
1548096
1303936
1394432
459520
148352
208704
312640
478080
821184
168384
245312
228544
528576
247936
1214976
187776
263168
1404288
666816
102144
571456
1310144
1591680
1662400
990336
120768
216768
760320
291648
1068800
1602752
1475264
105792
664576
239296
858112
223744
15379904
520000
119936
6602752
128832
772544
204992
4431488
487040
236544
1156032
521408
9992832
105984
261952
891392
75968
1579520
195968
699392
1014720
71360
1196096
102336
330304
1770432
511744
1909696
79552
1407168
345024
1024960
79104
1269632
363520
362688
310976
337664
1156608
590592
1202048
771264
634560
627840
113792
444672
751104
843904
1361984
8970688
499008
1461632
968128
147392
993600
987968
1333376
1741952
1399552
3713024
1204672
376704
750208
1207808
1421632
70592
239104
378752
810752
272896
1196928
288896
74496
975744
1462336
231744
149952
206848
1123008
286656
156736
1205056
316480
1295936
838400
1370496
302656
667136
96576
1420544
63680
1971008
884480
61504
1716160
347072
535040
956416
235648
386880
961472
346816
702912
156992
867968
7715520
1902016
209152
372416
556736
154880
665856
342720
685888
1732800
1404224
135168
774592
1174016
1422464
452352
4691136
662208
943808
1149248
312512
404480
329984
348096
4859904
117504
470656
701760
155968
1420928
436864
1006400
78976
344576
1417408
363840
6476032
157952
269504
11093696
638208
321728
153792
1288256
1318208
98304
2907200
81280
980224
159936
1155264
64576
1474944
1322304
1740096
1141184
103680
532800
370176
220608
1083840
830976
235328
5352192
583616
261568
205696
840960
487808
1563648
1419840
665280
317184
273536
906944
89792
1050624
1383168
159296
11169536
1468480
64320
1449792
55104
1249792
251264
817856
780864
464512
147712
1817344
1229824
272192
453568
220736
62400
1406208
1280064
1320448
7362240
1548736
875904
1246720
1670784
60224
396416
694336
229952
805632
619968
1169216
181760
637440
463424
388160
1313536
935168
6636800
33536
570688
74688
755008
1687104
582528
1681088
1199104
216320
121920
230144
621888
1678976
186304
432768
1181568
723648
1025344
1920192
249664
1070144
241024
8067968
452928
210944
902208
237056
362240
3980288
115712
543680
739328
250560
495104
571968
542464
436416
219328
731904
461376
1762176
86976
243904
465216
406784
790848
8339008
449728
203456
1396288
220032
366336
8572032
233216
376640
1917120
1424064
882752
242880
1784512
444480
1019328
522880
25174848
644416
972928
675008
76608
1223104
133504
494784
694464
127616
147328
129472
859776
427968
1284224
290624
532608
715712
212096
414464
155008
240000
1225728
753472
341824
1576896
182208
1105408
1059456
343936
5589952
1724096
318976
55872
2245952
429760
4859136
400704
11754688
1481152
210752
754496
1674496
204416
146304
253760
1488064
558336
1136064
649472
17370752
34560
395072
224320
1510400
329280
623808
3207488
155904
387136
1160192
82624
236032
707200
1011520
608704
169152
229312
7226880
476992
802880
1089152
1822976
551936
963008
169728
204864
5462336
820992
352064
590656
705600
245632
173824
499968
256704
1414528
408448
786304
1614592
554240
355840
417344
205184
1049792
2718784
127040
117824
1052800
1197120
1252032
117120
231488
909376
1191040
932864
66752
326336
979008
1722240
113984
687616
270848
1492352
1151296
221248
626560
1171392
1288064
427648
426240
364736
2587520
176448
380800
59200
249408
104320
446464
659712
61056
650880
226432
1936832
1753792
110528
11002176
215808
1089792
946752
158528
369536
1286912
5002880
695104
655488
953408
4587200
134272
117888
2011136
228352
1793536
451328
297984
396800
181056
226048
1519296
242304
942464
1009728
1618048
16608448
1491904
560128
183616
1168064
184576
925952
5269568
210816
161216
752384
932672
787712
739392
154496
437504
6709824
386304
120000
404160
253568
751936
412160
303552
147072
1296320
405824
83136
388736
1074176
1458496
453952
723392
694656
536768
137984
1505856
804736
1731200
644032
131968
9285824
98048
357888
478208
1504384
8369792
204160
1236096
1701568
291008
577984
229312
101632
824512
246656
339904
341376
242624
243008
2952512
167232
856192
706816
2383232
754752
192192
1826688
928448
542912
4509504
242688
657472
3689152
89856
261760
328384
280768
490816
565248
3016256
286144
860416
1253632
6216256
123712
2919552
219520
271744
757312
441024
322112
1505984
931200
487680
3540032
386496
904832
511424
232256
641920
600256
1435648
558464
43456
433088
1425856
385728
213952
1037376
254592
1574976
73024
629632
1025216
177984
890816
3693632
72640
656448
113472
1104576
166976
386112
1319552
4161344
2181632
503488
118016
428160
174080
1600960
296832
461888
175552
167424
178880
591936
1769600
159296
256896
98880
934144
1022720
136960
5370368
580480
866816
141120
1025024
4969216
339072
1243712
604736
169984
345408
460288
228352
69120
1150912
340992
285440
680576
1163264
712640
1592896
530880
159424
837632
511296
1958464
325952
40320
1520064
1292160
4402496
1981440
268032
104960
135168
911488
622848
401024
100032
326208
1337344
570112
241728
1263616
290432
1473088
14303552
746240
322112
155776
1609088
943680
264384
163328
191040
963328
223040
207616
761408
1122880
1294464
1196928
10155072
205760
584640
1421760
237568
322688
234048
55168
227136
211456
454528
322496
1559552
761792
130240
615296
115520
192320
167808
1323904
292544
832192
255040
1679936
753152
712896
1621376
1241280
1016512
252096
974592
648320
9674176
426304
71168
818048
213696
441792
116224
356416
3270144
71040
357760
897152
611520
5875264
475392
622976
137920
87680
1465152
555136
707840
268992
612416
1636992
367936
88832
1649536
763136
779968
1225280
1194688
1195840
271808
17461376
1135680
761280
1172096
785920
212992
10852224
349056
1079808
705664
94464
1008192
200512
181632
936640
675008
256064
1682432
1300480
881344
918528
8184064
173952
329408
745280
204608
931776
1182400
1504320
1335104
454720
1721600
1055488
1250624
221440
934464
711168
3697216
969088
1001152
1370944
813376
174848
337600
15479040
201792
885440
194432
1303936
1139264
241344
283200
13649856
788544
262592
106432
456768
1748992
606720
589632
538496
593664
665216
122048
1200896
39680
235968
144000
599936
1021440
36800
81664
287808
330240
719616
195136
1653888
1667072
503872
1290496
848192
370496
3988288
173504
139072
1216704
4189952
1488448
503040
523200
1490624
260096
643968
147968
205248
306944
123200
9556928
201920
835200
263552
728768
167936
177408
791040
1034368
1134528
680384
235136
41600
1969344
615680
61056
280384
390592
1875328
420352
1311552
1212160
524416
336640
271616
458752
1522176
72192
574528
281408
1771008
308352
513600
435008
579712
240320
333248
136896
1899008
1636544
843264
75968
294912
157952
269760
1036864
562048
736000
762688
1500160
74176
557440
240320
1729600
194816
377536
261824
3241920
6248128
213056
134656
265408
1425728
1046976
264832
1079744
201600
2932864
1591360
2256512
785792
368128
407040
74176
444352
317312
496192
1717504
2572160
629696
978752
351168
241920
1542080
641472
260672
1585664
166976
312576
420096
488640
676544
386304
1720192
375040
233216
1734400
352832
549504
128512
1128384
3058176
445888
1403776
1791360
416704
245056
310976
306752
772032
746112
801984
771008
217664
297280
93696
1320064
196800
858880
1135488
1258816
153984
391296
1652480
196928
948864
211776
271872
156544
1122688
160768
2305216
146176
946688
878336
127296
284224
461632
236224
368704
11685632
527360
1157632
10922496
329088
1521600
89280
1442816
13007872
1618560
657344
1509056
467968
180544
384384
1903872
376064
14772672
265280
147904
538816
295552
617792
792704
1776576
174720
1418816
392064
232896
896256
920832
72896
446976
189440
5845056
494592
857728
202560
958656
489088
495680
1237248
1675648
14603456
305344
126144
508352
150464
774016
125184
1283904
907328
1101888
240064
1771776
225344
631808
582272
126080
403456
233344
322240
287424
161920
4607040
48576
1275200
210944
1097920
371136
696128
2629952
67904
1414080
78976
335808
259456
1114944
3747776
889792
44288
418240
119488
265344
272448
509440
1189952
722112
256320
419584
610432
485504
1045056
328384
1590848
1040256
6776640
1890496
105536
607936
331328
428224
123584
1401088
1422080
344320
255296
10091072
379008
52032
368448
241536
264640
312320
693312
1488192
125120
747776
2421440
1556608
4433664
224704
689472
880320
1427136
318656
1250368
160384
182528
571456
1139584
142528
373056
188416
1315584
153472
965824
646208
544832
117632
277568
543232
248512
331264
555392
198656
1252992
962496
1427328
281984
667392
462784
94720
178624
217344
599040
464960
433728
1344512
937088
1873728
159808
2357504
1162432
149376
268096
271616
395072
1115392
145088
2442176
147904
2252672
465920
11410560
530944
1197056
306048
275072
585472
212352
319616
946880
331008
1605952
585536
529216
1278912
1116160
1335616
3175104
169920
171712
213696
7558784
100480
200256
1820096
328896
85760
1865728
228288
92608
270464
153856
290880
182912
779968
369728
1426816
113984
322048
211520
425472
279232
829504
435584
930176
157952
1504192
3208768
486784
70976
89856
343104
632384
1234944
11630848
361088
574976
403520
815040
512576
1637632
311040
1215552
1351104
341312
64896
1314560
95488
1058240
1192512
1246464
892160
988992
448768
668096
200256
1025920
782656
610816
6183680
771904
1620992
1276928
49408
854656
273152
244288
227712
1513664
334080
444992
693376
8633408
491072
324352
242368
298304
3245696
303232
1402112
615296
1166208
452224
247488
589376
369664
315840
159616
586048
2396864
1135232
6771776
143872
1117504
245376
251776
390336
1411328
1317248
125184
318656
1657600
693952
138304
886784
65536
124416
3690880
360640
247296
3781120
918912
484352
914112
1407680
125952
129344
1966144
2741760
784000
1617792
513024
1211520
105792
1270592
629376
377984
3824128
1330752
259904
675200
596736
174464
290176
1040512
890752
1436736
173440
325056
555584
449792
77312
559424
1682176
3131392
137088
563776
1791232
575360
1397888
274496
465536
767104
164992
315840
684736
945920
101248
383488
196928
1032192
399040
1384064
1398784
183296
6437696
1140288
4385472
821952
236416
1157056
328896
199488
1415360
510400
536448
313472
153792
363648
564160
59456
444736
318016
178304
686848
217728
405888
1559616
1396352
421632
548096
193088
598912
2321280
111744
221248
702592
138624
174400
562304
725632
791168
198400
98176
431296
844608
117632
420672
453440
1233344
161536
154368
989440
1129408
195904
957504
1208256
683776
1277504
1266944
2478976
253120
743744
268672
295232
855040
1551104
2897408
1130688
4331264
120000
367104
289280
338048
368960
1263680
629248
6380544
30720
229760
58816
376640
731200
910784
112448
1566016
331648
699072
270016
832896
911744
118016
593856
110144
185792
1776960
1277056
394624
894848
783744
1257536
439168
308032
375680
563840
1609216
416128
1046272
3012544
985280
328384
1509696
1317568
214208
161216
789312
6424448
685312
122944
452544
1262400
1828800
1731200
780032
2050048
537152
363456
214848
880448
718208
287168
3458368
68224
120960
409472
9776256
519872
318528
584384
941632
721472
94144
169664
99712
890816
666880
402048
631552
2683200
161472
474432
681216
544960
1119680
80448
338624
1591616
286208
367616
1436352
967808
1908800
6294400
1445376
190464
109120
415296
1160640
91968
64448
3310400
1258304
482944
253120
316032
161152
255552
1356672
643584
56256
620224
951296
1297408
102528
1204864
1014848
12422976
665664
64000
176512
475200
385856
107136
3025664
138496
614784
412288
854656
1084032
1165632
344576
1521088
292672
679296
374336
241344
1348352
2860224
776192
60864
790336
116544
1303488
335104
433536
2577728
348032
387712
1149376
454656
1844160
407104
376384
1696832
345856
140672
1054912
173568
347776
1006912
916608
3809664
933568
548992
1256640
339264
167488
120384
788864
1051968
272576
421952
933952
225984
207616
1531776
122880
1019392
490240
772800
386560
115456
208128
460608
527360
1205632
397376
1390336
996544
196096
139968
615616
263808
1130176
309312
2179584
1177408
464576
521600
157760
80448
270592
587968
579648
170240
624000
1402816
203968
3540736
394432
598208
79232
1100288
1076224
397504
3619648
590720
6097792
1726016
66944
711680
164992
289792
965248
123136
1393920
115840
1150272
907456
1202176
839168
6178368
1490880
3708480
268800
65152
1069184
1433088
25041024
431104
188288
236224
1508288
719104
492416
1236160
432064
439104
1486080
394368
206400
2547584
188736
162560
486144
507200
508928
131840
327744
593088
288192
222656
313472
873344
1661056
224896
218944
1777280
1524032
199808
1504064
446976
2548736
81600
580416
2621504
54976
465280
1184832
638848
176064
397952
393408
415936
1147520
410048
773440
3081664
212736
858944
275200
1039360
83904
1588032
304384
1767616
1551616
563904
182912
1466816
844480
415424
582912
320704
457408
1508928
162816
560064
1338816
332288
692736
412352
640640
129856
1035392
554496
97152
602240
284800
1651648
115776
564864
284672
670848
337344
1985216
684608
307264
960384
10442432
372480
550592
192448
1321408
729856
3892160
645568
206784
845248
379328
860352
97024
572224
707008
407360
362112
629888
462144
120768
246976
747392
87424
1077056
314944
713216
217152
394304
752768
150912
4002048
839232
5682496
355712
276096
366144
516800
45824
235904
91008
308736
250240
1588864
1452288
454656
1170624
254528
132480
158464
86720
676544
344128
1207040
1275840
243200
247616
544192
6093440
97792
128576
1208704
462272
78528
1316096
1471424
7295424
640448
83520
1155968
386560
1613568
6145280
155456
362560
875200
1443712
470784
127424
822656
414784
139200
577280
2928128
232768
253184
617472
1368704
1405824
255552
171520
94464
988096
821120
237120
2166208
231680
152832
899776
6483712
974848
659328
1240128
300224
832320
594880
349248
751104
135936
286208
620800
450944
1602112
464768
630464
168832
274176
7365952
341248
684736
139712
282176
965248
613568
1669376
5524160
104128
18415424
357632
357632
483648
457920
177344
196160
142528
47744
557760
113792
115584
823552
1624384
520576
1297024
1435392
1047680
95040
508224
196736
1448960
608896
204224
1728192
701376
166720
549568
540992
1138880
1471360
161216
97920
154880
111424
784192
82432
151168
795584
330816
350016
1563008
830720
2009472
700928
112256
567552
1359616
177600
974400
974720
483200
192640
497600
207744
105024
610560
87168
123072
854336
481472
1195264
95040
1744832
105280
490432
4017792
419008
2137408
71360
2668224
329536
48832
340544
544128
977088
408064
8011072
1358976
568384
1205376
680320
171584
2064704
411776
364608
471104
575616
540288
5544000
216896
67200
4761408
603392
868736
182720
186176
560256
350912
422144
444928
450624
150080
372288
163200
699776
132736
480000
524608
482944
849344
145408
329984
1026560
96384
1484096
898304
291200
466624
984704
8273984
173696
682304
104320
572032
457280
581888
865984
538944
1311360
135488
608512
787328
261312
213184
1339520
269696
767936
156032
407168
1657920
2672832
175680
408576
385600
466368
119552
738432
190016
1573568
281728
178240
343168
601408
1625280
1642752
360064
324480
121088
303744
521728
320640
613440
512768
577088
840128
112128
299904
759488
94272
19926336
785728
482240
135616
223360
1477696
1583680
66240
127232
780224
2375616
592320
1539392
425408
648320
413888
381504
235136
1219136
1473024
197120
1755776
1348992
144320
403648
331008
823488
264512
435200
1693056
610304
616256
616512
275264
1265152
910592
541184
494592
757504
1048000
166208
1383552
1023040
758528
1656704
176832
123072
363776
199296
1215040
1624896
373248
379456
176320
74816
3434624
128896
267072
335616
441280
268800
350336
1437504
826432
79232
266240
616832
529920
392576
456256
392640
1494976
701824
138624
274432
305088
1281792
1226944
1673152
1037056
375872
699840
456512
2408448
321856
631424
376128
1725056
5928064
342848
3146624
566528
12492864
98496
1467648
197568
138816
594944
1514112
151552
141760
339072
102336
865984
780672
970688
264832
3936320
256256
270272
365824
935488
650496
706368
568064
1151296
4280256
359360
682112
516544
175232
1499264
1763520
238720
249792
134656
879232
1209664
464128
526656
1291648
319936
235520
134144
891712
76352
149184
162240
475456
353408
1235008
1055232
408320
786176
246208
2515328
5017792
273408
1534080
285504
1531840
372480
357824
1185408
260928
191040
1210560
202688
1216960
175104
904064
1657280
640512
266368
248064
335104
1060160
700480
278400
129280
170304
219840
106304
1800704
1429952
671872
792448
569600
655424
8547392
295552
1322816
381120
1477440
656512
586816
9698048
294272
1296768
608384
599744
606848
1132352
1430144
507968
1038016
726784
207040
19790464
137984
60288
473728
696448
298624
754944
1600256
105984
769088
306048
1559040
813888
496448
86080
339712
2730560
166336
155584
158528
352064
206976
277184
916352
1402176
269312
332416
20947776
230528
13698560
1419456
556032
824896
474752
1714752
457280
103488
319104
910016
114304
65792
275776
1122944
482560
120832
1245248
254784
615616
285376
1901952
1097216
75072
679680
1427456
431744
8157120
297792
1555520
493440
1074240
75904
638720
708160
134208
418880
204864
715584
1404736
1361600
1094592
472704
159936
1456256
204480
954112
995328
274240
82240
114304
670592
773696
99264
626368
71616
304768
149056
1547520
815808
112960
745344
194944
1291456
1375296
238592
97280
383040
1739072
249216
2491392
55488
918464
177536
379200
94720
356736
932608
714944
505280
149696
432640
127872
548608
1339264
943232
9997312
304896
468800
1135488
1059776
939392
248000
600832
323648
1086400
455616
1672640
140672
190016
4408000
91968
889728
1030720
1361280
491456
704128
803392
855808
1188928
9367424
111744
184768
771776
1174400
362112
959360
1750464
569792
212928
164864
83904
200192
2223488
718208
337280
113152
368896
268608
932224
1893376
1174336
100928
1591296
1099072
861248
96832
248448
1668096
429184
965824
675136
731136
41088
102784
236416
184192
122624
625984
153152
1556864
185472
2886080
1751616
3578688
253760
528896
107712
490176
746816
659520
742720
1050496
108096
182464
223872
1768320
430144
1563072
790912
207552
1089408
754816
338752
1458560
2139648
129984
479296
458752
1068864
763072
1211904
1307584
65152
684672
198208
1631808
50176
1605120
245376
444992
890816
78976
96320
816576
236224
126848
441856
1076416
296384
762496
1067840
1098048
1060608
300096
128768
417344
1270592
91648
342080
828224
321728
1143808
139008
224640
127232
667328
418496
215168
1415936
1593728
101760
423360
84288
526016
1109312
1557760
28160
4235008
279040
81856
2350528
365824
289600
142016
74688
187712
568768
342464
1321920
106816
1067520
893568
72320
975552
1002688
822016
170880
991488
1355136
291776
82560
265472
477568
203968
322816
1641152
5833664
211456
124736
621632
1804416
1000640
390464
357376
1591168
4491776
1755136
893888
261952
593408
3022656
180672
159680
392320
3738880
663680
162432
428992
262976
476480
333632
146112
1148928
543424
148608
1282048
80768
87040
968704
977856
236672
154944
139968
8573504
87680
1028928
1312512
1132096
542144
297344
135168
1303616
1473664
1203904
797248
1743488
1071488
120000
682240
906112
7076544
1265344
916992
3262464
269120
240192
3792256
378752
263616
273472
1011136
813824
105216
1771584
239040
1683328
488832
1151808
4010048
210112
730048
3097792
686848
779968
180416
6754944
369088
14058688
920448
398208
411072
620864
182912
2563200
421440
443392
534208
357504
378176
383104
1026176
700864
239296
676800
818240
293888
329216
1154688
348992
1381952
541696
347584
783232
65984
1709568
167168
674048
196736
89408
971008
1205632
215040
689984
1204224
1757376
111296
315392
1040000
1017024
515328
729216
57152
1311552
134720
129472
200896
139456
626752
565376
275264
135616
728128
275136
716352
127744
432960
1533952
180096
1597632
1175552
469376
6319040
1251456
184064
73216
282368
163712
905280
138688
119808
1543296
1749568
590912
634368
1656832
1025984
1000896
481728
750464
85952
174144
596736
502016
936768
168000
1270016
1514048
141632
320896
526528
1012800
1652416
780224
690816
411200
520064
365952
163712
138496
1736768
1341056
860224
1411712
119040
129344
743168
401280
382784
409088
826496
22976832
810176
386944
265728
1250304
378240
201984
345344
220416
1528896
131648
1344192
1443584
169600
203392
1265920
745536
417280
460544
856576
9363520
175488
1149696
228416
217344
279680
337856
204032
1221952
1627456
76608
287936
1604608
971264
1200896
241920
1130944
503296
416256
420672
655232
113344
1429760
555136
425856
1286080
575872
887424
82112
266368
1722624
916288
148288
480576
363264
1036032
560768
229440
286592
283456
224896
1746752
705664
223296
102016
1085376
345664
1322560
378048
1099264
321536
345408
63552
480512
592448
627776
1202944
3032256
716224
4763776
971392
315648
326976
5395456
679552
629312
530816
344384
766336
240640
594816
1151808
1506240
107584
1358272
228672
911168
9995520
398080
329856
56064
963072
116864
158208
249728
197440
1073600
153600
1138752
938176
205504
397312
396032
540672
349312
389120
284096
897216
321984
481728
132544
204928
262784
247168
297472
1107648
3585984
1584960
357184
567808
1044992
1105024
247040
1689792
510272
619008
690240
7223552
667200
316480
11397632
186816
2368832
163392
219584
1111680
568000
175744
133440
872064
249024
556032
1654080
900224
196992
623616
857600
1574336
806272
5345472
1563264
5122368
421568
496064
710784
678272
1737792
92672
996864
744576
219392
318016
233920
1561344
710592
202048
510976
432448
529408
688832
587904
333888
1269120
375296
547200
299776
1638336
177280
1369408
129088
394624
2277632
698048
137664
746688
8550656
230080
289344
972672
311168
203328
920128
1160832
469760
522816
1413568
1527808
450368
155392
369920
419328
323840
384000
261504
495936
163328
375168
242240
331776
1539712
73664
327040
864960
1070464
107136
656256
141952
697472
192640
451584
638592
965376
307264
495168
1395200
613824
1435712
1529600
1577088
1290432
141824
85120
445184
245056
397696
1387648
3299840
480256
1347072
104512
420288
25000704
342336
608512
279488
88896
832192
1152128
246016
1510144
1782592
812992
368704
777024
115712
1230272
518400
140672
158464
212800
1225216
390400
1229120
228736
963904
404608
1628608
446272
670720
163648
1384128
706368
1289408
352064
283200
693632
369088
423744
187008
1807552
185856
382464
132480
332416
479872
294848
960960
1119872
814976
386240
143872
1470592
1596416
5140736
358400
1133632
456960
862656
1196352
17068224
717056
722112
1363072
1163904
1044288
157376
1131776
116672
820864
1603136
314752
837568
1012864
708288
502912
334592
13777536
498112
746560
272704
626496
174272
194368
1983232
191616
222720
304768
266752
1499456
1330432
159232
293440
196224
530752
534336
161920
168128
91968
501056
1364864
286528
52544
1495936
895552
1122560
690880
426432
222080
197824
4431424
1598528
466048
1150976
992192
588096
387264
754688
191360
228480
436800
787776
652416
1100928
99392
711680
1503360
738112
1637824
274688
457856
209856
1071488
110592
1484096
585152
96640
585408
89920
759488
399552
3550848
444096
930944
252480
784128
8755520
268736
6747904
295104
192640
82496
451904
339520
1619776
661120
503616
279616
141248
1420032
415872
909568
1641792
1154368
164992
15408512
227968
971904
1474496
428992
88704
963520
1568000
511232
395008
2645184
1392448
300864
1315136
487168
977920
139200
438464
146560
341632
786176
573248
363840
551936
1564672
325504
999872
2580864
1489280
104192
1771648
66176
82112
875712
1903872
455232
95168
243264
1791296
457088
280896
167744
888832
313920
1255168
1224960
7253888
1528512
674624
99136
381888
538240
1236608
143232
245696
360128
644928
766592
293696
22213504
231104
1154240
1666752
1679552
589056
123840
1207872
284416
1457088
108352
1220096
306560
240256
80256
310848
375232
693632
1086080
709824
2504960
242944
1205888
1387456
1062208
332416
13310528
419776
195456
500864
1052544
1300992
190784
1105728
156160
558272
1389696
361408
531840
182464
1039296
337152
283712
420992
300672
1513152
1355456
1479936
191872
2736896
236992
906560
957568
1633984
1398016
270656
83584
2362688
909184
845440
887296
424512
481152
589440
202240
53696
1405952
932416
815552
89600
1311488
170496
1550848
425984
1384448
967872
425216
1257728
347072
1569920
229504
1597696
309120
1721728
599424
105792
151360
989312
233344
1754752
361664
442944
240896
5225472
1263680
252160
898560
949312
398784
1349248
1168640
639552
1637824
84416
61568
1696576
551232
652672
618752
867456
550080
316480
203584
1729984
8184576
1302464
313728
656448
181952
1091520
225280
198144
397184
12070912
265216
1471104
249408
512128
1314432
460288
500032
112640
904320
208960
107648
103296
288512
80576
276032
2319040
1573632
76544
701824
1720448
1070848
454784
665984
197248
357632
268096
1287360
1070272
280256
65664
296896
1317568
667712
1241792
430528
1581888
92288
1139968
122624
843328
418688
1548224
2860352
297536
454784
820544
269824
917184
810240
7814848
187712
322112
392576
38720
14960064
540928
305344
1534272
297856
562240
262912
369088
1198976
1208128
411776
445376
745408
361216
270208
391744
483712
276928
1084416
10860928
179008
1496192
397376
1715008
1464576
1068992
164608
956736
424640
4336576
214592
740672
579776
1392704
1665792
422336
695744
138304
865856
716288
271168
1703360
303168
511104
1066688
495296
1383360
287552
1605568
2645568
596224
34304
85504
182720
1159168
1045696
205120
1135296
4617280
994368
511296
470272
634368
173440
623424
371520
1141824
1537792
178624
276096
7028480
18151616
694976
641856
1416448
117760
1057344
442176
426112
121664
764928
990272
3132864
34368
742656
248000
250752
531520
1255424
146048
1349184
337792
1453120
734720
101952
266624
708352
1784896
111040
377344
361088
226176
507136
232896
2815616
739584
200128
400000
283136
1327168
19026496
167360
250880
113024
1658048
392256
1381504
297792
1274304
704064
412672
292096
1731776
552960
144768
642304
562368
1167936
214016
150208
816384
1503296
208896
383040
389696
387904
1120832
95936
4236224
685952
270208
1194560
97152
289280
54656
115328
1046464
524736
1688256
354048
186560
672960
160384
189120
585024
8130368
737344
156352
159424
1919296
184896
843392
557056
1248192
212352
767040
801152
594752
233088
876736
606784
1328512
128384
459968
146240
513024
215360
1279296
635904
109888
143424
133568
278976
870528
592640
4640768
632448
169856
53696
613760
1236288
455232
872384
187072
810944
209152
1049088
653696
476928
1047872
320576
109312
271744
399552
445888
8906240
1005888
625920
691072
244352
1550848
1049344
75712
107200
1950080
350208
409856
1390464
426752
168832
955712
841728
81856
197120
311552
757888
570816
1445824
164544
350656
104256
730752
657216
1448128
373760
105536
742144
3431936
195840
159040
2826624
792320
247808
1479680
1788672
430848
263552
340544
122816
735168
95040
278720
2503936
420672
391040
11984576
236608
1701888
872448
2830720
1050368
1202112
1391040
412608
707328
147072
194944
491584
196480
899456
152960
503680
871488
1206592
894784
166400
507712
509824
76736
1418176
409920
14714816
547136
330048
499456
14810752
1540480
180032
1103872
99392
1615104
1122240
260480
382784
1441536
303616
1423104
1473600
1926592
135808
5158720
201664
946176
790656
7559936
911744
1140480
490880
207104
1733376
123392
713280
227840
1030144
843392
371392
847872
424256
501888
330048
1180992
1882176
57664
853952
188736
117120
315200
134720
1238144
156992
1304000
798016
539968
197184
1548992
112640
547776
529152
70464
1270400
142848
175936
710080
853568
128128
654912
314176
3536960
107712
640960
1203200
465984
339072
2425408
949632
1419264
231168
435840
1039680
370880
499264
269952
92416
407168
790528
546368
1315520
118976
160576
152640
208832
296576
540160
2913472
204800
130560
1059776
792384
745280
198464
236416
1771200
92544
1064576
173696
495040
187712
1271552
281984
827200
237248
167040
520384
517248
294080
1371584
305856
1603328
7065472
1471424
144832
290944
347904
310528
1019072
331136
957120
582528
890112
563136
715200
137024
871872
1333312
662016
427328
1288000
173888
1456832
234688
8936000
510464
558528
1164608
352448
275072
387136
377152
1473920
639424
1044160
4559424
142144
396928
1469120
171392
798912
308096
130368
1045312
116032
634944
126400
1434240
329792
463360
1248832
64448
382784
1236288
955520
1477632
130816
1749760
1075584
212032
1342720
483968
1149312
157760
101952
1751040
1370432
193792
150912
655872
984064
1239360
175936
1481728
268416
293248
119488
141120
581952
243776
1683328
1405312
27581568
237696
1213696
89664
318848
1770304
8094912
3629696
787200
234944
420160
470848
1331840
1089280
1242048
1016192
16051456
886976
1567488
331776
1230592
502208
656576
511296
417216
641600
3427264
129856
766976
487232
301056
1007808
1652800
172608
601728
469120
347584
1196480
84544
1518144
129024
1009024
469376
6652480
417600
418624
1479296
1131200
2226816
745792
114304
1340928
570368
299584
3582464
373312
493120
114048
1596224
604160
2559232
415616
8073856
128640
754688
260608
882496
229888
1187840
951680
1081728
719936
216512
157440
364672
208320
4069952
1311552
92480
472576
712960
1567616
411712
605312
332288
1769856
322496
468416
1919616
1017728
1001536
766976
460224
16690368
582080
256896
1052032
97728
349824
466112
663360
534912
222976
79552
208896
699712
668608
498624
506432
197312
121344
389184
2703360
693824
2104448
458112
1658496
1299712
439808
13004672
150912
219712
399488
728704
1478400
477952
633664
625088
1443456
88896
98240
457600
356544
1483648
1510976
455872
1311744
456064
627904
1098816
934720
417344
15886976
119872
250560
740352
387456
881408
427008
569920
180736
182656
611904
255552
350272
1086784
707520
892224
635776
881664
637184
963520
1448768
350144
1012224
681280
644096
180160
1667712
209408
707584
5436288
399424
874688
778176
1057920
167424
130816
2507840
228224
282560
755008
1410496
403136
462912
286976
407360
1519040
1088128
398976
748800
2198144
1745920
117952
131648
4683072
702272
569920
307136
504384
397184
1228608
1285184
471296
584320
1051904
1013440
1738944
648192
49280
404544
720448
329792
47488
588032
794816
343488
1847872
2962112
165888
309504
177152
890688
1309056
723648
614976
773568
805952
182976
129472
1467776
271296
268416
415744
4019968
2555904
1058432
243584
1097024
495232
323648
1063424