35904
55168
166272
130176
116544
41408
52864
124544
172928
33728
71808
34496
28032
86272
284096
244224
200704
206848
221888
48960
311872
795392
260352
95552
125248
160576
63616
164672
225024
67072
67648
435840
10624
516864
11968
7808
134528
17024
3648
289088
386368
7424
7168
58944
52096
96128
24000
36480
205376
286144
67776
896
175872
6272
183936
18880
385536
86592
4608
223296
5248
41024
23872
41920
78720
576
841472
41152
14784
4736
3328
3584
155264
1536
1600
12864
1984
3904
19584
896
117632
35456
218560
71360
640
16832
71040
3008
2560
52864
19136
26048
59008
554240
720384
30144
5952
15040
3328
208384
6144
65792
20992
41728
11392
80768
5568
13440
4224
631744
4352
38528
169088
3904
9920
14592
134720
1216
4224
4864
13952
71168
30272
7040
10880
66112
4800
13888
121920
20352
297216
320
112448
128
172928
5888
91648
320
9600
12800
31744
2944
384
3008
42816
6912
2560
128
10176
372800
1728
734336
448
5120
6656
199616
15680
38016
370816
95488
1216
1792
6272
15872
8832
5184
7232
2624
8768
68736
6336
2240
14336
384
320768
13376
320
26432
3520
8448
2560
960
1792
10688
14080
320
1152
4096
9152
296448
1024
16832
6336
1280
128
960
2752
29248
896
4928
21120
5312
960
2304
5312
12096
76736
33792
6912
3328
31744
1088
6720
256
2944
768
1664
41728
98880
283840
832
256
5056
128
3200
1920
30848
17536
7552
582976
1664
4096
1344
384
7680
960
2176
17280
1152
6592
13632
2496
768
126208
36480
457088
3776
9856
21568
1856
61376
8256
13376
7040
15360
9152
54592
960
768
704
1408
164032
2368
1216
5568
34816
1088
893120
1920
1152
384
8448
704
11072
1280
3136
8064
14208
3136
512
16512
3712
2496
59392
4032
1600
4416
1216
1472
17792
6272
640
1408
12096
384
1088
2112
6272
32000
2048
3520
2560
64
14400
1024
7424
41600
1216
8320
448
18176
25408
110144
2112
7296
512
640
1664
4032
9024
384
1088
3456
9408
2752
2496
21504
1216
17344
320
3904
768
72896
192
128
355392
14464
8064
11456
3008
21440
10176
8704
19264
704
2496
22080
576
3520
11136
1152
960
1536
832
4672
8896
128
960
36096
768
3392
4672
463360
1216
12800
896
14336
1664
23808
4416
11264
8384
5440
1152
6464
960
960
256
632448
2816
4096
64
3520
1472
1600
1152
2688
128
2624
832
3648
320
12160
576
3584
1728
704
2432
3136
4992
21824
30016
4416
768
3008
26560
640
11328
512
1472
16384
832
20032
1024
11200
23808
256
173248
640
8576
1408
2880
320
1920
384
384
6784
5312
384
8960
576
26688
1792
11648
5568
27136
640
7616
4672
6464
2496
4544
25408
80448
3008
832
3648
2688
3008
448
3776
64
1792
10752
64
5696
64
3968
4800
2560
4480
1536
5504
14656
128
1152
64
448
384
512
1280
3712
128
1600
256
1920
2432
256
5440
18688
320
448
192
832
101504
320
3136
64
1920
64
3584
320
0
1664
4992
1536
5120
64
448
3136
3520
576
4032
1856
128
3392
0
0
640
5696
192
384
8128
42112
0
704
576
256
320
192
1088
0
64
72192
832
3968
448
3776
3968
6400
3200
512
1856
3968
640
13760
99584
6016
5376
64
1280
4288
2240
320
7488
128
64
512
576
192
2432
704
1088
3008
896
128
64
4800
32384
128
640
704
896
1792
256
896
2944
0
768
576
192
1536
8384
1088
2112
192
1536
2688
896
12608
3264
6080
448
2432
3328
2944
64
320
3584
4672
2560
128
192
320
0
3520
64
512
448
2368
1152
832
6144
832
9344
384
64
5376
17280
3072
3456
1856
64
640
64
1024
1984
704
7808
768
2688
1856
384
8256
6592
704
1792
1280
2240
20736
64
1728
192
1792
192
1728
64
128
46464
128
896
832
2112
896
512
7680
192
960
1024
640
1408
128
2944
64
128
7104
0
1024
5632
448
128
320
576
27648
128
4992
192
576
2368
1344
448
192
1600
3456
320
5312
2112
192
448
256
256
768
2368
4288
256
19008
768
5376
2176
128
4928
3072
2688
1024
0
2496
1472
1536
576
704
6336
128
6976
64
1408
704
1152
256
64
768
128
192
128
5184
256
5248
0
1536
320
1472
1664
1344
1280
384
512
2240
512
39232
256
1152
384
64
576
896
640
0
192
1216
64
4928
1856
128
896
0
64
576
1408
1280
960
0
64
256
320
704
1152
128
0
1024
2624
12352
768
192
2816
0
512
256
448
1600
256
256
1984
832
384
2944
2496
5440
192
64
2880
128
2048
1280
640
3136
2176
256
3200
256
4480
576
4288
0
64
2560
0
1600
5888
1152
2048
192
128
2368
0
14272
192
512
64
1216
64
2624
0
1088
1728
0
37952
192
3456
448
2304
2368
256
2688
2944
384
320
704
256
1344
3072
1792
448
128
3776
1792
320
3200
1792
192
576
1920
0
384
0
512
1664
64
768
0
0
320
640
1792
1856
512
6464
0
640
1856
5504
320
1088
1088
192
38720
0
128
256
896
9088
64
192
384
1856
4352
384
64
960
320
5760
128
192
64
37824
192
128
2304
128
704
256
1536
64
1472
192
1792
128
512
0
192
128
448
4800
256
4032
49536
128
704
64
2624
384
64
1600
4992
128
896
832
1216
384
448
0
1920
704
64
1984
0
64
576
640
1792
9280
640
384
384
3776
448
128
576
4352
3264
0
4224
0
128
3904
31744
0
128
704
3264
256
256
704
448
3840
64
384
1280
6976
2304
192
1216
64
256
192
3584
5824
320
448
1920
64
64
512
256
3200
384
704
64
2112
64
1216
128
64
1088
64
448
384
0
0
192
0
64
0
1280
256
0
3072
64
2816
0
768
192
128
640
1664
2432
832
64
384
3904
4160
0
5184
576
22272
0
1216
192
384
78400
0
64
704
192
1280
2304
448
512
192
0
1920
0
3328
0
2048
0
960
512
640
768
1280
0
128
1280
192
11520
192
640
2240
0
192
704
4864
0
64
512
192
256
832
0
0
960
0
0
960
0
832
64
192
704
0
4480
4096
0
128
0
192
256
1664
64
1024
4160
0
4032
0
1216
320
704
1920
3072
6080
11456
128
192
3200
0
512
640
0
832
5120
0
64
0
2880
0
0
576
192
256
256
128
1152
13184
0
192
0
0
1600
0
256
0
3200
0
448
0
0
8640
0
64
320
896
0
1600
3392
64
0
256
1856
0
128
1728
4352
0
448
128
2560
0
64
2880
384
0
64
256
4096
64
0
384
192
192
64
128
4416
0
64
128
768
8896
0
704
64
320
0
128
2240
0
128
832
320
768
1216
1792
0
1856
1728
64
1152
4608
128
1600
64
64
128
1664
4608
0
320
128
576
832
0
448
128
320
256
128
64
512
640
4160
64
320
256
128
704
256
0
448
1600
128
1088
64
768
576
2752
0
576
768
2240
4416
128
576
448
64
320
2752
384
128
128
320
2176
1344
0
192
192
64
1664
0
0
384
128
0
2432
3776
192
64
4224
192
3008
64
896
896
9856
3776
128
384
0
576
3136
2944
384
1344
0
320
128
1216
0
576
576
448
128
192
960
2368
0
4544
1280
1664
64
768
192
1920
0
1152
1664
64
192
1472
0
64
64
64
704
576
832
64
8192
128
768
384
384
128
256
2304
0
0
640
320
832
2176
64
64
448
0
2304
0
256
192
0
64
0
1344
256
0
320
0
2944
0
0
1536
64
192
128
1344
192
0
1152
4608
1152
128
0
576
1728
0
0
1664
128
64
1472
64
128
320
640
64
35200
192
64
384
11712
0
64
512
576
1024
1024
0
64
256
256
1152
192
0
64
1024
256
2048
1152
64
192
4288
0
0
0
896
128
640
2624
832
384
0
6592
64
128
256
0
192
192
8960
1088
192
128
64
448
576
768
128
64
128
1792
4416
832
0
512
0
320
320
128
192
832
256
9920
37952
0
0
384
1088
0
64
320
128
3840
256
128
2688
0
64
64
8768
0
128
64
0
192
192
2368
64
960
256
0
3328
0
2176
0
192
64
320
384
832
640
4096
128
1280
0
64
320
512
384
2880
0
320
512
64
0
576
0
64
2496
64
0
832
64
448
192
768
8512
0
0
320
256
0
3392
0
64
0
0
64
128
0
256
128
0
0
128
64
128
128
768
1664
192
0
128
64
0
1728
64
64
6144
42688
0
0
64
128
960
0
640
128
1920
0
576
192
1216
0
3392
0
128
0
1216
0
1728
192
448
2496
0
384
64
1472
0
64
448
960
0
576
448
1792
0
832
0
256
2560
384
448
64
64
1408
0
64
0
256
960
64
0
256
1152
1280
0
20032
0
0
384
320
1216
3200
0
64
256
0
896
0
192
128
384
1536
320
0
64
192
0
192
64
1472
0
0
64
640
0
1152
128
512
2496
0
512
0
0
256
0
192
64
256
128
960
64
0
384
0
64
0
1024
0
0
0
3584
0
64
128
384
0
320
128
256
0
1600
128
0
128
0
1152
0
128
320
256
192
64
768
640
0
64
64
4544
0
192
0
0
0
0
320
0
2944
0
1344
0
0
28992
0
128
0
2496
384
64
448
1024
0
64
0
512
960
1472
0
192
0
0
0
0
1600
0
3584
128
0
256
1536
448
128
21632
0
0
1088
128
0
576
128
256
0
64
1536
320
192
128
448
64
0
384
0
960
832
0
704
0
0
128
64
0
448
192
192
64
320
2432
0
0
640
128
1664
0
0
64
128
0
1280
0
0
512
128
0
256
1536
0
448
0
0
0
0
192
0
0
64
64
448
0
1216
0
256
0
64
128
0
512
0
0
320
0
128
2304
0
0
0
2304
0
64
0
704
0
2048
0
256
320
768
832
0
384
3648
0
320
128
0
2496
192
1600
64
4096
64
320
320
128
576
0
192
0
256
64
5120
0
0
0
192
64
1664
256
256
0
12608
0
0
128
384
256
0
0
35392
0
0
64
320
448
0
1856
64
576
192
64
256
0
384
0
704
0
192
0
576
64
0
960
832
0
0
0
0
0
192
192
64
1792
0
0
0
256
2880
0
64
128
0
1664
0
0
0
128
0
0
10176
0
0
64
64
128
512
512
0
320
64
0
0
1024
0
64
256
0
640
64
640
384
0
320
0
2176
0
192
128
0
0
1152
0
0
192
64
256
0
640
0
1280
64
0
192
0
768
0
192
0
9600
0
0
0
256
0
320
1792
64
0
64
1408
64
448
0
0
512
0
128
0
0
64
0
128
3072
0
64
64
64
64
64
1728
0
0
0
128
0
384
0
64
0
0
1600
64
1408
0
128
320
1024
0
55104
0
0
0
0
256
0
64
64
64
4928
0
2624
0
192
128
1344
2624
0
256
0
192
0
0
256
1536
0
0
576
128
0
64
192
128
0
0
64
0
0
0
128
1792
0
0
1088
0
64
512
64
64
0
0
128
0
0
4800
0
0
192
0
256
576
0
0
0
128
0
320
0
3008
0
0
384
448
320
0
832
192
0
0
1728
128
128
0
2496
128
0
192
896
3968
0
128
64
0
320
128
256
9536
0
0
192
448
0
128
0
576
128
0
1024
0
64
0
0
320
0
1408
2816
0
0
0
1728
0
256
64
448
64
0
256
0
64
448
0
1600
0
256
0
0
640
7168
0
128
0
128
192
1152
0
0
0
0
0
832
704
0
64
128
832
0
128
768
0
64
0
128
0
64
0
0
64
1536
0
64
64
128
64
53952
0
0
0
64
384
64
128
320
1024
0
0
128
5632
0
128
192
0
64
0
2304
0
0
0
128
256
384
0
64
256
0
128
1024
0
0
64
64
576
0
1408
0
0
128
192
0
192
0
0
64
0
576
0
0
64
768
384
0
128
896
0
0
64
1728
0
128
0
11968
0
0
256
0
192
64
64
0
128
0
128
448
0
64
0
576
0
0
0
448
0
64
384
0
64
0
128
0
64
0
1024
0
0
0
0
0
128
0
0
0
704
0
0
0
0
0
512
0
4608
0
0
64
64
832
0
0
0
384
64
704
768
512
0
0
256
128
0
384
0
512
0
0
0
384
0
64
256
128
896
0
256
320
1728
0
384
0
0
384
64
0
0
0
192
128
640
192
0
0
0
0
192
64
64
0
448
0
0
64
128
64
64
0
64
960
448
0
4288
0
0
64
0
64
192
1216
128
0
192
64
192
2880
0
64
64
0
0
1024
0
0
320
0
0
0
0
128
0
0
256
33472
0
64
0
0
64
64
0
256
64
0
0
256
3840
0
0
128
0
64
64
0
128
0
384
256
0
1024
64
0
0
0
0
64
1024
0
64
256
0
0
448
512
64
0
320
0
576
64
0
64
64
320
0
0
64
0
64
0
0
0
320
64
320
0
0
64
256
192
0
0
0
0
0
0
128
64
448
64
0
12224
64
64
0
128
0
128
64
128
0
0
64
0
13568
0
0
0
128
384
0
1728
0
0
128
0
512
128
320
128
0
0
64
320
0
64
384
0
64
0
384
0
448
0
0
320
0
128
0
448
0
0
0
0
128
0
0
0
0
0
768
0
0
0
128
0
0
0
832
0
0
0
0
192
0
0
0
128
0
0
0
5952
128
128
64
0
256
64
0
1024
0
0
0
0
64
128
0
0
0
0
256
64
0
0
0
64
64
64
0
64
64
1856
0
0
0
64
64
0
128
128
0
384
0
0
2240
0
0
0
0
384
0
0
64
0
320
0
0
256
0
320
0
0
0
1536
1152
0
0
384
64
64
320
0
0
0
256
0
0
1152
0
64
64
64
0
128
0
256
0
64
128
0
0
0
192
4736
0
0
64
0
0
128
0
0
256
64
0
256
0
0
0
1280
0
43392
0
64
0
0
192
0
64
64
1984
0
64
0
64
0
64
0
0
0
64
128
0
0
64
0
0
0
0
256
128
256
0
64
192
320
192
0
0
960
0
0
128
192
0
64
0
128
64
2240
64
0
832
0
2688
0
0
0
0
448
0
128
0
64
64
0
0
704
0
0
0
0
0
0
0
192
0
128
0
0
384
2304
0
128
128
0
0
960
0
640
512
0
320
384
128
0
64
0
1664
0
64
0
64
0
192
576
0
4480
0
0
128
64
128
576
0
0
64
1344
320
128
0
128
192
384
2752
0
0
64
192
0
192
0
128
512
64
0
64
0
576
0
0
256
0
1344
128
64
384
0
1152
0
128
0
896
128
0
64
256
0
0
8832
0
0
0
64
0
0
192
128
0
192
64
448
0
0
0
1920
4800
0
64
6848
0
0
0
0
64
0
256
0
0
0
0
64
0
128
0
320
0
0
0
64
128
0
64
0
832
0
0
0
0
64
0
1216
0
0
0
0
0
64
384
64
448
0
4160
0
64
192
192
1024
64
384
0
0
64
768
0
0
0
0
1728
0
64
0
64
0
576
0
0
128
448
0
192
1984
192
0
0
128
576
64
0
0
64
128
0
128
384
64
576
0
0
640
448
0
0
0
0
64
64
64
1920
5632
0
0
0
64
64
512
0
0
576
0
0
64
0
0
64
64
64
0
960
0
64
192
64
320
0
0
64
960
0
64
128
64
64
128
0
64
128
1088
0
0
320
64
384
2304
0
192
0
64
64
0
64
0
128
64
192
0
128
64
0
2624
0
0
64
64
0
0
256
0
0
0
128
128
0
0
0
320
64
0
0
0
5568
0
0
192
0
0
128
0
0
64
0
192
0
64
0
0
0
0
640
0
0
12928
0
0
0
64
0
64
0
1792
0
64
0
320
0
0
0
128
0
0
0
0
0
0
64
0
64
0
384
0
0
64
0
0
0
128
0
0
64
64
0
0
0
0
64
0
1344
0
0
0
0
64
0
0
0
35584
0
0
128
0
0
64
64
0
64
0
64
384
128
896
0
64
0
128
64
64
64
64
768
0
0
0
128
0
128
128
64
64
384
0
64
0
0
128
64
0
256
0
256
0
1600
0
256
0
0
0
64
512
64
64
256
0
64
640
384
0
0
1536
0
0
64
64
0
0
64
0
0
64
0
832
0
0
64
0
0
192
64
384
0
0
64
64
0
64
0
0
0
0
0
64
64
14080
0
0
64
64
192
192
0
0
0
128
0
0
0
0
0
384
128
0
64
64
192
128
832
64
128
0
0
0
0
64
0
0
256
0
64
0
0
128
0
1600
0
0
0
832
0
64
64
704
128
192
0
0
448
0
0
0
576
64
0
0
1344
0
0
128
0
0
0
0
64
192
0
64
0
192
0
0
256
0
0
256
0
64
0
64
0
0
0
64
0
128
0
0
320
0
0
0
0
64
0
0
64
256
0
0
64
128
0
3072
0
64
64
0
0
0
64
64
0
0
0
0
0
0
0
0
0
576
0
64
0
0
704
0
0
0
64
0
0
0
64
0
0
7168
0
0
0
0
0
0
192
64
0
9472
0
0
192
128
192
0
64
384
640
0
0
0
1024
0
0
0
64
0
0
0
0
0
0
0
192
0
0
192
0
0
0
0
0
128
256
128
0
0
192
256
0
64
64
12864
0
0
192
0
64
0
64
0
0
64
0
0
0
192
0
0
512
0
0
0
0
64
0
192
0
0
128
0
0
0
0
64
640
0
0
0
0
192
256
0
0
0
256
0
64
0
128
64
0
64
0
64
0
64
0
0
64
768
64
128
192
128
0
128
64
0
832
0
0
0
0
0
0
0
0
192
256
704
0
0
64
64
0
0
832
0
0
0
0
128
128
0
64
0
576
0
0
0
0
64
0
0
64
0
64
0
128
64
512
0
128
64
128
1152
3392
0
0
0
14272
0
64
128
64
0
0
0
256
640
0
0
0
0
2304
64
0
0
0
0
64
0
128
0
0
0
0
320
1024
64
0
128
64
192
0
64
0
128
0
128
192
64
0
192
5888
0
0
0
64
0
0
384
0
256
64
0
128
0
576
0
0
0
256
0
0
64
0
0
256
512
0
0
0
0
128
64
128
0
64
0
128
0
0
0
256
0
64
0
192
128
0
0
448
0
0
960
0
0
64
1344
128
0
0
0
0
128
0
0
1088
0
128
128
64
0
192
0
0
64
0
0
128
0
128
256
0
0
64
0
64
64
2048
0
192
384
0
0
0
0
0
256
256
0
0
0
576
0
64
0
0
64
0
0
0
192
0
64
704
704
64
0
0
64
64
0
384
0
64
128
0
0
64
0
128
7040
0
0
384
0
64
1024
0
0
256
0
0
64
64
0
0
64
0
0
64
0
0
0
320
64
0
0
0
0
0
128
0
640
0
0
0
192
0
960
0
0
0
192
0
128
0
0
128
0
0
0
192
320
0
64
0
0
4032
0
0
0
0
128
0
0
192
0
0
0
0
0
512
0
0
64
0
0
128
0
192
64
7424
0
0
128
64
0
0
64
0
256
0
0
64
448
0
0
0
0
0
0
0
128
64
256
0
0
0
64
128
704
0
0
64
0
128
0
0
0
0
0
64
0
0
0
256
64
64
0
1984
0
0
0
0
0
0
0
0
1408
0
0
64
0
64
64
0
64
0
0
0
0
0
128
0
0
128
0
64
0
448
26624
0
0
0
64
64
0
64
0
0
64
0
64
0
0
256
0
64
0
64
0
320
0
64
64
0
0
0
0
0
128
0
576
0
0
0
0
0
0
0
64
0
64
0
320
0
0
0
0
128
0
384
0
0
0
128
0
256
2752
0
64
0
0
0
0
64
0
64
0
0
64
128
0
320
0
128
0
64
0
0
0
64
0
0
0
0
0
64
0
256
0
0
0
64
192
0
0
0
0
128
128
64
448
0
0
0
0
832
0
0
0
128
0
0
128
0
0
0
0
0
64
0
192
0
1920
0
0
64
0
0
0
0
0
0
192
192
0
1216
0
0
28352
0
0
64
192
0
0
0
0
0
0
128
0
128
0
64
0
128
0
0
0
1600
0
0
64
0
0
1472
0
0
64
0
128
0
0
0
0
0
128
0
384
0
0
64
0
0
0
0
320
0
0
64
320
64
0
64
64
64
0
192
2432
0
0
0
192
0
0
64
0
0
0
64
1088
0
0
0
64
0
64
0
0
0
128
0
0
0
0
448
0
0
64
0
64
0
0
0
0
320
0
0
0
0
0
0
128
64
64
64
0
64
0
0
64
0
128
64
64192
0
0
0
0
64
64
0
256
0
0
128
0
0
0
0
0
64
64
0
64
0
64
128
0
0
128
0
64
192
0
192
64
0
64
0
0
0
128
64
0
128
0
128
0
0
0
0
0
64
0
64
384
0
0
0
128
0
0
0
0
0
64
0
0
128
0
0
64
768
128
384
64
576
0
64
0
192
0
0
1280
0
0
0
64
0
0
832
0
256
0
0
64
0
64
0
64
64
64
0
0
0
0
64
64
64
0
0
192
0
0
128
0
0
0
0
0
192
0
0
128
0
0
0
64
0
64
128
320
0
128
576
0
0
128
0
0
64
1152
64
64
192
0
64
2176
0
128
256
0
64
192
0
0
0
128
0
64
320
0
64
128
0
0
12416
0
64
128
512
0
128
448
192
64
0
192
128
0
128
0
896
0
128
192
320
0
0
192
1280
64
256
128
128
0
64
0
64
64
0
128
0
576
0
256
0
384
3136
64
0
0
0
0
0
256
128
1024
0
0
64
0
0
128
64
128
0
0
64
64
384
0
0
256
0
64
0
0
192
1216
0
0
192
0
0
64
0
0
0
0
0
640
3456
0
0
896
0
0
0
192
0
0
0
0
128
64
0
64
0
128
0
128
320
0
64
0
64
128
0
128
0
192
704
0
0
0
64
0
0
320
64
128
0
320
64
1920
64
64
0
128
0
64
0
192
0
448
0
128
0
0
128
0
192
320
0
0
128
0
64
704
0
0
0
256
192
0
0
0
1152
0
0
0
0
0
0
0
0
128
320
0
0
2304
0
0
0
0
64
0
0
512
0
64
0
0
64
0
192
0
0
64
0
256
0
1280
0
0
0
0
64
64
0
256
0
0
0
128
704
0
0
0
0
0
0
1024
192
0
0
0
64
0
256
128
0
0
64
0
64
64
0
256
0
128
64
2112
0
0
0
64
0
0
0
64
1792
0
0
0
0
0
128
64
128
64
128
0
192
0
256
64
0
0
0
0
0
0
192
0
0
256
0
256
0
64
0
896
0
0
2816
0
64
0
64
64
0
0
192
0
256
64
128
0
64
256
0
64
0
0
128
128
0
128
0
192
0
640
0
0
0
0
256
384
0
64
64
0
3584
0
0
128
0
0
0
0
0
448
0
256
0
0
128
0
64
192
256
64
640
64
9024
0
0
256
64
0
192
0
384
0
384
0
0
1920
0
0
0
256
0
0
64
320
128
192
0
0
64
1344
0
128
0
0
0
0
0
128
0
320
0
64
0
128
448
960
64
0
704
640
0
64
0
0
64
384
0
256
64
640
0
704
0
0
0
0
128
256
64
256
0
256
64
0
64
6336
0
64
0
0
0
0
0
128
9152
0
64
0
0
0
0
0
64
128
64
0
0
128
0
192
192
64
0
128
0
64
0
192
320
64
0
64
0
128
64
0
0
128
64
0
128
64
192
0
448
0
0
64
64
0
0
128
384
0
0
64
0
3136
0
128
0
0
128
192
0
64
384
0
0
128
128
64
0
0
128
0
320
0
0
0
64
0
0
2240
0
0
0
64
64
0
64
0
128
128
0
64
64
128
0
0
0
0
512
0
0
0
448
256
0
0
64
0
0
0
0
64
128
0
0
576
0
0
0
0
64
256
0
384
0
0
0
0
0
0
0
64
128
0
0
64
0
64
128
128
512
64
0
1024
384
0
64
64
0
0
192
0
0
192
960
0
0
64
0
128
0
0
896
0
0
0
0
128
192
64
11520
0
0
64
0
0
64
0
0
128
0
0
320
0
0
64
0
128
64
0
128
0
128
192
384
0
0
1600
0
0
0
0
64
0
0
64
0
0
128
0
0
64
64
0
64
0
192
0
64
192
0
0
320
0
1024
1856
0
64
0
0
0
0
0
0
0
2816
0
0
64
64
0
0
0
0
192
0
0
128
192
0
64
0
64
0
0
0
128
64
512
0
0
64
0
448
64
0
128
0
0
0
64
0
64
0
64
64
64
64
64
128
1024
64
0
0
0
64
64
128
64
64
0
128
640
0
0
320
0
64
64
0
0
0
128
1280
0
0
0
0
0
0
192
0
192
256
0
192
896
64
64
0
64
0
64
0
0
128
0
0
192
0
128
320
192
64
0
0
0
448
0
64
0
0
0
0
0
64
128
0
0
128
0
0
128
0
0
0
0
192
64
192
1728
0
0
0
128
0
128
0
0
64
0
64
256
64
0
14528
0
0
0
0
192
0
0
128
0
0
0
0
0
384
0
0
0
192
192
0
0
64
0
320
0
0
384
0
0
0
64
0
0
0
256
0
0
1216
0
704
64
0
192
0
0
64
0
0
192
0
192
0
0
0
64
128
64
1216
0
0
0
0
0
64
128
0
128
0
384
0
0
0
0
0
0
0
128
128
0
64
64
0
0
64
0
128
0
448
0
0
128
0
64
0
0
0
384
0
512
0
0
0
0
64
64
0
0
128
0
0
0
384
0
576
384
0
64
128
64
0
64
0
128
64
128
0
0
0
192
128
0
64
0
0
0
256
64
0
0
256
0
64
0
192
320
0
64
0
64
64
0
0
128
0
128
0
64
320
576
0
960
0
0
64
64
0
64
3264
0
0
0
0
0
0
64
128
0
0
64
0
64
0
128
320
0
0
64
0
11968
0
0
0
0
192
0
0
0
64
64
0
128
0
64
0
0
64
64
0
192
512
0
0
448
256
0
0
0
128
0
0
256
0
0
0
64
0
0
0
0
0
0
0
128
384
0
0
0
0
256
0
0
0
320
0
0
128
0
0
0
64
128
0
0
64
0
320
384
0
64
0
0
0
0
64
0
0
128
0
64
0
192
0
64
0
64
0
0
0
128
0
64
64
0
64
640
0
64
0
64
0
64
0
0
0
1344
0
64
0
128
0
0
64
0
0
192
0
0
0
0
704
0
0
0
192
64
64
128
64
0
128
0
0
0
0
192
192
0
0
256
0
192
512
0
64
64
0
64
0
0
0
64
128
0
0
8192
64
192
0
64
0
128
192
0
320
0
64
384
0
0
320
0
64
0
64
0
0
0
64
320
0
64
320
0
0
128
64
128
0
384
0
384
1024
0
0
0
192
192
0
128
0
64
0
64
0
4992
0
0
0
0
0
0
512
0
64
64
0
0
832
0
64
64
0
0
384
0
0
0
64
64
0
0
0
1920
0
0
0
64
0
0
64
64
0
576
64
256
0
64
960
64
0
0
128
0
0
128
256
0
128
0
128
0
64
64
576
128
0
64
0
128
0
256
12096
0
0
0
832
0
0
192
0
64
0
0
128
64
448
64
128
256
0
0
0
256
64
0
192
0
128
0
320
0
64
128
192
0
0
192
0
0
64
0
192
128
64
0
0
0
64
192
64
832
0
0
0
64
64
0
192
0
64
0
64
64
384
0
0
0
128
0
0
64
128
64
1344
0
0
64
128
0
64
0
0
0
320
64
384
192
0
0
0
64
0
128
0
64
64
0
576
0
0
64
128
21504
0
0
0
128
64
0
0
64
64
256
0
0
0
64
64
0
0
64
128
384
0
0
64
0
64
128
0
0
0
0
0
128
0
448
0
128
0
256
0
64
448
0
0
64
0
256
256
0
0
64
0
0
64
2560
64
64
64
768
0
256
0
0
64
128
0
320
64
0
0
64
0
0
64
192
64
0
64
64
0
0
0
64
256
0
0
0
320
0
64
256
0
0
448
0
0
0
0
0
0
0
0
128
128
0
640
0
0
0
0
0
64
64
0
192
0
0
0
0
0
0
0
64
0
0
64
0
0
0
64
0
0
128
0
0
384
0
256
0
64
0
64
0
64
0
0
0
0
128
0
64
0
0
0
0
0
384
0
0
0
0
576
0
64
0
64
0
128
0
0
128
0
0
128
0
0
384
0
960
0
0
64
64
384
256
64
64
64
64
64
320
0
320
0
0
0
0
192
0
640
0
0
0
64
0
128
0
64
64
0
0
64
128
0
0
384
0
64
0
64
0
64
0
192
0
64
64
0
64
0
0
0
0
576
192
0
64
128
0
0
64
0
0
320
0
0
0
192
0
384
7424
0
0
64
0
64
0
128
0
64
192
0
512
0
0
128
0
0
0
0
64
128
0
0
64
0
192
0
128
0
0
128
64
0
704
0
0
0
0
0
64
0
128
0
0
128
0
128
0
0
0
64
64
64
0
192
0
64
128
128
0
128
384
64
128
64
2048
0
0
0
0
64
128
128
128
128
0
64
0
0
320
0
0
64
0
0
192
64
0
0
128
64
0
128
0
64
64
0
4416
0
0
64
0
0
64
0
0
128
576
0
64
64
0
64
0
384
0
0
256
6784
0
12736
0
0
0
64
0
64
0
0
384
0
0
64
0
64
64
64
0
0
0
256
64
0
64
0
128
0
128
64
64
384
64
256
0
128
128
0
0
64
0
64
1088
64
0
0
0
0
0
192
0
0
0
0
64
0
0
0
128
0
64
0
0
64
64
0
0
0
128
0
0
0
448
64
0
128
192
64
0
0
128
0
64
192
768
0
512
64
1088
64
64
64
128
64
192
128
0
128
0
0
64
64
64
0
64
192
0
320
0
0
0
64
0
128
0
192
0
64
0
64
64
128
320
0
0
64
576
0
0
64
64
384
0
64
0
128
0
64
0
0
576
832
0
896
0
64
0
64
64
0
128
192
192
0
256
0
64
256
0
0
256
0
256
704
0
3136
0
0
448
0
0
0
64
0
0
128
0
384
128
0
8256
64
0
0
0
0
128
64
0
128
0
0
0
256
0
64
0
64
384
0
128
0
0
832
0
64
0
64
0
64
0
768
64
128
128
0
64
0
0
192
0
128
64
0
64
64
0
320
0
64
320
0
64
0
0
64
0
0
64
64
0
128
0
0
64
0
0
128
0
64
0
64
0
64
64
448
0
0
0
0
0
0
128
256
128
64
0
2048
1088
64
64
704
64
64
0
128
0
128
0
64
64
0
2496
0
128
0
0
64
0
0
0
0
0
0
0
0
64
64
0
128
64
0
0
0
384
0
128
0
0
0
64
0
192
0
0
0
0
384
0
0
64
64
0
448
0
64
0
64
0
7424
0
0
64
64
64
0
0
64
0
0
128
0
0
64
0
0
128
0
128
704
0
0
128
0
64
64
192
64
0
0
0
128
1024
0
64
0
0
128
0
64
0
0
192
64
0
576
64
64
64
448
384
0
64
0
0
0
0
128
64
0
0
0
64
256
0
192
128
0
0
256
0
0
0
128
64
0
128
0
0
0
64
192
960
0
0
0
128
0
64
192
64
64
0
0
64
0
128
0
0
0
256
0
0
0
64
64
0
128
64
0
192
0
0
0
128
64
0
64
0
576
0
64
320
0
1280
0
64
64
0
128
0
64
0
64
320
64
0
0
64
0
64
0
64
0
64
64
0
64
0
320
1088
64
0
0
0
64
0
64
64
64
64
256
64
64
64
0
0
0
1152
0
0
0
0
0
0
128
64
256
0
64
0
0
64
64
64
256
0
0
0
0
128
0
192
512
384
64
0
128
0
128
0
0
64
0
64
0
64
0
64
128
0
256
0
0
128
64
4928
0
0
0
64
64
0
0
128
0
256
64
0
0
64
0
128
0
128
0
64
0
4352
0
0
0
0
64
128
64
0
0
192
0
0
64
0
0
2304
64
64
320
0
128
128
64
0
0
64
0
64
320
64
64
0
0
64
192
0
0
128
128
0
0
64
0
0
0
64
64
0
0
0
128
64
0
128
0
0
0
0
128
64
64
256
128
256
0
64
0
0
64
256
0
128
0
0
192
64
0
64
64
0
0
128
64
0
0
0
64
0
192
0
0
1152
0
0
0
64
64
0
0
0
0
192
320
0
1920
17600
0
0
0
64
0
64
0
0
0
384
0
64
0
0
0
64
128
64
128
0
64
0
2304
128
128
192
64
0
320
64
0
128
64
192
0
0
128
64
64
0
64
2048
0
0
0
0
448
0
0
0
0
64
64
64
0
128
0
0
64
0
0
64
384
0
192
0
0
0
64
64
0
320
0
0
64
0
64
128
0
320
0
0
256
1664
0
0
0
0
0
64
64
64
0
0
0
0
64
192
0
0
0
64
0
128
0
384
64
64
0
0
128
0
0
192
0
0
64
0
320
0
64
0
320
0
0
0
0
192
0
0
0
128
0
576
0
0
0
128
0
2048
0
0
0
0
0
0
128
0
0
0
448
0
0
0
64
0
0
64
0
64
64
0
0
256
0
0
0
0
192
128
0
64
64
0
0
0
128
64
64
320
0
512
0
0
64
128
64
64
0
0
64
64
128
64
0
192
0
64
64
0
0
704
0
128
0
128
0
64
0
0
0
128
0
0
64
64
768
0
0
0
320
64
1088
64
128
0
192
64
128
192
0
192
128
0
64
0
192
192
20736
0
64
0
192
0
64
0
64
0
0
64
0
64
0
64
64
0
0
128
64
0
128
64
0
64
192
896
0
0
0
64
0
64
0
320
64
0
0
128
128
0
320
0
256
0
64
0
0
64
192
128
128
0
64
0
64
0
64
0
64
128
0
0
64
0
0
320
0
0
64
0
64
64
0
0
0
128
192
128
128
0
0
0
64
64
0
384
64
64
64
0
0
192
0
192
0
512
64
64
1600
0
1280
0
0
128
0
64
0
0
0
0
64
128
64
0
0
0
256
0
64
64
128
0
0
64
0
64
0
64
64
128
0
0
0
64
0
192
256
0
64
0
64
128
0
64
0
64
320
960
0
64
128
0
0
0
0
64
64
64
576
0
320
0
0
192
64
0
64
0
64
0
192
0
64
320
0
512
256
64
0
0
64
64
0
0
256
192
896
0
64
64
64
0
0
128
0
1344
0
192
768
640
64
128
128
128
64
320
0
192
192
256
0
64
0
0
64
64
128
64
0
0
64
0
256
384
0
128
0
960
64
0
0
192
64
256
0
0
0
0
0
192
0
64
1856
0
0
128
64
0
0
64
64
0
384
64
64
512
64
0
192
0
64
128
0
64
64
192
0
64
0
960
0
192
0
14912
0
0
64
0
64
0
0
0
0
64
0
128
0
192
64
320
0
128
128
0
0
128
0
0
0
0
128
64
128
0
64
64
0
0
0
0
64
192
0
0
384
0
64
64
0
0
0
192
0
64
320
0
0
0
0
128
0
192
128
0
0
0
0
192
0
576
0
64
0
128
0
0
64
0
64
0
64
0
0
0
0
0
64
64
0
0
0
64
320
0
0
64
0
0
0
192
0
0
64
0
0
1344
0
192
0
0
128
64
64
64
64
0
448
0
64
0
0
0
64
64
0
0
0
64
128
0
64
64
0
4800
0
64
64
64
64
128
128
0
640
0
0
0
0
512
0
0
0
640
0
0
320
64
128
64
128
0
0
128
640
0
64
64
0
0
0
64
192
0
192
576
384
0
0
64
128
1280
0
0
0
0
256
0
256
0
64
0
128
320
64
0
64
128
0
0
0
192
0
0
6592
384
0
0
128
0
0
0
0
64
128
0
64
0
128
0
0
384
0
0
0
0
128
128
0
0
64
0
64
0
0
64
832
0
0
384
64
64
0
0
128
128
64
64
64
0
0
128
256
0
320
704
0
0
0
64
64
128
0
0
1920
64
0
64
64
0
128
0
128
0
0
64
128
0
64
256
0
0
64
0
192
0
0
0
128
1088
0
0
0
128
0
704
0
0
0
0
0
0
192
128
0
64
64
192
64
64
0
0
384
0
0
0
64
0
64
0
0
64
1856
0
0
0
128
0
0
64
0
128
0
64
64
64
256
448
0
64
320
64
384
320
0
0
0
0
0
0
128
0
128
0
0
64
192
0
0
320
0
0
0
0
192
0
0
0
0
960
0
0
128
64
0
0
64
0
64
128
0
128
192
0
0
0
64
64
0
128
0
0
0
64
64
192
0
0
448
0
0
0
128
64
128
0
128
0
0
384
0
0
64
0
0
768
64
0
0
0
64
0
64
128
0
0
64
384
0
64
0
64
0
192
0
1152
192
64
64
0
64
512
0
64
64
0
64
64
0
320
1088
0
64
0
64
128
128
64
0
64
0
0
128
2816
2240
0
0
0
0
64
0
64
0
0
0
0
0
128
64
0
128
0
0
128
0
0
0
0
0
192
0
0
0
128
0
0
0
640
0
0
128
64
128
192
0
0
0
0
64
0
0
0
0
0
128
576
0
64
0
64
18880
0
0
0
128
0
192
0
256
64
0
0
64
0
0
64
64
0
64
0
64
0
192
0
64
0
64
0
128
64
64
64
128
64
64
64
64
64
0
0
64
0
192
0
64
1024
0
0
0
128
0
64
0
0
64
0
64
0
64
128
64
0
0
640
0
0
0
0
0
704
64
128
64
0
128
0
0
128
192
0
0
64
0
0
128
64
0
0
128
0
64
192
0
0
0
0
320
0
0
0
0
0
128
0
0
0
128
0
64
64
64
0
128
192
0
0
0
192
320
0
0
64
0
0
0
320
256
64
0
64
0
64
0
64
64
0
64
768
0
0
192
960
0
0
0
0
0
64
0
0
256
64
0
64
0
192
64
0
64
0
0
0
0
64
64
64
64
192
64
64
64
0
128
0
0
0
448
0
128
384
0
0
1600
0
0
64
0
64
64
64
0
128
128
0
128
0
64
192
0
0
0
0
320
64
64
64
640
0
128
128
0
128
64
256
128
384
0
64
192
64
64
64
192
0
128
64
192
0
128
64
64
64
2624
0
0
0
192
0
0
64
0
0
0
64
0
2240
0
0
64
0
64
0
64
64
0
64
64
64
0
64
256
192
192
0
64
0
0
0
128
64
64
320
0
0
0
192
0
64
512
64
64
576
0
0
0
0
192
384
0
0
64
64
0
64
256
0
64
0
0
64
0
320
0
64
128
64
0
64
6208
128
0
0
0
64
0
64
64
0
0
192
512
192
192
0
128
0
128
512
128
0
256
0
0
192
64
512
64
0
64
0
64
64
512
0
64
0
0
192
0
256
64
192
0
64
128
0
0
0
0
256
64
64
256
0
64
64
0
128
0
128
192
0
0
64
320
0
64
64
0
64
2624
0
3584
64
0
0
64
64
0
0
192
0
128
0
128
0
64
0
0
0
64
64
64
64
64
64
128
192
0
0
256
128
384
0
64
192
0
9856
0
0
0
64
64
64
0
64
64
64
128
192
704
0
0
0
0
0
0
64
0
0
320
0
0
0
64
0
0
0
256
0
192
512
0
0
192
128
0
0
0
64
0
0
0
128
0
192
0
192
576
256
0
0
0
0
320
0
256
0
1024
0
0
192
0
2560
0
64
128
0
256
64
320
64
64
64
64
128
128
576
0
0
0
0
64
0
0
1344
0
0
128
0
64
128
64
0
256
0
0
0
0
0
0
0
64
0
128
128
64
0
384
0
64
0
0
0
256
128
320
256
0
0
192
0
192
0
0
320
128
0
0
0
192
64
0
64
0
64
384
64
0
0
64
128
0
0
192
0
0
64
64
256
0
448
3200
64
0
64
128
64
64
0
128
0
64
128
0
0
128
0
320
0
0
64
0
64
0
64
64
64
256
64
0
0
0
64
0
192
0
64
0
64
192
64
0
64
384
256
0
0
0
0
64
0
64
448
0
64
128
0
0
0
128
0
128
0
64
0
0
192
0
64
0
832
64
192
0
64
0
64
0
128
64
64
0
128
128
0
0
64
0
576
64
0
0
0
192
0
64
0
64
64
64
128
128
128
0
128
64
192
0
0
320
0
0
0
64
64
192
0
0
128
0
0
0
2112
64
0
0
64
0
0
3584
0
0
0
64
0
192
0
0
64
0
64
192
128
0
192
64
0
64
0
0
256
192
0
0
320
384
0
0
0
1536
0
64
64
0
64
0
64
0
1984
0
0
64
2176
0
576
0
0
0
0
0
0
64
0
0
64
0
0
0
0
0
0
64
0
512
0
0
0
0
64
0
0
0
0
0
192
0
0
0
0
0
0
0
0
0
0
0
0
384
0
0
0
0
0
0
0
0
0
0
0
0
0
128
0
384
0
0
0
0
0
64
0
0
0
0
0
64
0
0
0
7424
0
512
0
0
0
0
0
0
0
0
0
0
0
0
0
0
0
0
0
0
0
0
0
0
0
256
64
0
0
0
256
0
0
0
0
0
0
64
0
0
0
0
0
0
0
64
0
0
0
448
0
0
1216
0
0
0
0
0
0
0
64
64
0
0
0
512
0
0
0
0
1024
0
0
0
0
0
0
0
0
0
0
0
0
0
0
0
64
0
0
0
0
0
0
0
0
0
6528
0
0
0
0
0
0
0
0
64
0
0
0
0
64
0
192
0
0
0
0
0
0
0
0
0
0
0
0
0
768
64
0
0
0
0
0
0
0
0
0
0
0
0
0
0
0
0
0
0
0
0
0
0
0
0
0
0
51008
0
0
0
0
0
0
0
0
0
0
0
0
0
0
0
0
0
0
0
0
64
0
0
0
0
0
0
0
0
0
0
0
0
0
0
64
0
384
0
0
0
0
0
0
0
0
0
0
0
0
0
0
0
0
0
0
0
64
0
64
0
0
0
0
0
0
0
0
0
128
0
0
0
0
0
0
0
0
64
0
0
320
448
0
0
0
0
0
0
0
0
64
0
0
0
0
0
64
0
0
640
0
0
0
0
0
0
0
0
0
0
0
448
0
0
0
0
0
0
0
0
0
0
0
0
0
0
0
128
0
0
0
192
0
0
0
0
1152
0
384
0
0
0
0
0
0
0
0
0
0
64
0
0
0
0
0
0
192
0
0
0
0
0
0
0
0
0
64
448
0
0
0
0
0
0
0
0
0
0
0
64
0
0
0
0
0
0
0
1856
0
0
0
0
0
0
0
384
0
0
0
0
0
0
0
0
192
0
0
0
0
0
0
0
0
0
0
0
0
0
0
0
0
0
0
0
768
0
0
0
0
0
64
0
128
0
0
0
0
0
0
0
64
0
192
0
0
0
0
0
0
0
0
0
64
0
192
0
0
0
0
0
0
320
0
0
0
0
0
0
0
0
320
0
0
0
0
0
0
0
0
64
0
0
0
0
64
0
1792
0
64
0
0
5248
0
0
0
0
0
0
0
0
0
0
0
0
0
0
0
0
0
64
0
0
0
0
0
0
0
64
0
0
0
0
0
0
0
0
128
0
0
0
128
0
0
0
0
0
0
0
0
0
64
0
1536
0
128
0
0
0
0
0
0
0
0
0
0
0
0
0
128
0
0
64
0
0
0
0
64
0
0
0
0
0
0
0
0
320
704
0
0
0
0
0
0
0
0
0
0
0
0
0
0
0
0
0
0
0
0
0
0
128
0
0
0
0
0
0
0
0
0
0
64
0
0
0
0
0
128
0
0
0
64
64
128
0
0
0
0
0
0
64
0
0
0
0
0
0
0
0
0
0
256
0
0
64
0
0
0
64
0
0
2688
0
0
0
0
0
0
0
0
0
0
0
0
0
0
0
0
0
0
0
0
0
0
192
0
0
0
0
0
64
0
0
0
0
128
0
0
0
0
0
0
0
0
0
0
0
0
0
0
0
0
0
0
0
0
0
0
0
0
0
0
0
0
0
0
0
0
448
0
768
0
0
0
64
0
0
0
0
192
0
0
0
0
0
0
832
0
0
0
0
0
64
0
64
0
0
0
0
0
0
0
0
0
64
0
64
0
0
0
0
0
0
0
0
0
64
0
0
0
1344
0
0
0
0
0
0
0
0
0
0
0
0
0
0
1152
0
0
0
64
0
0
0
0
0
0
0
0
0
0
128
0
0
0
0
0
0
128
320
0
64
0
128
64
0
320
0
0
0
0
0
0
0
0
0
128
0
0
0
0
0
0
0
64
0
0
0
0
0
0
128
0
0
384
0
0
0
0
0
0
0
0
0
0
0
0
0
64
0
0
0
0
128
0
0
0
0
0
0
0
0
0
64
0
0
0
0
0
0
192
0
0
0
0
0
0
0
768
0
0
0
0
0
0
0
0
0
0
0
0
0
0
0
0
0
0
0
0
0
0
64
0
1152
0
0
0
0
64
0
0
0
0
0
0
0
0
0
0
64
0
0
0
0
0
0
0
0
0
0
0
64
128
0
0
0
0
320
0
0
0
64
0
0
0
0
0
0
0
0
0
0
0
0
0
1664
0
0
0
0
0
0
0
0
0
0
0
0
0
0
0
0
0
0
0
0
0
0
0
0
0
0
0
0
0
0
0
0
192
6080
0
0
0
0
0
0
0
0
0
0
0
0
0
0
0
0
0
0
0
0
0
0
0
0
0
0
64
0
0
0
320
0
384
0
4864
0
0
0
0
0
0
0
0
0
0
0
0
0
0
0
0
128
64
0
0
0
0
0
0
0
0
0
0
0
0
0
0
0
0
0
0
0
0
128
128
0
0
0
128
0
0
0
0
0
0
192
0
0
0
0
0
0
0
0
64
64
0
0
256
0
0
0
0
64
0
0
0
0
0
64
0
64
0
0
0
0
0
0
0
0
0
0
0
64
64
0
0
0
128
1856
192
0
0
0
192
0
0
0
0
0
0
64
0
0
0
128
0
64
0
0
0
0
0
0
0
64
0
0
0
0
0
0
0
0
896
0
0
0
0
0
0
0
0
192
0
0
0
0
0
0
0
0
64
0
0
0
0
0
0
0
0
0
0
0
0
0
0
0
0
0
256
0
0
0
0
0
0
320
0
0
320
0
0
0
0
0
0
0
0
0
0
1408
0
0
0
0
0
0
0
0
0
0
0
64
0
0
0
0
192
0
0
0
192
0
0
0
0
0
0
64
0
0
64
0
0
0
0
0
384
128
0
3136
0
0
0
0
0
0
0
0
0
0
0
0
0
0
0
0
0
0
0
0
0
0
0
0
0
17152
0
0
0
0
0
0
0
0
0
64
0
0
0
0
0
0
0
0
0
0
0
0
0
0
0
0
0
0
0
0
0
0
0
0
0
0
0
0
64
0
0
0
0
64
0
0
0
0
0
256
0
832
0
0
0
0
0
0
0
0
0
0
0
9984
0
0
0
64
0
0
0
0
0
0
0
0
0
0
0
0
0
0
64
0
0
0
64
0
0
0
64
0
0
64
0
0
0
704
0
64
0
192
64
0
64
0
0
128
64
0
0
0
0
64
0
0
128
0
128
0
0
0
0
128
0
0
64
64
0
64
128
0
0
0
704
0
0
0
0
64
0
0
0
0
0
0
64
0
0
0
128
256
0
0
0
0
0
0
0
0
64
64
0
0
64
0
0
0
0
64
512
0
0
0
1792
0
0
0
0
0
0
0
0
0
64
0
0
0
0
0
0
64
0
0
0
0
0
0
0
0
0
0
0
0
0
0
0
0
128
0
0
0
0
0
0
64
0
0
0
0
0
0
64
832
0
0
0
0
0
0
0
0
0
0
0
0
0
2560
0
0
0
0
0
0
0
0
0
0
0
0
0
0
256
0
0
0
0
0
0
0
0
64
0
0
0
0
0
0
0
0
0
0
0
64
0
0
0
0
0
0
0
0
0
0
0
0
0
0
0
0
0
0
0
0
1664
0
0
192
0
0
0
0
0
0
0
0
0
0
0
0
64
0
0
0
0
0
0
0
0
64
384
0
0
0
0
0
0
64
0
0
0
0
64
0
0
0
576
0
0
0
3392
0
0
0
0
0
0
0
0
0
0
0
0
0
0
0
0
0
0
0
64
0
0
0
64
0
0
64
0
0
0
0
0
0
0
0
0
0
192
0
0
0
0
0
0
0
0
0
0
64
0
0
0
0
0
64
128
0
0
0
0
0
0
0
0
64
64
0
64
64
0
320
0
0
0
0
0
0
0
64
0
0
0
0
0
192
0
0
0
0
0
0
0
0
128
0
0
64
0
0
0
0
0
0
0
0
0
384
0
0
0
0
0
0
0
0
0
0
64
0
0
0
64
0
0
0
0
64
0
0
0
0
64
0
0
384
0
0
0
192
0
0
0
0
0
0
0
0
0
0
0
192
64
0
0
0
0
0
0
0
0
0
0
0
0
0
0
0
0
0
64
0
0
0
0
256
0
0
0
0
0
0
0
0
0
0
0
0
1280
0
0
0
0
0
0
0
1536
0
0
0
0
0
0
0
0
0
0
0
0
0
0
0
0
0
0
0
0
0
0
0
64
0
0
0
0
64
0
0
64
0
0
0
0
45376
0
0
0
0
0
0
0
0
0
0
0
0
0
0
1152
0
0
0
0
0
0
0
0
0
0
0
0
0
0
0
0
64
0
0
0
0
0
0
0
64
128
0
0
0
0
64
0
0
0
0
0
0
0
0
0
0
0
128
0
0
0
0
0
0
0
0
0
192
128
0
0
0
0
0
0
0
0
0
0
0
0
0
0
0
0
0
0
0
0
0
64
0
0
0
0
0
0
0
0
0
0
0
0
0
0
0
128
0
0
0
0
0
0
0
0
0
0
0
0
0
384
64
0
0
0
0
0
0
0
0
192
0
0
0
64
0
0
256
0
0
0
0
0
0
0
0
0
0
0
0
0
0
0
0
0
0
0
0
0
0
0
0
0
0
0
0
0
0
0
0
0
0
0
0
0
320
0
0
0
0
0
0
0
0
0
0
0
0
0
0
0
0
0
0
0
0
0
0
0
0
0
0
0
0
0
0
0
704
0
0
0
0
0
0
128
0
0
0
0
0
0
0
0
0
0
0
0
0
384
64
0
0
0
0
0
64
0
0
0
0
0
0
0
0
64
0
0
0
0
0
0
0
0
384
64
0
0
0
768
0
0
0
0
0
0
0
0
0
0
64
0
0
0
0
0
0
0
64
0
64
0
0
0
0
320
0
0
64
0
0
0
0
0
0
0
0
0
0
192
64
0
0
0
0
0
0
0
64
0
0
0
704
0
0
0
0
448
0
0
0
640
0
0
0
0
0
0
0
0
0
0
0
0
64
0
0
0
0
0
0
0
0
0
0
0
0
0
0
0
64
0
0
0
0
0
128
0
0
64
0
0
0
0
0
0
0
0
0
64
0
0
0
0
0
0
0
0
0
0
64
0
0
0
0
0
0
0
0
1536
0
0
0
0
0
0
0
0
0
0
0
0
0
0
0
0
0
0
0
0
0
0
0
0
0
0
512
0
0
0
64
0
0
0
0
1664
0
0
0
0
0
0
0
0
0
0
128
0
0
0
0
0
0
0
0
0
0
0
0
0
0
0
64
0
64
0
64
0
0
0
0
128
128
0
0
0
0
0
0
0
0
0
0
0
0
0
0
128
0
0
0
0
0
0
128
0
0
0
0
0
64
0
0
512
0
0
576
0
0
64
0
0
0
64
0
0
0
640
0
0
0
0
0
0
0
0
128
0
0
0
0
0
0
0
0
0
0
960
64
0
64
0
0
0
64
0
0
0
0
192
0
0
0
64
0
0
64
0
0
0
0
64
0
0
0
0
0
1472
0
0
0
0
0
7232
0
0
1024
0
0
0
0
0
0
0
0
0
0
64
256
0
0
0
0
0
64
0
0
576
0
0
0
0
0
0
0
64
0
0
0
0
0
0
0
0
0
320
0
0
0
0
0
64
0
128
0
0
0
0
0
0
64
0
0
0
0
192
0
0
256
0
0
5120
0
64
0
0
0
0
0
0
0
0
0
0
0
64
0
0
0
0
0
128
0
0
0
256
0
0
0
0
0
0
0
64
0
0
0
64
0
0
0
0
0
0
0
0
0
64
0
0
0
0
128
0
64
0
0
0
0
0
0
0
0
64
0
0
0
0
0
0
0
0
0
0
0
0
0
0
0
0
0
0
64
0
64
0
384
0
0
0
0
0
0
0
0
0
0
0
0
0
0
0
0
0
4096
0
0
0
0
0
0
0
0
640
0
0
0
0
0
0
0
0
0
0
0
0
128
0
0
0
0
0
0
64
0
0
128
0
0
0
0
0
0
0
0
0
0
0
0
0
0
0
0
0
64
0
0
0
0
0
0
0
0
0
0
64
0
0
0
0
0
0
0
0
0
0
0
0
1216
0
0
0
0
0
0
0
128
0
0
64
0
0
0
0
0
0
0
64
0
0
64
0
0
0
0
0
0
0
0
64
0
0
0
0
4032
0
0
0
0
0
0
0
0
0
0
0
0
0
512
0
0
0
0
64
0
64
0
0
128
0
0
0
0
0
0
0
0
0
0
0
0
0
64
0
0
0
0
0
0
0
64
0
0
0
0
0
0
0
0
0
0
0
2432
0
0
128
0
0
0
0
0
0
0
0
0
0
0
0
0
0
0
0
0
0
0
0
0
0
0
0
0
0
0
0
192
0
0
0
0
0
128
0
256
0
0
0
0
64
0
0
0
0
0
0
0
0
0
0
0
0
0
256
0
0
0
0
3200
0
0
0
0
0
0
0
0
0
0
0
0
0
0
0
0
0
0
0
0
0
0
0
0
0
0
0
0
0
0
0
0
0
0
256
0
0
0
0
0
0
0
0
0
0
0
0
0
0
0
0
64
0
0
0
0
0
0
0
0
0
0
320
0
0
0
0
0
0
0
0
0
0
0
0
256
0
0
0
0
0
0
0
0
0
0
0
0
0
0
0
64
896
0
0
0
0
0
0
0
0
128
0
0
0
0
0
0
0
0
0
0
384
0
0
0
0
0
0
0
0
64
0
0
0
0
0
0
0
0
0
0
0
0
0
0
0
0
0
0
0
0
0
0
0
0
0
0
64
0
0
0
0
64
0
0
0
0
0
320
0
0
0
0
0
512
0
0
0
0
2112
0
0
0
0
0
0
0
0
0
0
0
0
0
0
0
0
0
0
0
13568
0
0
0
0
0
0
0
0
128
0
0
0
0
0
0
64
0
0
0
0
0
64
0
0
0
0
0
0
0
0
0
64
0
0
0
0
0
0
0
0
0
0
0
0
0
128
0
0
128
0
0
0
0
0
0
0
0
0
0
0
0
0
0
0
0
0
0
0
0
0
64
0
0
0
0
0
0
0
0
0
0
0
0
0
0
0
0
0
0
0
0
0
0
0
0
0
0
0
0
0
0
0
0
0
0
0
640
0
0
0
0
0
0
0
0
0
0
0
0
0
0
0
4288
0
0
0
0
0
0
0
0
0
0
0
0
0
0
0
0
0
0
192
0
0
0
0
0
0
0
0
0
0
0
0
0
0
0
0
0
0
0
0
0
0
0
0
64
0
0
0
0
0
0
128
0
0
0
0
0
0
0
0
0
0
0
0
0
0
0
0
0
0
0
0
0
0
0
0
512
0
0
0
0
64
128
0
0
0
0
0
0
0
0
0
0
64
0
0
0
0
0
0
0
0
0
256
0
320
0
0
0
0
0
0
0
64
0
0
0
0
0
320
0
0
0
0
0
0
0
0
0
0
0
128
0
0
0
2304
0
0
0
0
0
0
0
0
0
0
0
0
0
64
0
0
0
0
0
0
0
0
0
0
0
0
0
0
0
0
0
0
0
0
0
0
0
0
0
0
0
0
0
0
0
0
0
0
0
0
0
0
0
0
0
0
0
0
0
0
0
0
0
0
0
0
0
0
0
0
0
0
0
0
0
256
0
0
0
0
0
0
0
64
0
0
0
0
0
0
0
0
0
64
0
0
0
0
0
0
0
0
0
64
0
0
0
256
0
0
0
0
0
0
0
0
0
0
0
0
0
0
0
192
0
0
0
0
128
0
0
0
0
0
0
0
0
0
0
0
0
0
0
0
0
0
0
0
0
0
0
0
960
0
0
0
0
0
0
0
0
0
0
0
256
64
0
0
0
0
0
0
0
0
0
0
0
0
0
64
0
0
0
0
0
0
0
0
0
0
0
0
0
0
0
0
0
0
0
0
64
0
768
0
0
0
0
0
0
0
0
0
0
0
0
0
0
0
0
0
384
0
0
0
0
0
0
704
0
0
0
0
0
0
192
0
0
0
0
0
0
0
576
0
0
0
0
0
0
0
0
0
0
0
0
0
0
0
0
0
0
0
0
64
0
0
0
0
1280
0
0
0
0
0
0
0
0
0
0
0
0
0
0
0
0
0
0
0
0
0
128
0
0
0
0
0
0
0
0
0
0
0
0
0
0
0
0
0
0
64
0
0
0
0
0
0
0
0
0
64
0
0
0
0
0
0
0
0
0
0
0
0
0
0
128
0
64
0
0
64
0
0
0
0
0
0
0
0
0
192
640
0
0
0
0
0
0
128
0
0
0
0
0
0
0
0
0
0
0
0
0
0
0
0
0
0
0
64
128
0
2880
0
0
0
0
0
0
0
0
0
832
0
0
0
0
0
0
0
0
0
0
0
0
0
0
0
0
0
0
0
0
0
0
0
128
0
0
0
0
0
0
0
0
128
0
0
0
0
0
0
0
0
0
0
0
0
0
0
128
0
128
0
0
128
0
0
0
0
0
512
0
0
0
0
0
0
0
64
0
0
0
0
0
0
0
0
0
0
0
0
0
64
0
0
0
0
0
0
0
64
0
0
0
4800
0
0
0
0
0
0
0
0
0
0
0
0
0
0
0
0
0
0
0
0
0
0
0
0
0
0
0
0
0
0
0
0
0
0
0
0
0
0
0
0
0
128
0
0
0
0
0
0
0
0
0
256
0
0
0
0
0
0
0
0
0
0
0
0
0
0
0
0
0
128
0
0
0
0
0
0
0
0
0
0
0
0
0
0
0
0
34944
0
0
0
0
0
0
0
0
0
0
0
0
0
0
0
0
64
0
0
0
0
0
0
0
0
0
0
0
0
0
0
0
0
0
0
0
0
0
0
0
0
0
256
0
0
0
0
0
0
0
0
0
0
0
0
64
0
0
0
0
0
0
0
0
0
64
0
128
2560
0
0
0
0
0
0
0
0
0
0
0
0
0
0
0
0
0
0
0
0
0
0
0
0
0
0
0
0
0
0
0
0
0
0
0
0
0
0
0
0
0
0
0
192
0
0
0
0
0
0
0
0
0
0
0
0
0
0
0
0
0
0
0
0
0
0
0
0
1280
0
0
0
0
0
0
0
0
0
0
0
0
0
0
0
0
0
0
0
0
0
0
0
0
0
0
0
0
192
0
0
0
0
0
0
0
0
0
0
0
0
0
0
0
0
0
0
0
64
0
64
0
0
0
64
0
0
0
0
0
0
0
0
0
64
0
0
0
0
0