35904
55168
166912
130048
116864
39040
53120
124544
175744
33920
78912
43584
30336
81472
247680
281280
226688
293120
269824
60608
265856
483904
465088
88704
152000
182528
46080
219200
221888
40704
167872
351104
18496
645376
4736
38592
121664
14208
9728
353984
184960
10304
8128
108928
81472
128384
9728
10240
360256
25472
55936
4928
360384
9536
30912
43456
551488
141760
1984
335872
7680
102400
12736
43968
35008
3136
946944
55040
63040
10112
51584
704
333120
1088
4032
41024
1408
3072
5056
14336
182784
53824
175872
233856
1280
34304
16832
13888
1344
80128
31104
8064
240384
1010112
382016
14912
2240
29760
2368
206592
7936
54528
23744
75392
6528
32000
32960
2816
27072
643776
4032
368192
7232
4928
10496
8768
175360
2496
3328
6208
55616
298752
19584
1856
11840
103936
2432
7360
190400
62464
198464
1280
595264
320
55616
1600
22464
2304
16128
34240
97408
6656
2432
17536
6592
133760
384
832
4864
106112
2496
570304
8896
3840
11904
185280
9984
29568
262976
167424
512
1088
2752
18496
179136
1792
5568
6400
28160
23744
704
7040
49856
640
925696
1949952
768
36160
3648
9600
2304
6080
1152
12416
35968
384
1216
2944
4160
110720
384
33856
8960
116608
128
4032
5504
31808
1472
7424
148800
28736
2752
10816
16192
2816
98112
58624
3776
9600
110656
1152
93184
2048
6912
832
3008
4032
6080
50432
2432
8384
109888
576
20352
512
32256
32768
7616
49344
15360
62720
5888
7424
266368
1920
5760
58880
2048
8704
8128
7616
6336
98432
47168
218048
11584
5568
13952
768
178688
15104
12608
1728
2944
6912
731968
896
7488
2176
1792
437760
2240
3584
5632
1078464
3840
167040
16448
1984
1344
7168
2112
11712
768
1280
8000
42880
32832
6464
3520
22208
10880
47616
51904
4672
9536
11136
18368
88576
9600
38144
640
69760
1472
7296
1088
1280
52032
11136
10560
11456
768
24192
10880
4800
132096
22272
8960
4544
25984
35072
7488
33152
4800
5312
12800
176320
1536
176192
832
2816
576
8768
704
11328
15808
4352
40704
3072
8320
2560
216192
1344
2176
277376
13120
5440
7936
2112
66176
4096
13376
521920
2240
3712
37248
8832
7040
11776
2752
18944
4864
13312
1920
14656
4800
4480
21696
4800
1408
2944
49280
640
8512
5824
5184
8640
50176
354688
3136
50752
4352
8384
7808
5696
5248
2496
258560
2880
18304
3904
12224
3136
2624
39360
10112
1536
7360
13632
20928
448
17088
1088
448
4544
0
896
2560
4288
12288
36096
8704
2112
6400
87360
3136
13248
1536
1792
72768
1344
13248
9856
3072
36160
3264
89344
832
9472
7872
10176
3392
4288
4672
512
11968
24000
0
1152
3264
93312
8896
14336
8576
47168
3776
28800
2240
2944
7424
14720
17792
1009088
896
3200
33088
8640
6016
3712
2624
4096
1728
42368
448
39360
192
13952
35584
5312
2304
6784
11008
5120
1920
960
1024
320
832
1600
25024
1600
1344
2688
1280
5120
19456
320
384
19008
1984
5056
256
16256
1036224
512
4864
4480
11776
1920
1371968
6272
13184
6272
17472
6336
5824
9088
2048
7552
4224
13056
4864
4160
1792
1216
4032
128
7872
7616
8064
128
18624
62336
640
5312
4224
384
11456
128
7680
384
1728
233920
1344
3264
2560
1216
1664
3392
13504
1856
19200
10560
8640
17792
1622400
2176
31744
3712
5312
4608
5248
1792
11456
512
320
384
640
6080
3264
15936
3712
1088
2752
192
384
4800
17920
512
4032
10432
2944
13312
3776
16448
5504
29312
4160
5568
16320
58880
83520
14016
2752
5632
1216
15360
1920
10816
2880
30336
1984
1344
2112
9728
2816
2624
15936
1600
7424
256
3072
1152
384
1216
1536
2496
1728
26240
1728
1280
4608
11520
832
576
896
10624
45760
1152
2368
3584
7936
1472
1280
1472
11840
1344
21952
3776
13696
2816
1024
3904
19584
1984
12288
2816
7872
101504
448
5760
1024
95744
832
9664
704
8384
6400
1472
7232
3072
4800
8128
5184
15360
640
68480
1664
14336
1408
11648
14528
12672
6848
5632
4288
448
3072
4416
1472
768
192
32576
768
4480
832
192
640
7808
8128
192
14080
3904
11776
1728
14016
5888
2880
384
3456
896
7808
21056
6912
20160
7296
6464
896
2816
20352
26368
3520
38848
5440
1984
30976
4800
6976
192
3200
16768
66368
1792
52096
29760
2624
4800
1792
3008
448
512
1984
0
26496
40896
3520
11584
7360
768
1152
5120
58432
704
2176
9984
3456
6656
5632
11008
64
4032
16768
11968
64
1664
128
1472
896
2816
18368
16064
2112
64
256
5248
896
1984
256
320
2368
256
2048
7232
1536
640
2048
1664
24384
85568
1792
3520
5184
8128
832
2112
5248
13952
128
7104
64
1088
256
5184
11008
7552
1600
128
1088
6080
79104
1984
448
1344
12672
384
11840
320
1792
9408
2240
4864
1792
8832
768
3136
52672
4032
5120
8896
1088
2560
896
1920
448
832
2816
2240
64
448
4800
1984
5952
14912
52672
2176
3712
8064
1920
8960
4672
1408
6592
7744
256
10368
448
704
28288
448
896
512
0
2880
576
4224
128
1600
512
768
4224
1408
1664
640
7808
1600
448
2688
64
128
384
2112
8960
34176
21440
2048
192
768
2624
18304
4032
15552
64
34432
64
256
832
1280
15872
320
3904
320
3200
4544
20928
192
162304
2112
391232
512
12864
1984
16256
16768
1728
17280
64
14784
768
13440
4544
2944
384
38144
256
7168
192
12544
576
9024
62208
640
119296
37440
1216
3008
192
8064
1280
1152
4480
4992
2176
3008
2112
1472
1024
256
448
4032
2496
6272
1984
5952
3904
1472
14720
576
21824
384
1088
1344
768
43072
192
192
5248
35776
832
3968
320
8640
8192
34112
576
1856
6976
86656
128
128
1856
1216
2048
1856
640
2944
28224
1408
0
2432
896
30720
128
124800
638528
1024
5952
16704
2304
6400
13440
6080
7104
4224
25088
960
6656
3456
2368
1344
2240
7296
2880
1472
22976
1152
1856
3456
768
4928
448
640
10176
1472
8128
1600
33216
3008
2048
1984
320
5248
960
12672
448
1344
13760
64
23680
192
11264
2496
2624
1088
4096
1408
11264
154880
128
3264
128
1600
2432
960
13376
3392
1024
320
25920
128
7168
1216
13376
576
3072
3904
896
448
27904
768
2176
640
6976
1216576
896
2048
4416
1344
1344
9536
2615680
128
1216
3520
4672
320
3328
320
3008
2752
6016
8064
25216
2944
832
64
3520
256
832
4608
5248
6208
13248
256
1408
1280
1216
2944
320
1408
1280
1728
1728
448
2944
1856
3776
24000
47104
13952
64
8512
7040
896
1536
3264
768
3584
14336
192
192
704
12480
4160
704
6464
25344
576
128
192
1728
14016
128
2560
10944
0
768
384
100032
128
3968
320
960
640
2048
5504
4480
256
128
11968
256
2240
6720
1600
2240
768
13376
128
384
7872
77120
4800
8128
960
640
320
128
2432
768
192
1472
1280
4736
640
1728
3328
9344
448
3328
2688
93696
1024
68928
256
2944
83200
192
2304
448
2240
64
12992
3328
1792
4736
2624
6272
11840
832
7488
5504
12864
3200
0
1408
40768
64
3008
64
1216
64
91392
1920
4736
4032
1088
1024
5248
64
1088
6464
1856
6080
12160
832
7168
6272
28352
384
1920
8256
64
768
4032
512
2560
2688
5696
1280
192
17152
64
106944
960
135936
1472
3264
408384
512
448
8000
2112
148032
3456
2432
0
64
448
192
768
6720
2944
384
1792
1088
14656
128
2752
768
0
1088
163072
5120
5952
5568
36352
320
1728
3904
3200
4160
3264
64
3968
0
2688
192
3520
7232
1472
2944
1856
2752
21888
704
1088
3520
1088
18880
320
384
3264
5440
128
1856
6144
384
8896
192
2688
178688
1728
7104
896
2688
75136
1088
320
320
1344
2816
6016
3136
11072
2816
2944
129792
64
1088
3136
10944
11712
12416
0
24000
448
5056
6080
26944
128
896
2944
1472
2816
4416
6976
128
128
1536
79616
2496
13312
1920
448
4672
1152
18112
6016
108992
0
2368
1344
47040
64
1152
8640
832
5888
1984
485568
384
128
1280
1088
20288
1472
18624
4864
1792
5824
6336
64
108160
1792
576
2304
53568
64
512
1216
2752
7360
14976
896
4160
1280
1024
1536
2880
4480
1280
12352
33984
8256
13696
896
256
41408
320
156864
320
1344
320
384
1600
9216
192
0
384
4992
320
1792
1472
4160
1024
100864
60352
392896
2176
3008
960
256
2880
704
3008
128
256
13376
43392
1856
4096
12608
2624
3008
15296
15360
128
11584
23552
56320
13056
1920
128
242496
704
2048
118336
1664
6144
8512
4032
6976
384
1664
320
17536
10560
128
1920
26752
1280
1984
189184
512
1426624
1536
320
832
128
4928
3194752
1408
3776
9344
0
320
832
4672
3328
264640
576
576
1792
2460416
256
4032
0
1352128
2624
2944
1408
5824
271680
2560
12480
384
192
23488
192
320
1152
3904
4608
265344
960
896
1606592
128
8748352
2944
3776
12736
2368
801600
1792
576
2112
1152
8896
62208
5132864
531904
7680
8303872
640
4288
2304
1984
1024
39040
384
38848
30272
4325312
5088896
1434048
1408
1216
16768
1472
3264
2880
75520
640
9664
384
20480
13312
46848
64
384
1856
33408
320
960
6016
2048
13952
5952
37568
6208
2560
2176
5504
3136
3200
956864
960
768
5632
7614656
3200
384
21824
960
497856
33536
1088
123008
576
10624
5644928
1408
512
1664
8576
6471296
576
1681344
10072256
9280
41856
8960
176832
128
1344
22336
2224832
1984
14784
3840
1344
3904
384
3648
12032
16768
512
10240
7808
132160
256
4672
2048
192
20608
7104
384
129856
192
576
8320
768
7488
46144
10240
12672
1024
63040
1344
2304
2624
7552
896
79936
256
3712
127680
14784
44736
168384
3776
21440
2368
50688
832
384
2944
13376
34176
12160
320
10560
128
7616
26112
17536
154176
76800
21376
4096
8960
1152
7424
1408
5376
51648
23488
640
448
1728
26688
2112
1216
270272
3776
4224
704
10560
131456
6656
1664
1856
4480
42752
5312
2176
10368
448
157056
384
3392
1280
67136
4800
17536
39296
2560
2496
1984
4480
15168
7680
6656
7808
222464
704
3072
384
9856
18624
832
8512
72832
1600
28352
16064
7040
5632
199424
1216
768
3136
9984
128
1408
4288
2496
960
3008
4416
5568
1280
896
8704
12672
512
5440
4480
31424
1984
2624
12544
2496
1856
14720
37440
704
1664
3520
57728
12032
640
1856
9472
6016
14144
320
45440
576
18560
960
896
52160
1088
704
1984
45184
15296
4864
158144
832
7744
768
104128
3200
3520
640
2368
768
13632
1984
5568
83648
18944
34368
1280
212480
256
1664
1216
12032
38848
1728
8448
2112
704
113088
256
192
8704
256
4736
768
12288
5504
384
295104
1536
1216
1344
14848
13248
27520
32640
11264
14400
17856
1600
20224
13504
1600
51776
13376
1984
280384
9152
14656
14208
5760
2816
1920
2496
19072
1152
5888
17216
1152
15616
2304
18304
64
704
9728
6592
1280
295488
320
2752
112192
2304
576
512
1728
6784
640
39104
640
535360
2368
335936
2048
6656
13632
9472
11264
29568
1344
48256
2240
6272
6400
35712
3264
576
49280
3904
1472
7936
38080
18880
384
22208
5120
48960
61632
50944
15744
6848
1216
12928
234240
3648
3328
7488
7168
1728
3584
15616
79296
1280
7360
159360
1728
32768
21952
2560
73344
1536
33024
1792
3520
2048
22912
448
66304
1018048
9600
21504
7104
28480
18624
4992
21120
36480
320
6784
7104
832
351040
320
3904
7232
23296
1536
4672
10176
1216
2752
82048
1280
1152
10048
486720
983808
448
9536
17216
576
4544
256
7680
30016
18176
1088
8192
233984
30016
5120
12480
10368
53568
2496
7552
5568
3520
3584
22720
55104
48512
3392
2752
6464
4480
11136
8896
1216
44480
32512
3584
14848
9088
32128
384
4416
2304
896
20800
59904
512
134848
3712
768
23360
29568
5056
1216
1664
3520
1088
6976
1024
832
10688
23680
31744
640
1792
8320
4224
5632
26304
26624
75584
13504
318976
3200
379648
1984
8256
19712
145536
8832
4352
8896
1472
3264
9344
917440
1216
4480
19648
1088
896
1408
3136
12544
2368
1920
115840
256
1920
512
1792
12864
576
1280
62912
9664
5824
65984
23360
14272
9408
313984
6592
20864
3072
211520
576
1536
7168
4608
9088
1728
264704
448
7424
1600
1344
3584
22464
85440
5824
1216
2176
238784
576
3712
4544
8960
1472
5120
679040
128
1536
6336
7232
145088
256
27712
192
112576
320
2624
448
22336
21696
1899840
832
8320
6336
256
576
47360
1536
2752
4864
320
4352
40000
8512
4096
2560
21760
2496
21056
14784
40128
173120
256
286912
4800
6400
3008
8960
105536
5056
320
896
4800
7104
3200
10368
576
31616
640
6528
960
1664
31104
83712
256
3840
4928
1728
384
15808
15744
33984
2304
1344
1216
37952
39360
24704
11200
43520
203200
39040
24896
125568
7040
40128
2176
1664
31232
960
36608
128
8704
11264
7552
89216
2112
3008
2368
1536
1216
10368
2368
9472
242112
8000
2176
12800
1792
56320
1024
20992
227840
14080
3520
25024
18432
66816
1344
3968
832
2496
68224
4416
256
112960
4608
4992
44672
8768
225024
6592
1984
3968
4544
647616
2368
2496
215616
448
71296
24256
6336
768
4992
11456
14592
7488
59200
128
3712
17152
12096
146688
3648
3200
17792
5120
98688
44800
10880
127296
4672
4224
22784
1261184
3392
6848
95936
11136
20864
81920
1064960
2496
26688
3904
1984
1156480
3712
1408
2496
4480
67200
1088
3456
95424
1856
51328
2432
15936
3456
139712
640
1856
17600
3328
79808
832
4288
704
768
1920
190208
896
384
17920
3968
896
56256
512
1664
4416
20096
6848
22592
149440
15296
4864
13056
3776
13952
5056
35712
24384
1280
33856
76032
896
6080
17920
58624
48640
960
960
19264
6784
47552
12672
6400
12096
18304
1984
7168
9152
704
30528
156544
2240
1536
5120
128768
10368
15424
11584
768
25280
48128
1856
324352
1165184
2118848
6976
33152
1728
11136
7680
64576
1472
14784
130880
1856
2176
3904
1280
4096
11968
16832
70336
704
188800
11776
6144
25664
2112
13184
16000
28544
960
1792
16000
15552
72448
45760
1792
6144
420032
9408
604480
6976
36928
13504
13504
140096
1152
73728
10816
2459584
4864
576
6784
8384
4928
15616
108544
1088
4992
81216
2240
3520
4608
2368
35072
2880
9984
15360
960
136512
512
32512
1856
10368
156800
6528
6400
13952
28992
1472
4096
5120
93312
87936
51072
4288
5824
14208
15040
6976
17920
183360
2368
7872
1984
213120
6784
8960
4224
7040
11136
22208
32256
1024
87488
125056
121472
576
2624
960
7552
21824
19712
1152
252160
2816
44992
218368
5568
13440
5184
4864
28608
40704
1792
15296
37120
256
39360
1280
43072
6336
81664
70912
1742528
1856
18624
9920
61632
26816
49024
243200
1344
1261440
2304
2601536
41088
6976
14144
16960
6656
76672
5440
2240
38464
61760
2112
1344
7104
15424
3072
3968
28992
44992
199744
15680
14720
4992
8896
1536
9728
573440
4480
4928
9984
8512
14848
28224
15488
17088
4608
4992
50688
16704
12928
4032
5056
22528
204096
32192
136064
1536
5504
142912
1344
142720
8896
2176
93696
4352
5120
10880
2368
126976
8256
169152
65408
49792
4416
46208
301568
19840
405120
97728
1166464
1177216
255040
111040
14464
228032
2752
14848
417792
2973376
11264
116352
2756352
3382976
4992
19200
1297408
4928
16640
44352
49344
116224
144000
3981248
9088
18432
179712
2048
17920
320
1550912
95104
4480
6912
11712
5184
5248
91008
8064
76992
5248
30848
2560
29248
640
10240
27072
22336
481600
970816
11392
22272
54144
8320
2240
6912
100096
53760
6400
13888
9920
16064
682496
2560
8384
4416
7360
6720
278400
7296
1386496
2112
3392
34816
12416
2880
25472
95552
2559232
7232
11776
1664
557504
20480
27968
2496
30464
2752
6208
756288
8128
58816
16064
35072
17472
2240
61504
4757632
46464
15104
30848
60800
34432
29312
2564288
1877440
19392
11520
2447232
3170560
5704064
57600
7861440
63488
21952
12492992
4608
70976
43840
50048
67136
11367680
8576
87936
12352
15126144
16225728
82688
2304
3776384
8064
9020096
21376
19120512
1544064
21111744
7885760
11937728
8110144
4484160
32640
5781888
45312
15936
3411968
30528
3712
1292352
24152512
25536
36928
581824
16717888
117952
32320
214464
36928
119296
12158720
7907712
1573312
13436096
19008
11008832
5923456
17238784
11712
32704
100096
19731648
84864
90432
109056
89920
371968
19623616
13932672
4758528
40832
67968
66112
93440
182528
62144
16364864
37504
572800
108032
39012224
30476480
112384
205312
160768
403904
84672
82624
1191168
26496
173312
83904
1193088
76096
203072
253824
36992
269120
103680
39680
84224
16128
298112
20480
213824
79040
36288
299392
77440
18176
120384
143936
161408
135680
53504
293312
131008
135104
217216
518848
103040
118976
303040
143744
421696
28544
664576
181568
67968
839296
62720
102848
206656
41664
447808
24768
308288
22144
156672
121280
76544
98240
66048
23232
243456
144448
1091904
102656
168128
56064
221632
222784
20096
83584
63488
500736
304896
65600
287232
233664
52992
286016
62080
132864
207872
579520
445504
50560
299456
157632
177984
437696
2172160
898752
205504
226816
143744
69376
2202688
78848
198528
400896
102272
202560
173248
53376
79680
63488
250560
66624
51520
38592
92992
350272
590208
30144
288128
24640
33920
39616
499072
98688
81792
221632
54016
104832
219584
117824
42752
144512
35648
65344
451136
61312
60480
695488
36160
79936
844672
32576
49152
41088
192832
55936
281920
40192
175424
516992
20480
54720
291328
194496
27776
320448
500864
76992
133696
211648
60800
291584
48576
22208
15104
37440
525056
21376
66560
335744
147648
291264
24192
2997120
147200
144704
86336
182272
32000
42688
143680
103552
29376
396864
38016
73664
426432
52800
38976
115456
45248
76096
327296
126848
16576
17856
34176
23104
468992
44352
398464
161792
326400
633920
30464
139584
51264
240448
534016
1986112
77504
102592
204032
271872
35904
286272
143168
133568
582208
1023488
29888
28864
149376
476416
51648
98752
85120
46336
150016
3172416
28800
259136
17792
51712
208512
95552
62720
115904
70976
24896
141056
171648
280064
95488
82496
98624
289472
41152
126400
887616
81792
117184
122624
242368
202560
358976
70976
56064
66432
173824
67072
269952
15744
110528
1036800
31040
78656
267456
39040
94848
259136
135424
320384
74496
269248
36992
158976
112576
162496
896000
1936448
73408
28736
35392
211968
143424
27584
245632
9920
175168
143680
83840
465920
9472
42560
119168
193088
152960
404096
112064
36160
119168
269888
24640
95680
529856
227136
361792
76480
82176
247872
470528
46208
196544
203776
200768
55424
766336
155456
67200
289728
227456
73856
118272
589312
35840
157056
98304
62720
46912
155776
72832
258752
198592
98368
37888
24832
169792
364672
45504
58816
78720
581504
25408
176448
87744
362560
448512
89472
63808
32064
22592
297856
98624
73152
169216
301824
2347904
47552
132288
60544
458176
78720
107264
43904
51072
1437312
19264
56896
468352
98432
158464
21760
51584
57792
2562880
51456
1797056
23680
164608
129856
100800
79872
46656
213632
659904
32128
191232
208704
77760
19776
664768
436608
686528
29312
147328
131392
3344512
112576
2854848
212160
186368
367424
246912
613952
233984
109376
214976
414336
43008
72384
149888
173120
826944
559680
428416
5412672
745920
90944
93504
128960
170432
675840
148480
58048
230848
35264
131392
430848
448448
67072
1914368
804608
324480
97664
320896
510400
53376
67584
29312
468352
27776
513536
222016
433088
53568
555520
1903040
132288
310592
275200
375360
477952
278784
2033664
319296
223104
109952
594048
458368
943872
6116160
1753216
1105536
3062656
619456
52928
364736
3287872
2839680
206720
426560
6122560
384448
592960
636928
141312
2401536
80704
1744320
83520
644032
265344
50176
1473536
522496
67904
1564864
99840
2037056
691200
13312
128512
91840
414720
43008
2931264
295168
31616
795200
44096
84352
74752
956032
172928
550528
14235968
53952
7520128
94720
12078528
75712
2604096
4298624
176640
36864
1304896
184192
2832000
193984
36139776
107968
327616
91200
201472
351360
92160
230400
122240
9967424
261440
279424
205120
206400
149632
198848
57280
250048
1311872
75392
272192
72576
62080
106368
87168
3905664
57152
3772928
22038528
73408
176512
94272
143616
90752
373312
109952
51392
64064
126400
435584
85952
238144
99904
208832
102336
233600
27840
801792
151040
872192
51712
2422720
257216
396224
939328
406656
186048
145856
1570368
96384
467648
113152
683072
105088
3196736
330368
1444672
204224
81792
191488
72128
450304
65664
596096
33728
174784
74560
132224
197504
118400
704448
84160
852352
3803776
33600
106176
44544
233152
57088
212160
551616
30336
130816
1345216
346560
609472
524544
59392
142208
286336
2299520
579968
49024
270272
84736
116544
295424
92480
3654720
35776
135168
883328
75328
91264
138432
190080
218048
74880
555520
46208
80128
2527744
233472
131456
308864
565120
21952
332224
47168
1423744
128960
37312
34752
285184
92224
1015488
40256
96000
114176
58688
164544
920192
28480
105408
16545408
33152
97280
244928
1525376
3460352
152768
125248
489856
487296
80384
969920
902848
198272
38208
82496
4029184
47616
488896
125376
3989056
397888
68864
71360
221632
182912
423168
134656
532416
277184
1507712
103104
309312
70592
603392
70464
199040
186112
902912
51456
256512
61632
329984
62272
832064
1911872
76416
358144
317504
785792
200768
55104
812608
53632
41280
1116928
246848
48704
124224
89024
66624
251264
154432
556608
102464
225920
1104192
1748416
683328
120448
60352
13614784
160192
82112
281472
66368
264832
375616
463168
14275584
183232
7027584
146560
9188544
9997952
303104
1459264
261120
230208
592128
206400
369536
267648
304320
881088
18303104
150528
367808
96960
2321088
245056
174720
32256
109632
732032
5668864
337216
22874432
420672
269952
693376
126848
203712
2526400
2000640
148288
1331584
13212224
140416
129152
312960
31545600
2841664
202240
747520
194048
1346048
301504
263552
569280
43392
356352
132288
74176
831552
2738368
319680
3818304
156352
398656
5379840
10947840
204096
462336
132096
1371904
129600
614016
177472
9789952
104512
180096
462656
321920
631936
8160192
743936
341888
2092160
159552
435136
20534976
426688
177664
238720
215168
184256
663360
121920
19247168
308160
155136
5038720
482752
1191936
216128
4733312
3339904
464576
941440
2099328
2961664
826368
4954688
4317376
803328
4467136
804544
532736
3370880
15914560
2005120
432768
1890752
2907776
2187776
10642432
93568
543104
18852736
1023872
16946304
3418176
2093568
11419072
16467072
24452288
7027328
15238656
41974144
8183232
15473728
13663424
187840
10735296
42849920
60274496
40307264
28385536
31602112
51561408
114449408
10728640
28114176
101458880
45259776
15956736
55738176
42316672
7104384
636608
35904128
44573760
24591872
9674816
17298816
2774272
983104
25993536
186560
11688832
437760
1928512
33968000
293696
1130176
441984
455296
145792
1251840
279616
371072
7825152
10597248
263360
8860288
302528
411392
252544
833600
3297984
552896
1040512
4648128
229504
292480
413056
215680
437056
27105792
4138944
24071936
376640
472064
303872
7837696
331712
7834816
339008
439168
178304
1053760
115328
1292288
188032
659520
7139520
513152
176128
118464
1089344
135488
7376192
140288
5421760
39093504
215296
506944
11094976
779840
365504
279680
259328
575360
329984
756416
809088
610688
161088
728960
998272
1548480
2078592
539968
4786112
3515008
7928256
4572608
352320
917568
372864
2340608
751168
792704
436160
243328
429760
528704
1080960
253632
5775680
651904
10392448
2028736
265536
118080
1093952
6583872
386368
800128
8833984
761600
1807424
670016
834688
272448
361920
10860288
443840
581376
555136
14556416
225600
285760
1662592
42836544
488768
66648640
304320
5182336
2558592
72798336
47847616
1188672
1356864
1031872
390144
1173184
16381440
18515072
7950848
3749440
746560
15560128
932288
3796672
7717632
1174080
707328
27868288
9851968
514752
7028736
1885312
1383040
11254528
14393664
9555648
5802496
1464320
1888512
2006464
8995136
1037312
509504
2908672
606912
1474304
1297344
14774720
729792
1029056
2158144
2349376
2751936
14962496
1213056
9176640
2710400
6392192
967808
6934848
755264
2392064
570688
3047360
513216
7706304
5947392
19957824
12032000
3790784
707712
1210560
6854848
636928
1284800
3035456
11814336
452160
5438592
12587392
39682368
20176128
1850304
9999360
21137472
4179456
1524672
7843456
11912832
582656
4626048
16408768
8817920
1544064
2422528
1738112
930304
1310144
17926784
20157888
7097024
13570816
38528768
5962496
4537536
8422144
16620800
311360
622528
5857408
8602304
3149312
11591296
52350400
14892800
8713408
13007872
35222592
978176
47387520
346688
1164736
472128
14943360
56934080
37247040
2985920
14303744
8835840
20203200
416896
21540672
2040576
246336
6517568
13528576
796992
329984
1402496
856704
481728
606848
5652160
288064
2035584
488000
6729344
633344
872384
269376
1648128
1707776
6210496
787392
18086784
371072
5171904
461504
443648
710336
2448320
1777472
4013632
537152
17169344
677632
1271936
1223616
533888
331776
605696
322880
7230272
313536
267840
789632
271360
1853056
2543232
1593600
264960
702848
411712
8698112
559872
246272
5466752
479360
510976
262272
3366528
553536
6699904
818880
301120
1320704
1095232
160704
597312
861248
5070784
445056
1166272
312320
445440
473984
543744
973568
2171456
1025216
4459712
783232
473408
58179584
928512
320192
550784
246208
825856
3712384
182528
3117824
313344
304576
11030592
2153344
531584
9161216
14515904
9660736
878528
481216
475328
10051904
24877952
8361216
1378816
732416
487040
1327744
1040448
1571584
12911744
422784
591040
661888
473664
1438848
459456
776000
451776
7745664
305088
929280
840960
1199680
775872
451456
2439488
1388864
1243392
542400
1231744
450816
2258944
18228416
419776
334592
374720
1013376
2263296
795520
1275200
363200
4079552
351552
25188928
553408
1908416
555648
1427328
1087872
695360
395840
363840
1468672
271040
47728320
432960
18981184
1900096
1344064
483008
10674112
13924608
531520
1042624
401856
776960
2770560
10551808
3072320
835584
1668736
756544
701504
465728
925312
2176320
953536
278336
607552
7910400
709568
756800
589888
526720
11415232
1276480
468736
1066688
489216
997248
9339200
5252224
417280
606016
1796288
442624
427200
3315520
478848
28861568
2405312
32075008
14317120
407168
1501568
1852608
1048256
20013568
462208
2787200
45033088
18939392
711872
543488
2364416
5051328
793664
1284352
990464
832000
1470464
20011904
730624
39851776
305984
629632
927424
19605376
368640
747328
1177920
1362048
627712
693120
877184
1617728
948672
283392
1358976
499200
3811840
1661440
530880
541440
241408
25089664
778112
893440
868608
666368
1192640
27326336
41398912
650880
1078464
848384
832576
278592
911488
932096
973056
1321984
774592
30895808
1976768
389440
663872
1360960
678912
1434688
828800
553408
347392
2760832
984192
341248
702144
1366912
35581696
47304704
1062272
1380224
566528
565312
785728
1774848
6912128
39576384
442112
686976
11819008
827648
281664
732160
2072128
653376
1921280
2520576
635584
1713984
3089536
524480
792832
710720
1229184
573504
523200
458944
1417600
3186752
748800
2879360
1384960
399424
1637376
1684096
369664
634560
841344
1632384
1182336
2197504
585664
559168
3136320
3092800
525376
641920
1441984
1075520
3559616
579328
721344
496704
1005376
1704384
395584
1548352
518080
1114112
479168
1435392
1307904
517568
832064
1703680
1645824
1331904
609152
664256
675008
2023680
1440384
4147648
488128
577536
2050944
766272
1256256
310848
1364800
575232
750592
424832
2508032
10270784
869824
1005696
572096
975808
468800
545600
495360
2049024
2260352
785152
618752
695168
2678144
489728
1216512
380736
1261120
1584448
487872
7973312
666624
2074624
1444160
863232
493632
771840
558144
1308608
2584256
408768
1178368
1441920
1795008
2048192
453120
574656
583552
711360
4235712
359808
469184
1587648
621824
916288
2260608
3511552
1897920
820032
631360
1240064
632384
1206784
495232
842368
826944
1245056
4751872
12854848
678016
794624
482944
1234496
2007424
1440064
1295808
921472
520320
1680192
1238080
363072
954112
670208
523456
3960128
843328
553088
796672
1833088
2905600
772096
1761920
2400512
2484288
8581952
943552
1424704
1816832
609152
864704
640768
2732160
2747008
565824
308224
1087680
1759296
868800
402368
765824
1926400
3075904
1295808
626112
1485120
542720
769472
614528
2280640
644672
807360
1044352
3318464
4370624
9718592
822784
848576
676800
2651264
1035776
1143808
618176
1127616
4316736
827264
2143616
1416384
1609344
711616
1485632
905024
1583232
1113024
745088
4451584
2423360
605248
1244864
508096
759104
1831168
4012096
1310144
498368
1571200
176768
2604544
1748480
759296
1343296
431488
1711488
1067776
545728
918912
728448
886144
3012992
1448000
1172160
857472
1887808
1407680
666304
1205696
721600
3993024
841920
745024
767488
925824
976128
1523392
796032
742656
949376
693248
6641280
2956608
13815808
935872
856064
408576
1039936
16678528
22548608
4883008
26373056
2475648
601600
740736
1406976
1594368
606976
2657856
823552
839936
907392
858240
1817088
835840
4264768
9093376
11845120
1053696
5228672
914560
6198848
8879872
974336
568064
967552
2382912
2017472
1199296
1796160
574016
893184
1205696
4627072
1989632
646784
3361536
3838784
1284160
1103936
4847360
21233408
536832
32129920
2716160
706368
1253952
1616320
2324608
702912
4197824
17859328
28444288
789696
1273344
843264
7635520
740672
795328
3505088
1410368
1256064
16463872
3332032
1044736
3655808
27026560
792768
18075840
1800192
3198528
1601280
1928960
964800
1962176
1420992
54693312
575360
30553344
1072512
2370048
2661632
1116352
919552
2262848
24014336
1798336
1051648
1022848
1345600
556736
2337024
42454528
1659264
969664
2327424
1326208
2129856
2995264
7573440
1261632
710016
1153408
1539072
2111424
887808
2980928
1367616
912640
1560320
1092096
1356032
816320
914880
3909632
1244928
971520
737600
8937600
782016
1117568
1401728
893120
3458368
36628672
1225856
2100608
713344
1723904
1390144
8577600
953024
2172096
950272
1097024
1326720
2246592
2266624
700096
2594432
659776
1794944
1356928
14622848
1833280
23507776
655936
844608
3199424
2270336
776896
2378240
1265984
1218944
1009472
4357440
1837184
1015872
1609472
699456
1377536
1863424
2649728
1298304
2302016
537664
1582528
1405312
4404672
2920576
818624
1683776
37388224
1490112
735552
1373120
1153280
1359552
2307584
30126336
936448
20813248
1979840
1369408
7845504
2075328
15988416
1551872
6401664
2651072
771328
1332800
1084096
1637120
2148864
529344
1008640
2099392
855168
1108352
4021824
2075136
794496
1642432
2085376
15344960
1257600
1611136
859840
2588096
693632
1997248
9877888
761984
1018496
1433344
810496
1678720
1472384
18032832
4324992
8342528
2744704
1677440
981056
787200
3798336
1836864
1120640
3705344
2551936
1085440
1810624
1167488
886464
1176128
22339712
6799680
16314240
807616
1714176
1192192
926848
1789056
1295744
880576
851456
855552
2423168
3350272
1129600
726528
2667712
1328960
1258560
6042112
3746176
5137344
3250624
1074752
3829184
16579904
1752384
898432
18277376
2912512
1621120
929344
1142656
1405568
1595008
1958400
1059264
3437760
1206464
1350144
2034432
992064
1015104
2874688
15262080
11537792
1796992
1931200
6261248
3730752
1158208
1919680
1679232
1313792
953280
5120896
853184
2221760
830528
3089472
1476224
689536
993408
617152
1710976
2679552
992320
13934208
1300736
3618432
1083456
3761664
1841344
3233088
10319872
1650432
1720384
8365952
4433792
9456832
2514688
1116096
1233024
6689792
1080896
9965568
1183872
3022912
1681216
24347584
738688
2527040
27500416
1356736
670976
3136064
1170432
1342528
657856
2159040
2404800
2083648
1372672
1398784
928192
904832
2044416
4087296
6657984
1244672
1508288
8964544
5065344
1068736
1411392
3080960
2804416
1348032
967872
2153472
1254400
986944
3088192
717760
1057216
1258752
34238208
2283456
2409536
1287360
4410816
7554176
1198592
2023360
12209408
2181760
1986304
1205888
1442368
1499520
7449472
1260224
1103680
6528768
1963008
5490624
1452416
5691840
2754944
915328
1813824
1055808
1275968
1566848
15834496
1228416
942464
2134720
906944
2450496
8635072
1652544
795968
52546560
1070016
2604672
2000576
1178752
1043584
3915008
747328
1853312
1251456
1000832
1474432
6446656
4124416
1260736
1101568
2528192
977472
3506816
1481600
6473088
2299904
1315520
1409792
7898560
1024192
1606144
2076224
1209408
1467776
1906112
1276032
1229056
3553472
2064000
998976
1691904
2318528
4193728
966272
2241600
1174976
1074688
5999552
952448
1967936
5747136
1022272
1804736
815232
1172288
1461696
1111360
2722624
3392384
6062272
1592192
1770560
1176192
2062912
1884864
12557056
1509504
2212032
783936
1677184
1121728
1893440
3160896
1454656
2201088
912704
614208
1145792
4524928
900992
2946112
927296
1863616
1176064
2511680
2008768
7123136
1028032
676736
3304704
1703040
24331712
1936512
1254720
651776
10725952
2709504
1165504
1267584
15720128
3638848
1440256
8741632
1758912
1293568
1682560
19553216
1050688
3621376
1909568
1001536
1970880
782400
3363200
5307712
2972544
1249216
1330752
38291584
1161664
1417472
6510784
8745024
807872
1395840
1506112
1429952
16686912
3742400
5020416
1629952
2303360
1780928
724352
1813248
16625664
4035328
1466112
3059328
1140480
11827968
2249216
1968768
1017024
1270976
1669440
1424064
4531456
2010112
2175424
1038720
1732864
1545472
2487040
1268224
11365312
2217280
991040
6400896
898752
8760768
2194688
1486208
1520704
1334336
1220928
1961920
1654784
3815808
1162368
1136448
12266048
1035136
7789440
1341632
2553792
6268160
1348160
14855232
7913920
2213504
3393152
2671360
1486912
11141888
2267328
1758784
1594240
1944320
1357824
4814144
1424128
5207360
1439104
1726016
1123904
2975616
1909568
2212736
1123264
2863744
1471616
2736192
6105664
1526400
1134016
3931584
3353472
1375424
1526400
1641152
996992
1817408
1842112
1176512
1270528
1496000
2675136
2418944
3181824
4128640
1685120
1756224
1555904
1193792
1046784
1535488
1612992
8201856
1426624
1870976
10191744
2107968
4011072
5626944
1065344
2542976
1540864
3702208
943040
614592
1963200
2241856
11593984
2237696
1844864
13798720
1470336
2839872
1660224
2611904
1270208
3201472
24081664
964544
1820032
3330048
11358400
7937024
1707584
2254528
1433088
4065984
5822656
1490560
1974528
1996928
962240
1515008
802496
1937472
1737664
3266624
35287680
854080
1961984
1675904
1079040
10043776
1949568
8720512
1158592
1265600
1634432
3851520
4863360
1735104
717760
3885440
1333376
2092544
4486272
12200896
2586944
19398784
857792
1624000
1651072
2928832
1619200
1050112
1901376
5704896
5938944
8583680
1378944
1993216
1628864
1614656
2714368
1702528
3179008
875712
2736960
905536
1697024
1182528
1720448
976064
2687296
1819072
8670272
3328576
1474112
2318976
5448768
1631040
2521280
2046400
973248
878272
2862208
822400
3974016
4202048
1412416
1546048
2452672
2177472
1576640
4272448
1163072
781952
1562752
4488128
1590912
2425472
1319296
8434496
1113408
1060928
2443648
2907904
6818752
1321728
2055744
1749696
2892992
1249088
3449856
1000960
1608512
3721152
703424
2856704
5568704
883456
2127872
1710720
895424
2991104
11602112
997888
6550976
6688000
1091328
1331456
5853824
3185152
2907584
1042432
2053184
1781120
8430976
1972096
1655616
1068928
9470656
2355520
989632
3375232
1440704
2367168
1207296
1122624
1414784
2718528
3049600
4062336
2340096
1258688
2505664
833856
1456704
21649600
3328704
1386240
1220544
1843200
1690112
3887040
1675200
3635648
1675776
4854336
1440000
3177600
1250240
14469376
1523776
1932608
1096960
2618048
2652480
1452864
2503744
1679168
1463872
2060992
970752
1604800
1046016
1453312
3041856
915392
2944512
6784896
6106752
5845824
3243520
2039296
1501632
783360
2279488
928128
2204800
4593472
821568
3018368
1227840
1304704
4913728
2182912
14710208
3675520
1035264
1161152
915776
1887872
1907264
2453440
4335360
3622656
1116992
1158336
3171968
2174208
3108736
1224000
5653824
9174592
6553024
1600896
1722688
1837696
1243200
15111040
955072
1063232
1105792
2268160
1698432
4264704
10820736
12701376
2023424
11467264
1052224
1695488
1218432
1590784
3463552
17985792
1033344
1190720
4346752
15470528
3326080
1497856
1455360
1360704
3297024
1653120
1133952
2521408
1135232
3124224
994816
1377600
5143808
1294016
1293888
3634368
953792
3987264
10621312
18030208
998784
3604608
1435776
3602432
1425920
1313920
6410752
1667584
2421760
1419968
9599232
19832064
4802944
3119104
1187328
1478784
1773504
772096
1516352
14476032
1085568
2601664
14475200
1652672
1137728
1815296
2578304
17221184
2990080
1233472
1731456
995264
6232384
1561792
7874880
1057280
4230272
13463744
2701312
1801920
1251712
1282816
1731968
2420160
1903168
1256704
1629248
15707648
2718976
2920960
1215104
2401152
2361600
2508416
1215552
5056448
1681728
4432960
1823360
1083072
1828224
1984896
12169280
3196032
928256
2554240
1106816
5560768
1619200
7340544
4505024
1906496
1274304
4580288
4755520
2640576
1352512
4378112
1416640
1420416
2208960
1127808
1124608
3147200
12339584
2083392
2065088
1164032
1591232
1931392
5851840
2613504
910016
1932480
1408256
3389504
2435264
4518336
16166208
1004992
3782336
1717504
1915840
5700928
1022848
2175488
2286912
2640000
1511616
1948800
1077760
1346240
1016064
1830080
6537536
3472256
1521280
1115008
2541376
1245376
1198016
2496832
2199616
1361856
2260096
7648192
2756800
1063168
5470080
1429952
1656448
5468864
2950848
8164864
4540992
1711104
1002176
2097472
1272000
2240256
6890624
1076416
2380864
2345920
7100608
2185408
3638976
1243968
10066496
1100416
2553664
2997248
3871296
1697920
7623744
3965120
3159040
1782080
1191168
1984064
1102656
6783808
9283008
1580672
2393472
2629184
2400640
4210048
5857792
1995904
1791488
1632512
2252608
4628736
2020416
6058496
1329728
1468800
1530368
1256128
1738688
1302336
3370048
4774720
1022720
6137344
1228288
7793920
1332672
3942208
4022144
980864
1888064
3415680
2442368
1111744
1772224
995200
2526208
2441280
989504
2459968
1621760
2182080
1170624
2424832
1253440
975552
3131264
2708096
1101056
868928
2794240
2551424
3420416
4759808
1146688
3688960
1467264
4046656
9826176
1723904
2247296
964608
4018560
1687744
2287040
8331072
3121856
1410496
1889408
2059136
1938944
26269056
1895232
2245248
2811712
3009728
1678656
3644864
1982976
1727744
2653312
2876800
4177408
1444864
6925888
3983040
1137728
2661696
11574848
1469824
2984128
1809408
1750784
3279040
1576896
5933440
4249152
712896
1491520
1934848
2033600
1392576
5540928
1421952
1396224
6401728
1468928
1717312
1822912
1610112
1034432
1214784
2348864
2786304
4398272
5316352
1255104
1281216
4480512
2503168
4872576
1204032
1405248
2932800
1251328
1560640
2320576
1248576
2310976
3988928
13482240
2676352
4240768
8994496
1149760
4043584
2450816
2681536
1210496
1933248
3805952
1849984
8256256
2092992
1494976
16059072
1425472
2286400
5159936
2499520
2100800
3240000
4331520
5074816
1194240
4090432
2355008
1915968
1930304
4769152
1094976
9195200
1026368
1701696
884480
4373824
2242880
11333120
2037504
1322624
2402368
2307520
1024448
3575680
4720000
1309312
1850240
1168256
2915584
2114560
1582976
4510144
1318528
2671680
16826432
8648960
1502336
1581184
7571840
2006080
2836480
1904704
1679040
2745984
1423104
21705984
1500416
1288640
12912704
2983616
3238336
2811520
2096384
3680768
1300800
2244928
2045376
1562880
1138624
1439232
2020864
1271488
2340416
3229952
2561664
1492864
4095680
1448768
1335744
6297280
23520832
9578240
7390272
1587072
3071296
2259520
1571584
1939456
2309504
5186752
1236992
1539584
2065792
6698560
5463488
1310784
13815232
1993344
3375232
2663616
1580608
1421568
3010432
1572544
2388800
2021376
2797440
1566656
1741056
3128704
1519040
1308032
1486336
2774016
2559296
1667008
4107456
1958272
1181888
3966784
1398464
35736768
1620672
2640064
1559104
1393600
2815616
1619840
3878336
810880
2117632
1372096
5608896
6669824
4432576
4789760
2828480
1462656
1913152
1518016
2183488
2227392
2244288
3739968
5047936
1438656
7927936
2014976
1753280
2980544
1378304
1427648
10352896
19527168
6108416
2168896
2128192
13319104
7484096
1215232
1712192
2982848
3673920
1634368
8196800
1333696
5809088
2241024
1316672
1658368
1314560
6431104
1487872
4053952
1498624
1133056
3117824
5512256
2271488
9761536
11380544
1490304
2178048
1765440
1929664
4292032
2137088
4782400
2553856
1422720
1534464
4573184
3269312
5849856
1386944
2770624
1956288
2127552
1964288
2843008
2771904
1785472
1937344
1290880
1545792
4417920
1990272
1216576
1718976
1195520
2457536
2186368
3404480
1490176
3999680
1265600
13762176
4547776
6385344
6252416
1652352
13992896
1828608
2415232
4902336
2038016
2296384
18016448
1520448
3742272
1988864
1712704
2069760
1650112
3034304
1383360
1677184
2209408
2372288
2958080
4418496
3650624
1099584
1789568
5381696
3313728
1392128
2198720
1233536
5958848
2752128
2828992
1508544
3197248
1451136
3578240
2415680
1929088
1244800
1519936
6998720
2171328
7037120
4432640
1931456
4894656
10636032
1724992
1729856
1540608
1330304
3422208
2234176
3326592
4981632
1285440
1932800
4648000
1563008
8692608
13648832
2405952
1652480
1994112
1543680
2268352
2107712
2017408
5810560
3948864
1239168
6311936
1235200
2252352
2032256
3252992
1605184
1776000
1971904
1431360
2477440
2187328
2281600
1596608
3766208
3371328
6311680
12596800
1951744
5556608
2271296
1235584
2004288
1811264
32993216
4235520
1708928
2366400
1007424
4158400
1700736
1730304
2174144
2091712
940032
1223872
5464576
1467072
3078656
6457664
1475328
2473216
3021376
2651520
1935872
2997632
1851456
2108672
2522176
2262656
2707264
4415488
2056640
2090496
1644416
4826176
1831232
5973504
3011648
1200192
1585920
2605696
3668928
14626688
3722560
2185088
1639040
1644480
3576320
1662848
3356928
2353856
5433024
1533504
2038720
4555136
2739264
2967488
2643008
2371776
1039168
5817792
1251136
1749056
4065728
835008
1668608
2696960
2078208
3638144
3500224
4151936
2928640
3331648
8819456
1551040
4082176
1461824
1340160
1967168
4001024
7044032
2302528
1287424
1600832
18774464
1530560
1157568
5116416
1697728
2185792
4761792
1581312
4502592
3629888
1656384
8899904
1477632
1415488
1401024
5508352
5775616
1342784
2659200
1935488
6873408
4130944
3359360
1237888
3202432
1915264
11421440
1714880
3873664
6445312
14073344
1490944
1856576
1714048
2078592
1029696
2377024
1452800
2018688
1827072
8896128
1350912
1615488
1989184
5261120
1476992
1646976
1795584
4369088
3532416
2137472
3026112
1209024
1995584
1967296
6496768
3027200
2128512
3270592
1994944
1354816
2137600
3896448
2164160
3478016
2090944
3813376
2017856
1219456
2812608
3689920
4309568
5830208
1805120
1340288
8208704
2011008
2849216
1373760
3451200
3939712
3750720
2844160
2971776
1068032
3481280
1318080
1311488
2573632
3716352
1852544
1318720
1558784
3358656
5505536
3180096
2112640
2349504
1195712
5150592
2526848
1287808
1749952
2083200
2276096
1783232
5899968
2201856
7512640
7075328
1363968
1450176
2883264
1405376
3165760
4467520
2246336
4549376
1470720
1978816
4511168
5004992
2839360
3022272
1733504
1454912
1540736
1527680
3223744
1131264
1498752
1529216
5575936
6261312
1628992
2416576
3364800
4343168
1279872
1332352
1931392
3840512
1078208
1636608
2531776
7027136
21204288
1306368
7421056
2020288
1531072
5256640
1383872
4197632
1799104
1490048
1558400
8840832
13451840
1431232
2613632
2417472
2876288
5270400
1912064
1306752
1893760
1281856
2054400
3678528
2796224
6082496
3052032
3051712
1930496
1488000
2122688
11170688
1357888
2820096
1879104
2605504
1297664
3198144
3565504
1410432
2352192
3319744
4273216
11202560
1282688
2274176
1933376
2310528
1737600
2553984
1502016
2434176
1461824
3377088
3092160
31425216
1401728
1732608
2022720
1520704
1776192
8995008
6331840
2400256
1685632
1287936
4522112
3390336
9763392
6393664
1627072
2404160
35104384
1577408
2665984
2173888
1650304
955072
22010304
2065792
2180288
1664064
1953344
2278656
3040832
5014720
3079680
1040256
3248320
3204608
2969344
7302528
2996160
2457920
2692096
2920768
6963968
1400000
1447872
3443008
9764160
1428544
2915008
1675136
1627136
3293312
1689216
5453184
1966272
2445440
1087424
6053120
3713792
1702016
1604288
6099008
1224384
1825088
3825344
7117440
1729088
1759552
2213376
6611584
3763712
6021440
1706496
10482752
1737920
1417024
3169664
2591808
2838784
2069248
3403072
1227328
1620096
1419904
2295808
3886336
1248512
1630400
2486720
2616768
2624128
6786688
2270080
3392448
1140928
1838400
2551296
2444288
2295808
1981824
1875520
1953664
3425088
3160896
14973184
1718144
1666112
5044736
1625856
2321984
1772096
8410048
1953856
1451456
4774720
2390592
2780480
8497664
1274624
1564672
1526592
1525632
2418304
1755136
8727040
4235328
1449024
2032448
2262336
4303232
3756544
4222144
1470592
2618304
2268352
3235584
2013760
1103424
1942976
2222656
5663552
3797440
3317760
2810304
7450240
3581312
2699456
2083200
1963520
1754368
8641792
1654848
4397824
6424576
2648768
5995840
1590976
1091584
1982656
2595008
1107008
4417152
2209600
1235712
2240640
2760256
3195904
2680704
4532992
1629312
1755648
1647360
3818112
2393216
2771008
1771392
2353344
1922624
1960896
2327104
1866048
1520512
2977280
4660608
7512448
1238592
1508096
1342400
2850304
1303360
2593664
5763904
1588864
2033088
1887616
1802944
1289280
3023296
2474624
1474752
6263936
2076672
1940480
2977280
2084032
1374400
2408512
6312960
3900096
1871808
5607616
2297728
983168
2197824
5630208
1926592
1451648
3193472
1943808
3009280
1818048
2232000
3913216
2428544
6113600
1504128
1579840
1736960
3775424
3091008
1238464
1500864
2655552
1364992
1291072
2449856
3767872
1040384
9587712
1491776
2398784
1845440
2237824
10609792
6570560
1223232
1591040
1373248
1818624
1794944
6720896
5833344
2722432
4080064
3377920
1058880
2686336
1676992
6685504
1471040
1249024
2460480
1284032
2240896
22494272
2429760
3112192
1210048
4159936
1643200
2370624
1867072
2263936
2615744
12036736
2518784
875840
2247360
1282240
2846208
7882944
2322752
2807744
1753024
1701376
1429504
1566208
6336448
1504640
1290432
2736896
3094976
1599104
7805376
3534336
4423680
2437952
1718912
2202944
3080000
2092480
1705664
1388288
2437952
2663680
2781056
1707008
5902464
2463360
4397120
2966208
2756608
5708800
5714304
2687232
7617280
1933760
2552192
2961664
1394048
12385984
2475584
2216576
1408960
1802944
1952384
4089920
1465728
4244928
1898176
1942976
1644928
6150720
1913088
3364544
19699904
2064320
1624704
6129088
8784128
2590464
1998016
2581696
1809920
1371904
4356480
1414016
2652480
2113664
1990144
2110976
1335552
4646848
1140800
4344832
1257920
2396800
1242816
1339904
3607168
3371136
1484416
2282688
11499904
2102464
21989440
1919296
4771200
11304128
14501568
3349888
1597248
1501632
1952128
4332736
1784576
9107136
1247104
1407424
2472128
2034816
1405888
2092800
1718016
3141568
1363136
8710080
6252224
2222464
7740416
17259456
3345728
1207808
3533120
2365184
1611776
3166592
1842368
2488128
3496640
2303680
1317632
2427520
2869696
5222272
2047360
3262656
2213696
1261440
2788928
1529600
2530944
12391104
2750080
2218240
4937088
6110592
1395008
8830336
2588992
2143168
1718784
2194816
14518080
3482496
2690176
2320896
3229696
2166144
2017024
2445632
2450816
1803904
1576960
1472896
3733248
2779648
2407168
2245952
2330176
4369728
2708032
1221824
3377472
2047936
951040
4144192
2145216
2158144
1293888
1504512
3560064
1472192
2015104
2322880
1621376
6448960
11329728
1230912
4964032
3008000
2269440
2227456
3650752
2071616
1786240
1478912
3729920
2473344
2022848
2329280
3220544
8895040
8991296
2854656
1643904
1745280
1943680
1327680
1078976
3197824
5051136
5941696
3007104
3477888
3874304
1496000
2102400
2391360
3214528
2379200
3857472
1750912
1775360
2321024
2661440
6306624
3454528
1528768
3003264
6717376
1258688
1643840
2428416
3018752
3256832
1888256
1130880
3282304
4187264
1265536
2661568
3945984
10385024
3206464
8461248
1273024
967744
1417600
2173760
1722688
1451136
2965504
1937472
1887808
6427904
1773888
2291904
2762624
2792768
951680
3871488
5615296
1152576
4570496
1379904
1415168
2825088
1945984
7390272
2848320
7147648
2265728
2264640
6036928
1209664
2120128
1799168
3300992
3616960
6509952
1495936
3083904
13203840
1674880
1761856
4786240
4299264
3136704
1586816
2505024
1659456
9792384
10029952
4417792
3339904
3648832
1769984
1812224
1919360
2459264
3187008
2501120
1878976
4100864
4078848
2097216
2503616
1701440
7613824
5826240
2454144
2207360
2353024
1102080
11056256
4041408
1328128
2363712
2949312
1933888
2687488
1586432
1337088
2504576
3850816
5806144
3201024
6630720
4648192
2394368
1249920
5589504
1717440
2988224
11648064
3672192
2097856
1180352
9542208
2071680
2365248
3236480
3011328
2485568
2251264
2147008
2228352
3692544
2300672
2498496
1072576
2934144
2559232
2947392
3966144
1297920
1605056
3135104
1566400
3574272
1664128
1837504
3355200
1865664
2718656
6968576
1591424
1337536
1430272
8916352
5671040
9524224
2728640
2623360
1366656
3105792
911104
4466176
1315392
2733568
2001408
2004800
2644032
2207488
1725632
4972288
4683904
1970432
2475520
2709376
1454592
1721472
2513728
5851264
1330944
1668800
10637376
1286464
1144384
1900224
3938688
1353216
2278080
5226240
3965056
3083840
2668096
4360256
1483328
11760000
1803584
2273024
1129472
4454592
3354816
4812032
2020672
1932416
1108992
6474944
1732480
9633088
2102400
9210624
3513536
1081728
2171904
3583744
8389376
1795392
3996032
1751168
1471552
1818752
1206848
6382912
1634624
2915520
2497728
2124224
1467904
986752
2744960
2444416
6078912
4194688
3139136
2215808
8485056
1413888
4680832
2008640
1914112
2377472
2345152
1962880
3045952
2428608
1065536
3704256
5042112
1308224
1301440
1773376
2791296
1773888
2347392
1790208
4090944
2173312
2636736
2157632
1821888
1709824
2033856
1144960
2241152
2435968
1848704
1491456
1111104
2173184
2067328
1666880
3587072
4429312
13344256
4564608
4612416
2711680
2074816
2063232
3241920
3791680
1923968
2854656
2292352
1938176
3919744
2624448
2888768
2204288
1746752
9223488
2145344
3928128
1518592
3547200
2349888
2420096
4585408
8353792
1991744
1492416
2082752
3515264
3350912
2280896
2929024
1231424
2269632
1550656
4086336
1430848
2510528
2324736
2650944
1582784
16052224
929600
4147584
1940480
2234368
1275520
6959936
2163968
2129088
1495808
6057984
917760
3565696
1935232
1675968
1905024
2890368
1174528
2125312
17415552
3383552
6090880
4198976
4036352
1442816
1742976
3748160
2689600
2340352
12507584
1641856
1654272
2471872
1294016
4391104
1265344
24363200
1858496
2528192
1547136
4597952
3987904
1787392
4219712
2344320
1207616
1892480
2398784
838720
3683776
2199232
4835712
1681472
2980992
3253888
2305152
4401600
1791744
2551360
2287360
5096832
4288128
1535872
2376576
2578112
6577024
8095104
2254400
1566720
1476544
1838272
2657984
3962240
1900864
3548224
2829632
2693376
1728320
4940736
1816384
1038080
3236032
13578048
1928000
6393728
2453440
3319168
2014528
3966656
30738048
2127488
1937920
2664832
2201728
2395200
3752960
1657536
3948864
3032832
1307456
1966400
2319104
6417792
2385728
1466560
2711872
2736256
1144768
1729600
2579968
1924736
3488448
2332864
1624256
4958528
5431936
1867328
4676672
931584
1487168
2201984
1870080
1910784
3011520
1361152
7133248
2164800
3710592
3500480
3788480
1944256
2333888
18920064
1616896
7712192
1452544
1168960
3121216
3614016
10366912
1919104
2565248
3668800
2805504
2041344
2808768
1309312
3842304
1540992
3032640
2169472
3275520
1929792
2367104
2777728
4621056
2993600
5179136
1699008
1666368
3785920
3192448
4144576
3994496
2213376
1877184
3198336
1718400
1755456
2635200
1523648
5388672
2533440
4303680
1938752
1232064
2058176
1311232
2034304
2133632
2829760
3523456
4799808
9692032
3353472
3316416
2229312
2835712
4284352
1317952
2436736
3010496
7087680
3189504
1760192
3484672
4031296
1449472
2023168
2000448
2943680
2200192
4122112
2324288
1245504
2382400
1912832
4016192
3212224
1649984
11873536
2523264
3166016
4546880
2000192
15437312
1776128
5842368
2103360
2972992
1693760
2612992
1224192
1279168
5055488
5780928
1187840
2244800
1722240
3590528
5021440
2378944
1871040
8161408
1576896
3684352
1288576
1710848
1851264
1187520
4179392
2149120
3518976
1394752
1833024
9585856
1586560
5157568
1643456
1610560
3775616
1186496
2205440
4710144
4285632
1714688
2066240
3937344
3007616
1565696
3694464
1384256
1717888
5445184
1447168
3526784
3225280
3240000
5189824
1851584
1800512
2279104
4959808
4153408
1879296
3465984
1397248
1672192
1332736
2400192
2779200
2226368
2862592
2224832
3981824
4529536
1399488
4015872
2019200
1613760
3203008
2258048
1316032
2392640
9131392
4554496
3047040
2942208
1756864
3809984
1777408
2276160
3787264
1733120
1640384
1732288
2241408
3311808
2263104
5458112
1481792
2068352
1552448
1304192
3464320
6726656
1832640
3027328
2284032
3949888
7314432
18991936
1565696
2182080
3040576
1062976
4732480
2721408
2303872
3476416
3721280
1996672
1311616
3588864
1353216
2967680
2548672
1799680
2752640
2048704
2002368
3474112
1787264
2310848
1335360
1437696
1528448
2525888
1651840
1301440
7487680
2017600
3509504
2707840
1439808
1847168
3098624
1428992
1323584
5053760
2662080
4194752
3605504
2188480
2074368
3271168
1787456
2062144
1555648
3094848
1113280
6277184
1950016
1423808
7658432
3627072
1959616
1020480
7116608
3835904
24295168
7329024
1595776
2497664
1030016
2640256
7239808
2689216
2708480
4308672
10720064
6001024
1978560
1949504
2051840
2702720
1248512
2459072
10027520
6752320
23804480
1255744
1814464
11800704
3740992
1775936
2266112
1523840
2349888
1446016
5201408
5159296
2721088
1573312
1956352
1848192
4937728
4582208
3328832
1014912
2170176
3221312
3752192
1475136
2809792
9114944
1449344
4405440
1381760
4133056
1364800
15665088
1383232
14123200
2172096
1630976
7853376
1488192
1632896
2448576
2141760
1526336
9068736
1414336
2097728
2251584
3465792
5256576
3153088
2064832
2374656
2586624
2321728
7880640
1167296
3972352
2571712
1856896
2126912
3683968
10928768
2954112
3883520
2322880
2283840
1648064
1742848
1859840
4039104
2731392
6164928
7193792
2326976
2632384
1424192
3369344
2026240
14366720
2371456
1384704
1803520
10204032
3024768
1774144
3130752
1336128
4040320
1364992
1893248
5533440
2446336
2048512
1629056
6039680
4272000
3280512
1672256
3985792
4150208
2303104
1489344
1151616
3378304
1708032
1936640
2167936
1564928
6292416
3730688
2054976
3190144
954048
1662784
2184256
4062144
1123264
1890944
3521152
3758848
1509056
1295232
1460992
2407808
2042432
4004928
1896576
8104256
1442624
2730112
3613248
2214784
1811648
2755136
1262656
1873664
2264960
1488640
1603648
6817856
1655552
2953408
3882176
8016128
2980608
1734272
5100800
2906048
999232
2244224
3816704
1819136
2400896
1327488
1532160
2377088
1673152
3137728
1872128
1621056
2672832
1944896
1931840
3867968
1476416
2636032
5947712
6030528
1316608
2221632
3952384
4318464
1082240
2648768
2667328
1497152
2843648
2544576
8193600
3978624
2484608
4350400
1427136
1174080
3301184
3701760
1246528
1929856
4865408
1981568
1629248
1779008
1510272
3096192
5139008
1535936
5469696
3158592
6661376
2038976
3428352
1729088
8679232
2829440
2792448
1849536
5693696
5683456
1916352
2097792
1747264
7150016
2842816
2605952
5163904
11480640
1365504
2515456
3532928
2421056
1399936
1915840
1885184
3377152
7726784
1710528
2545408
1509696
3508480
15637312
1013952
2575936
4179392
1032384
5598080
1328384
4389120
4317056
1942464
2149248
2973440
1513344
3491456
2738752
6180032
2356288
1317952
25850432
2052160
3281472
2246400
1499264
2083328
2531584
13719936
6152384
2249856
4691648
1219328
3895232
3417664
1480960
2382912
2486272
4232448
27666176
2406720
1919424
1795456
1815104
1262336
11249920
1233792
3322944
1408832
1386752
1330880
1845824
1873088
1461056
1641728
14769024
2389120
2668672
1691840
2541504
1783808
6051712
2118080
1960448
1235648
1424768
9182976
1731200
2265536
2804544
3264128
1246592
1697152
5087744
1142528
2164544
1592000
5056192
2460864
1320832
3094592
1419584
2534464
1520128
6743872
3246592
1915520
2212800
2175104
7218624
6337536
1519104
2432192
8345792
1136000
2301888
6372032
1483712
1701824
1315712
2574144
3142208
2187264
3292928
1690304
2136832
2763072
1381440
2145152
2142912
4383808
2524288
3617024
2131584
2078784
12165440
2128576
1153024
1480896
2805696
3371008
1336192
2476864
1495296
2145984
2306752
2160960
4412544
2178816
2899584
1127360
4878784
4595840
1241536
2507840
1743616
5035904
1763584
1293440
3398976
2332032
1898176
2373440
1425792
1747200
9421952
1836992
6889728
2027392
2122496
2193664
1357184
1333568
2460608
4845120
6658176
1058176
2633344
1159104
2890304
4058944
2651904
16221440
2737408
3413760
5128704
2117056
14161536
3395520
2635456
1752576
3382976
1762304
2953216
3392256
3918336
2590656
3471552
2772288
2926208
8846272
1943936
2862784
1990208
2499392
19920960
1561792
2950976
1955840
2694400
2430336
4600704
1585600
1556160
6182080
3119936
1875840
1332032
1336640
2783104
2249664
1812224
2688384
1973184
3035648
3575808
1747840
2291264
1556608
1969856
1930880
1415168
4374272
3429504
1508224
1035520
3174656
11828416
1548928
4842496
1450176
1477184
3263616
1016704
2247744
13892544
1261888
2448192
2163840
1310784
2319296
3082048
2189376
2107264
2774528
5029440
3430656
5261824
2033728
1268736
3394880
1973184
1103296
1380416
3255104
6723392
1937984
1277824
3854528
1656512
1731008
1899648
2114944
1388416
1382464
1956992
4220672
4912640
2898496
2246400
2095744
2977600
2852864
5213824
1798976
5142016
2721088
3163136
798656
2695808
4837120
1617920
1933440
2425536
2382208
1659520
1016384
5397312
4040640
4543680
1672192
2175168
3976320
4482880
6038720
1201536
2400832
4630592
6559936
1734912
9800064
1253312
2284864
4358080
1615424
2326080
1753344
3462144
5840576
1164224
2070976
14255680
4068864
4705344
5962688
1959680
1704896
2399040
1482496
8980288
2727744
2514880
9844160
1793984
1653568
2563136
1600128
2339264
12146560
2395200
1490432
2231424
2973824
1388672
6567424
1449024
4034048
4974464
1112768
2787968
1085760
2766784
1444544
1831936
2580160
2793408
1589696
3819136
1257344
2775616
1978432
1421952
2111936
2371904
1429120
4386624
3494016
3673472
2532864
1249216
2148416
1188096
1461440
2730624
2480000
3913536
4399872
6391552
3332160
7501056
1913664
3999232
3282688
4583040
3102208
2166400
2037248
9927168
2319104
2342272
3385216
2335872
2434944
1202304
3034816
1555072
3054208
1690112
2199552
5385984
1654720
2049408
4410944
2920512
1970688
992000
1115648
6904128
4083392
1443520
3707712
2379584
1416704
2325760
12683840
1890624
1436224
3053888
1094976
4018944
1534144
2531712
8892736
21810560
2002688
1638848
2668864
5118144
2137664
33366784
1714304
3582848
3686208
4991872
1058112
1830272
2687040
2725632
3252992
1353216
1857088
11737088
2365440
2809856
3703680
2211072
2721536
10990336
3892736
1061248
1969984
3458112
1503296
2458880
4314816
2026304
1602496
4376192
1644416
5419904
1825536
1530048
2243584
1575552
1560256
2499968
3324736
2166272
1134720
2986432
1693888
3200192
4605568
2810432
1304896
8496064
1709184
3717760
2396864
1373312
3422144
4556992
1630400
2979904
2492224
1570560
3047040
1503744
2021504
3517120
9823296
1879296
2131520
1356672
9578688
2027200
4544832
1697664
1641408
2813888
2491520
1816896
2268288
1631232
1973248
2920000
1984448
1291072
3267136
2661120
4369088
1756608
1076800
2793216
1386176
5244416
2032064
1616576
4595904
1349376
2535232
2716416
6322816
2802240
7020032
2808448
2282560
4094208
1618624
3713024
1649408
3177344
4107520
7223680
1411712
1165952
1906880
7207424
5001664
4371648
2421056
4222464
1313280
14507456
1604864
1423552
26659456
3965760
2361088
1998208
1506624
1754752
1945024
1118080
3340096
4512704
1279616
1811200
927680
6996928
2018816
1496768
2298880
1824704
5266304
2537600
1235904
10153344
1217664
4711680
5759040
5409920
2411584
3701824
2571840
1586304
1638336
1659008
1996992
5926528
2670208
6016448
1416768
5710208
3210304
1981120
2042880
9487744
2018112
2334208
1712576
4643712
1434944
12569536
3220416
2800896
1950784
1967488
3056000
2086208
2140480
1777152
7508672
4761984
1748800
1441024
18058112
2099584
7388352
1674944
4732992
1246400
4379136
1468928
5112576
2159424
2225024
2634048
1067200
1884608
1488768
2188736
2505472
2840832
1531648
1967872
2271872
2450944
2254080
1437696
4647552
2740224
3265216
9654720
4556544
1568576
2936192
1368640
4410688
1456192
2472640
2422720
2119040
3272320
1287360
2026496
4741120
2971200
7194368
1839232
1357056
2820864
1278912
2869184
1843648
3016256
4857280
1364288
2712960
4108352
2626624
1827136
1498496
2099648
8743296
3795520
1547520
2389696
1389568
1772352
1485120
2533184
2135936
3213696
7449024
1760960
7244224
3198016
2700352
1186816
6887680
1921728
1490176
2037504
2126784
3272896
1643456
1571456
2788288
1804736
1792256
2528768
1955328
13079616
7164608
6318464
3592320
6411712
12455296
1452672
4948800
3391296
1407488
4588544
1245440
2160832
2197824
1943424
2139840
3484992
1179392
5328192
1449408
3155456
2511104
4804288
2017728
2473472
2532800
12209664
2693248
1065600
9323904
2983680
2237184
2172992
2416256
4096384
4498432
1260352
3919360
3971840
11693056
2661312
7721856
1462656
1241664
4790400
10980416
9373056
2920896
3261120
3163456
1940416
1993984
2221376
5597696
8602496
1341056
1439936
2663232
14618816
6736832
1057152
3012096
5795328
4299328
1451072
1636224
1538048
1322560
3451200
2541056
1605056
1134848
1944448
2022912
4516800
2425280
3815616
4873728
7354240
3040320
2649856
1471104
2354112
3300224
1813504
17580352
15648320
2601280
4787904
1380800
1571392
3353216
1251712
3569088
1513984
1189056
1690880
3841344
1976768
6070400
2185792
2731008
2073472
3016320
2163840
1695424
2287040
1743104
4211968
3317568
2774464
3460672
4017344
2293504
6974592
6012864
7159872
1635904
2965568
1535808
1703104
1110848
2682688
2795648
2000192
9821120
1760192
2317184
1946048
4648512
1575936
10052672
2641280
10441856
1066880
1914432
1331072
2011264
6448768
1732992
4396352
14905920
2233408
1360576
2042112
3869056
1290112
2369600
1596352
3264576
3096128
2260416
1653248
4004224
5787520
2671872
1810496
4198208
3658432
1557312
10303552
1425664
2249792
2361088
2041216
2010560
6432704
1753472
1156352
2256064
5876800
1628992
4104576
1995840
2436800
3386048
2242944
3355968
5354752
2367104
2226368
11268032
1892032
3081600
1768192
1458304
2723968
1651840
1172736
3763968
2436672
1470784
2569792
7580416
2387776
2850368
1857088
2306112
4398720
3316800
2348864
2201536
10210176
1808448
1224512
2272320
1906240
2797120
4190528
3903616
4114816
1695360
3300992
2207680
1516032
2573056
1966016
1456320
2775744
2447680
2363264
2752384
18350144
1939328
3287616
2565824
2467072
1906624
3216640
3217856
2213696
14061248
2723008
2599552
2278528
9245568
3082112
1723776
2688960
1878336
1313216
2816384
12265600
2753280
4329024
1313856
2248192
3435584
1819840
2054080
4731200
1587456
1580672
2150848
5108224
1318144
2088768
2753728
8339904
2101312
1374592
2258560
1714112
1471232
2249728
12698688
2234368
2353600
10170368
5840768
1001088
1248000
3814592
1136448
2174272
2486848
1449728
1750976
7530816
4383104
4568448
1279424
2404352
3339968
2675072
1371008
8001536
2630400
3164096
2102976
1681664
2822400
1629312
7424000
2454592
2131072
2491008
2139072
9990080
1828224
1908608
8130432
1100608
1725056
2575168
1979904
1344832
2351872
3536512
2478272
1505152
4873408
1909248
3385280
4468224
1739584
1804928
1394240
2965632
3904128
4546816
3497280
3296832
1505216
2031168
2460672
1452096
1639040
2547520
2403264
1811264
5409280
1277632
1695296
10850496
1890560
3994432
6236608
4900992
4540928
1111040
2087936
2283264
3806656
3968704
1831744
3248512
1045376
1622784
1997120
3562816
6663360
2546624
2355712
3279040
2527616
1860928
3619712
2306752
1853248
2273088
3769280
1733952
2003008
2498560
6212480
1534336
11409728
2822976
3026624
1722368
2789376
1247040
2175424
1817216
3425408
1359872
2054592
2193728
3229120
1199936
1787904
4333888
4144384
6870656
2187008
6171712
2830080
1396224
6576320
1015872
6293184
1783808
3216128
2348352
3023488
2653568
1342464
6169984
2238400
5885632
1256192
1790016
1540800
3251264
3353984
2865792
1677952
2356096
11689280
1115328
1552064
2564224
5800256
3252224
2708992
1376256
2929088
2203904
2447360
1208128
2491776
5668544
2725888
1865536
2646720
7031040
17617472
928832
1641280
3495104
5440064
2734016
1262848
1482560
1977088
2155392
4106176
2006400
5281920
2359872
2377344
2940480
2741184
1806016
3592640
1453440
5280704
2381120
3537024
1564672
1572480
12380416
1806144
7245184
1356096
3964736
2553664
9651136
5543936
4725568
1660096
1919168
6263872
1814976
2431744
1309696
3063616
3380224
973888
3865984
8876992
2220096
1995776
1927872
6439168
1557504
2778688
1734656
5867648
1207808
5417152
3571264
7620416
1195520
1955648
2144960
2077824
1504064
6049216
1360320
1833344
10363520
1682560
3209920
2368384
4524032
3682176
3534784
1909888
3335552
2078976
2928000
10653248
4298560
4137664
1787200
2488384
2281344
1746624
2603840
1281792
4040512
5198592
1658304
1814528
2157184
5157376
1331520
1369088
9753408
1120768
1892352
2539648
1288960
3350720
1965248
2580224
2211328
1312448
4866688
1373888
5380096
1181888
4318784
7229696
3411648
17170496
1337280
1847232
3171968
1359936
4662208
2954624
2361664
14387776
7058816
1531584
1700992
1803712
2380928
2682176
1079424
2040576
3166784
2517248
1767488
2016448
1666176
2574976
1209024
1626496
5831744
3476928
8180672
2050688
2071040
4713344
1564288
1617920
4236032
1933120
3130240
1375936
1893632
6846528
1826944
1948480
2454208
7744128
2307136
1212416
9989760
1539840
2896704
5704320
3557760
1373696
2122496
999424
2535488
2720960
1460800
2067008
2184576
3327744
2568000
2063744
1779264
5167680
2438976
1815808
1444800
3376832
2073536
6546176
1438080
6996672
2601216
2470208
3355904
1932608
1445248
1222720
1879680
1404480
3581632
2176960
1546240
2828480
3020736
6011008
1351680
6096640
2189504
1930304
8963456
2660800
1488832
1222272
5109376
3319360
1974784
2917888
2441408
2229056
4614912
1309696
1766208
1322176
3028224
3587712
1691328
1784640
3055232
5362560
4341568
1035776
2570048
1550720
3662080
1146112
1940288
2419328
2936832
1317888
2079104
1559552
2250752
1518592
1767808
3660288
4448448
6858112
2299264
1540352
1209088
6093568
1232000
10248448
1754816
2800960
1526912
2059968
1894784
2850304
2180096
4612096
2251328
1588352
1568000
2260480
1467712
2700928
2388288
1977984
2780416
2271616
1801280
2054080
2694272
1195584
3413504
3371648
2301184
11760832
1367872
3082944
2225600
2034688
4044288
1798144
2198656
3807936
2466112
1384256
2001280
2737984
1870016
1507072
1696000
7746304
7271232
1170880
3903104
1266240
3862016
2169728
3254336
1292480
1427328
2028928
2306496
1287616
5078400
1275712
1716224
1996736
2448640
1260928
1518784
2180416
1820736
2900224
2009280
3327488
12511872
2155776
2272768
1475584
2011584
10513920
5960320
1539968
20691264
8001344
2424000
1210688
2554176
3939456
1889472
2203328
2186624
3229504
10517056
1915904
9236032
5744704
6219968
2096768
4947392
11513600
1218048
1769408
1359040
2582528
4812992
9577536
2031808
4025536
4142336
1852864
1821248
2181376
3726272
2397376
13297280
2037248
1375040
5786176
1905792
1876800
4240256
1632896
14446976
1726336
1944256
2551424
2936064
1756672
2785088
1520960
2508608
5585344
1293120
1677440
2387392
11298240
2057152
4037952
4755712
7303040
2741568
1380608
2708480
2027904
3484928
1308928
2757952
2281216
1127680
2468160
4343616
20275136
1187392
1534144
1588352
2940672
1650496
2230784
1759936
5165504
3576192
3089216
1114176
5647744
1714112
3230208
2483840
4062528
1364608
8745472
1917312
1717504
3328832
1191296
2798272
2076864
3265088
6402240
6969792
2644672
2990912
2614272
2258176
2096768
1594368
3021184
3256128
1585984
2204800
3208640
2059584
5432768
3291392
4644544
24176000
1895104
4609344
1774592
2632448
1583808
4812352
10038144
1755904
9923200
11095552
3913728
2342976
2039296
1635712
2283584
3325760
4229120
1366464
4308480
3560128
1596224
3712960
817856
4003712
2170816
2174656
2722240
1433344
1528640
1801088
1345024
7752960
6881856
3529664
4079424
2743104
2494016
3795072
1950912
5284736
1855616
1999488
3449408
3504000
1616000
33188864
3976896
2584832
3458944
2103040
2728960
1188672
1828352
3038592
2594688
2346176
12940928
17403008
3193152
2611904
1168960
1864192
3698048
977792
1547392
6755264
1164416
4023744
17679680
1498624
2026240
1766336
1335232
2210112
3565632
1379072
2045952
3257408
4084992
2004544
1638464
2468672
1994112
1591872
2001536
2228928
5956608
3874624
9776192
1911872
3409472
1310016
2246528
2057728
2187072
2525120
2954624
2108992
3096256
1560000
3518912
2274432
2367680
2733952
2119360
4215744
1843520
7184128
1503168
2406848
2166336
1905280
2021184
8222016
3313280
1633856
2381056
11408704
4776128
1181824
1369024
4002048
8922240
1693952
2999360
3810752
2809088
2206208
4146432
1755584
17777664
2405952
1736256
1591616
5035200
1933184
5236288
1709440
13618432
2230272
5350912
2231680
2635584
4415552
1133056
2549696
1995648
1350784
3025920
2608512
10519744
1969408
1560896
2370816
1495680
1950656
4599168
1962240
1942720
1940288
3026368
6357120
8678016
2152576
4596352
2788672
2434944
1565184
3311168
2941696
4075968
3108032
5085184
1323904
4484928
2975936
2518016
3880960
1126784
2149312
8572672
1122304
1739264
1124992
2166720
4846400
1424128
1478720
5443648
7924160
2152384
2136512
2481664
2780736
1427520
3596096
4934336
1263232
2353408
5281856
1907072
3057984
1140736
1771648
2337664
1766976
1914688
4027456
4252352
2053632
2170944
1162688
2726016
3175040
1414464
1143040
1888256
2726208
1636544
5816704
1253696
2468224
4167424
2266112
3203264
2002432
2022528
3800896
1953216
6737664
1171520
1652608
2837632
5864640
1904320
2795200
3217024
1058816
2210240
1690688
9920320
2268608
2793024
1628224
2977792
1815424
1993024
1675776
3944576
2779648
1540544
4707072
1455680
2020224
2210496
2516096
2843968
12822016
4440576
6111552
2083648
2217280
1610176
2807936
2289792
2862912
7235520
1641792
6995840
1385088
1384256
2703616
6364992
1828416
6918656
3107776
2140928
1692800
1316800
4399424
1729024
1859648
4536192
2460736
1539840
2255744
1125760
4687808
9293504
13659584
1780800
1318720
4030912
1603200
2470848
1596736
1709888
1835200
13654528
1695360
2275648
4969600
2036096
3453824
4317632
3231424
1213952
2020352
2406656
3810816
2348736
4437184
2920896
2891776
2056128
2153728
2382208
5233088
1852160
5327296
2869504
2415040
1838144
3685632
5943488
1883456
3212160
2604608
3455360
2661824
3705984
998848
2115200
2888768
2028608
1418048
9554304
3213440
1215680
3424256
3852160
2908864
1525504
1895936
2913088
1904832
1536320
1753600
1682496
1820352
2435840
2440960
4859776
3892032
1897536
1557824
4058752
2188352
2811456
867840
8648384
1402240
4787008
1170432
1661888
1786944
1664256
1952256
4365760
2091520
1534720
2462080
2076160
1371520
2063360
2519872
1681152
2610112
3887296
2493824
2083712
1335808
6833664
2294656
3465152
1727360
1663808
1205184
5816640
1182976
6264064
1290432
1779392
9684864
1102656
2615424
4324288
2690624
3514112
3577664
1213568
2101888
2665344
6140096
3169728
1758144
3264192
1802944
2173184
3378624
2856000
2139712
12114176
1764224
1477632
15037056
2470976
1193216
2625664
4093568
3633664
6557376
1450688
2542528
1948544
2436928
1387456
6556864
2463744
2454656
1456512
2042304
4001728
3684480
2859520
4524992
1677440
8731904
2968576
2295808
1464192
6690880
1740096
2236736
2427904
3140288
1292864
2282816
4039872
4538752
5392128
11924864
1388928
1866688
3016640
1516672
2847936
5295680
1601344
1935296
6763456
1939456
3861952
2057728
2230912
1182400
2099584
1451200
1264576
3882176
2770048
2945472
1904832
3081024
3546048
1501312
3608384
17444032
2259136
11550592
15152320
1416832
1358336
2518848
1857408
3135168
1285952
3140864
2166336
1168640
1435392
2299904
1778880
3490688
5763968
1028416
2396352
3197184
2988864
1263808
3391872
1881280
1390656
1882496
1729984
3449984
2504448
5529792
3117184
6713280
2831168
3115200
8486208
2515456
2544000
19826304
6736128
973504
1956032
2052416
2047232
1044544
1909696
2310336
3817408
7503360
1483968
2265984
2679232
1310272
2174464
2737088
5325824
1353088
1670016
3649024
2228480
2805056
1508096
1909952
2406784
2299776
1506176
2845248
1822272
2071040
2399808
3490688
3109824
8905728
1757952
2539392
2019392
3908544
10758272
3159552
1576576
1585024
2899200
2158272
3058048
1953344
2444672
6008768
2020864
1602112
2234048
1564288
2052096
4810624
11726336
5494528
1430464
1972736
9232448
2103040
2481472
3406592
3356096
1751808
6666048
3873216
3397632
2722624
5179904
1522880
1899584
1220672
1782592
4746944
1798208
4365120
6450368
2541376
1488064
1984384
1556736
9471616
1996608
1594112
2646016
4758080
3126720
1359616
7539136
17263872
1323264
2641728
4112384
2029248
1839808
6333568
2955648
1965760
2165312
1830528
2376512
4293760
1804352
1510144
5679040
2233984
4120000
1605120
1626496
2116224
2247616
11702016
5069632
10394752
8611904
2914496
2262848
3074624
1726336
1227456
2709632
2250688
3572224
1771008
1510208
1575296
2235520
2327808
3796800
1784832
1700480
4567872
1836096
1335360
1508544
1902144
3918528
3190080
2359680
1592768
2670784
1483264
4392768
1584896
2975104
4994880
5286784
2155456
1438208
2750400
1664640
1398592
2129280
3345024
2054400
3171392
2496640
3034880
1411712
1868480
3833856
5070912
1274944
5330240
9419840
2626752
2435520
1773248
3194944
3063872
3158400
5204224
1681920
2553536
3152384
3325376
4464768
2674240
53087680
3550400
2661056
2252480
1148224
5354432
1643840
1173632
2420672
3501504
3588928
3109632
1563968
4070528
6084224
1272064
1638464
4285952
1601408
1987392
2783488
2535616
1668992
4349760
2576384
3234944
1085376
9085504
1044928
7316800
2593856
1999488
2267968
2744128
1937920
3044224
1950208
1952960
1962048
1475712
1188864
4267072
3456192
1698880
1192512
2902528
7274880
2085248
5323840
5246976
3310720
2125760
1654912
2064384
2988608
2649536
1890560
1184448
2565312
2490368
2451328
2112384
3653952
4149248
3749248
1772736
1714432
1147648
14854336
2483840
1312768
2439680
2457024
2640832
1821120
1758720
16029248
3190464
855616
3002368
2368576
2209152
1590976
2673536
5362944
1467904
1868736
2988608
7044544
2636032
1668672
2441280
1649536
1680448
4156928
3744384
1814976
1841408
2716032
8194432
2552704
8240832
14239424
2665408
2329600
20360448
2751424
4503040
3741632
1636800
10016576
1261888
4611456
1256512
2131264
2304256
1845696
4018688
2927232
2708416
2449792
4258176
1493504
2483520
4806656
2624448
3618432
1929920
3079552
2461824
3911744
2024640
1411584
3026048
3657536
3289024
2970112
3062144
1159616
3998592
9217600
1132288
2178048
1560960
2017152
13500224
2660800
3441792
2926208
3750400
1993920
2029120
1581376
2707520
4342400
13212032
1292032
1332224
2010944
2095104
5851072
2277056
2762688
1368192
4297216
2324864
4194880
1272000
4459264
1143872
3806912
3184512
1929792
1776960
6135872
1013184
4382464
2760576
2696576
5142976
2397376
1416448
2545856
2327552
2419712
2517312
2149440
1679616
3459136
3686784
2102720
2327296
1192896
1534464
5040512
8861248
3735424
1328192
5515648
1499136
5311936
17848128
2450048
2460608
5839296
5335680
2800832
1507584
1773504
4707904
1762880
2460544
2050944
3003392
2562176
1756224
3097792
7923904
2686656
11876672
9533184
1311104
3801152
2518720
1711360
1362048
1740544
3287680
1434880
3317952
2337728
1381312
21042304
5112000
4823744
1529344
1246848
2777408
2320256
6087680
5449920
6601280
2195584
1787776
1912000
1839040
1515072
2088960
4232448
2480064
985792
2314816
1650880
3227776
2447360
3151040
2288512
1995136
2245696
1911936
2016960
5988992
2245504
3763584
3472320
2012032
2449664
2644224
1507904
2308288
2453760
4235328
2004736
16569408
2375488
1797632
2242496
3124032
2742208
1015232
1874048
7049792
1615808
2365312
2452224
4087680
3541120
2493120
2115072
2922752
1853504
11720000
6747008
2258496
12881344
2025408
1788224
1504704
2792256
1446592
6774272
2363328
2418880
1945408
1949760
1414720
1860352
4805312
1683264
3374528
1364608
2671488
4048896
1312896
1737280
1540800
1455488
2043072
4164864
1545216
2907008
1779008
2844544
1397312
1695168
3966336
3272320
1135872
1920640
5268672
1341696
1523840
4378560
1875136
2163008
1709952
1099200
6415232
2563264
1184832
1876608
5705920
4423488
3463424
1534144
1010496
2235264
1197952
1718912
4179584
1514176
6182208
4647680
1580288
7573696
1283392
9211200
1676032
1611072
2406528
5270528
1822720
7332480
1884224
2158976
1304384
3640448
6534464
2680000
2089088
1365376
1932416
3351552
3307008
4024064
2403584
2172992
4547968
2880448
1185920
13326656
2638336
1367424
2692928
1444800
3217856
1823872
2925248
3569664
3657024
1475456
2786176
3434624
2905984
2462144
2474816
1790272
4063296
7483008
2888832
2291648
3040000
5502080
2411072
1507392
2182784
1203712
3787776
2376064
3318848
1936768
2831168
4868928
2291008
1428992
4283648
5602752
8900480
4181632
1108096
2961920
2702336
2901632
2527616
1898304
2809984
1506368
1934720
7829824
3006080
14891392
5522432
2004992
1364416
1804992
2429504
4847808
6283008
1535104
4559808
1764160
6822464
2027712
1528896
2330944
1750912
1566464
1839936
2379968
1646080
2059456
2264192
12711872
2612224
1541248
2060800
23027904
1542080
1337280
2085760
2418048
18402176
1245248
3091648
11760192
1592704
3694528
1977088
3301760
2373824
3312704
1285248
5530624
2029504
2188032
2120384
1436416
3774656
1867584
975552
2458496
17670464
970816
2102336
1808192
5224064
3403264
1462144
2604160
4002176
5890176
2465344
2248320
1612032
3304832
9374784
1387904
1970112
2129216
1212096
3975104
10096704
1208000
3090304
2485504
5090688
1354176
4497792
2388480
5051392
2957056
1199360
4760256
2290752
1331776
5241536
2472320
3143808
1187584
3915392
7677952
2319104
1532672
1675008
1934272
2222144
2104576
2570816
3505216
2629760
2209728
2217344
5745088
3472768
5735360
5716800
3181760
2942976
1386560
2611520
2026496
2480704
1936128
3437248
16305536
2365952
1609216
1891904
2821056
1959040
4596544
2388736
7444032
2376832
2517056
10476928
4334080
2380736
1548416
2398528
1749440
9567872
2989248
5794432
3810496
4221568
5764672
1457472
3169280
1802496
3165376
3006720
2096064
12294336
2441600
1519040
2380160
5023936
2396480
1222144
8724544
1489024
2166080
3862720
1502912
4611456
1201536
1635328
4056384
2897536
3564928
8577024
5457344
1067968
1694208
2446784
1890112
1457600
3138752
1872448
4630272
1186880
4014336
1955136
2451712
1856640
1642944
2370304
2385152
3693952
2908544
2153024
1634816
2585536
2201344
4319168
1855872
1223936
1731968
3069632
984064
3156736
1531200
3054720
1930112
3010432
3346816
8358784
1572864
3126016
2467264
2624512
1302976
7053696
1571968
3025088
3788608
3357952
1455104
5607232
1746112
2187968
2354240
13358208
1805312
2445376
16738176
1561152
1460992
3276288
3188032
1195776
1205888
4308480
1567104
10302336
2728448
1046144
3631808
3050944
1299200
1942848
1776320
2195712
2000960
3767488
3091968
5329408
1298624
7150912
3096448
5353920
1234496
3424512
7248576
1287872
1349440
1948992
3493184
3481920
2162048
1866816
2658304
10510144
1171392
1905920
1248704
1260096
1826880
4019072
1722560
2006336
2930944
1531328
1741760
6286400
1486400
1420032
4775104
1163072
8493120
9428224
1522112
1690560
1471872
2861760
2064704
2296256
3790784
8207616
4899968
3918144
1663104
3674368
3945728
1504256
2872832
2434560
1442432
4848320
1268096
5203328
2867968
2125632
13693056
2021824
3636032
3723264
1521088
3630336
1615872
2027648
1850880
1944576
1152192
2276032
1476160
2139072
5299200
1300352
2021952
8648512
1740032
1793088
2212416
4088064
1598592
1499968
2715264
5438976
1260096
5251904
3117376
1359616
1915328
2796096
2594496
9294400
5535168
1348736
2126464
5410688
1617472
998656
2195776
6128640
2459328
1627904
4262720
6908352
2990464
1122880
1389568
2875264
1630336
6545088
1869568
1644928
3706304
1825472
2826688
4284160
1874432
2523904
4264192
3117312
3439616
2013056
2656064
2426496
1153984
2562752
4016704
2808000
1385088
1251200
2391488
4422080
2407616
8208256
3790080
4770688
1042624
3338432
1758720
3268160
1350336
2333184
3451392
3704064
2971328
4371776
22834176
994496
4313664
1800192
1310272
1219392
3060416
2151552
2096576
2068288
3413440
1695360
16765504
3101824
6218560
1504000
1204864
8263104
1681792
1455872
2626496
2501888
3449856
2115264
1348480
1853184
3760448
2603712
2796800
4055872
4864064
3540096
1314752
2782464
947264
2306688
1959168
1495360
2905920
1393856
1403264
8659072
6979456
1823360
2753152
1128960
1450496
2815360
1411200
1279872
2224960
3445696
3576960
3941632
1871936
4091200
6554304
2823680
2528832
11011136
1664512
1566208
8859392
3442496
2210944
1768512
4222976
2291072
1952128
2360320
1633152
1529280
1395264
4951680
3658048
5304192
5397568
1980224
2054080
2067328
1859648
2492800
3100864
4229248
2329600
3412864
1732096
1615232
6464384
1863616
1929664
1976832
1246208
8803520
2041536
4981568
2436352
3563584
1770432
3054592
1133056
1557440
2991360
6841472
1796224
2278464
16827520
4518912
1493568
2871296
1764800
2470336
2551744
1105024
3974464
3034816
2179968
1297152
2538816
1814976
2056896
4532736
4658048
1617216
1556480
2376960
3291968
3899968
3980032
1385664
1885120
13956352
2172224
2873216
2017664
3243712
9107776
5865216
1550208
2545856
6676352
1586816
1723520
1962048
1601408
1491648
4755776
2240448
2704704
2351104
1852544
4067968
1969728
1018688
2202432
5185792
3430848
2337728
2004416
1508288
2151872
1120640
1416320
6703488
2617728
7747840
4104384
1655104
1752768
2246080
11894976
2614464
1144320
4313088
3774208
1947200
3223616
2596096
7798592
27391232
1521280
1350208
3424704
1859328
1399296
3211968
10115840
3228480
2050432
2427712
1954944
1419904
2884352
4526400
1536448
3312640
2522880
1766528
2420480
3162560
1452032
2449280
2919744
4268096
2080320
6042240
9628928
5723072
1568576
7379904
2030400
1393472
2143552
1042624
3053952
2525760
2521280
6453504
7783744
1180352
2433088
1455040
4036928
3865472
2499904
4173952
9484160
1420480
1175104
1852608
2493440
1590784
2109568
3997824
3890752
1908928
1828224
6823232
1107520
2163712
2242752
1326976
2565440
5361088
1764736
9645120
1711168
3253440
1753216
3250560
3086848
1183168
1970368
2931648
6897216
3902336
1582336
1828544
7871488
11626816
2323584
2446400
6567360
4791360
2380800
1164288
6125248
7089664
2194112
4556288
1676992
2167488
2673856
1733312
1863936
4340608
2318272
3575872
5915584
1978752
1721664
2867456
2340352
2604416
4639104
2378752
3921984
1573376
1126272
3222272
3417536
885120
9169216
7312000
1911744
5211072
1312192
4121152
3308416
2022592
1670784
1951936
3857216
2377408
2610304
4416960
1587392
2176384
2302464
2243392
3966208
2093120
2197376
2684800
5068928
3653120
1142592
1640640
2150336
1757952
2415616
1840832
3953344
1762880
1490560
2595328
3093568
1772544
1664896
1978176
1364672
4473984
2232448
2853056
1748352
1395968
3710912
2953088
7534592
2971904
1525312
1179264
2578688
2499008
894720
1558912
2840384
3364608
8258240
1054400
5819072
1615616
1678592
3349312
4228800
1555264
1880384
3284736
1888192
1588928
3944896
2406912
3759040
4118784
2651904
940544
4475968
2436608
4972864
5720576
9554176
2059776
2217024
1981568
4013184
3966144
1171200
5601728
2956096
4837312
1485248
1702016
6657920
978624
2577472
1630080
1461504
2697152
2168064
3264256
2927936
2541312
1847808
1209088
2377280
1621696
2673088
1724672
2338880
2025024
3791360
1727040
10161600
2916224
5637824
3142656
1067072
1604672
2926336
1327360
28425536
1453056
2720448
1464640
1954816
1594368
4711360
9546816
3231168
2000192
1397888
2666240
3484480
5158848
1339264
2891008
1779840
1473152
4994624
1384960
1616448
7050688
2202688
2805568
3011840
4475008
2453952
26804160
2334464
3009024
2612992
1341440
2202496
2837696
1771968
1783296
6064064
3983680
2145600
1723776
3212032
2218240
1491648
8161472
1404672
1854080
3836608
4225664
19168000
1902144
3234304
2294912
3043712
2065216
4786240
4124928
2293760
3161024
2748928
1529792
9768832
2497408
2283776
1904000
2482688
5080064
1991488
1671808
1197568
4912448
1652224
1763456
4609920
1710528
3640960
14676480
1952960
1223744
1561792
2637760
1537088
5547008
1638464
2609664
3309184
1054720
3746176
1955648
3835264
1854144
4369280
1888448
2003392
9185344
1653312
4918720
8191232
2580032
3040960
3694336
1995328
1405760
1636224
1873152
3246144
1363456
3698560
6447232
1337856
1571136
5496384
2582528
6369600
5087296
4254080
3216704
2022336
3000896
2373952
2144512
3944960
1419584
1898560
2023552
1566528
2644864
3930176
2040704
1530240
2943616
2665024
3010048
2033920
3720896
1960384
1352896
2009088
4610304
1694272
5987712
2575360
5416832
3287040
2885824
1408832
1805120
4306496
1560960
2077440
1872640
1171968
3327808
2424000
1063168
2964608
1902144
4252480
2837568
4263360
4360128
1305600
1412992
1720832
2186048
3348416
3465344
1171584
2736640
3131264
919616
4276288
14961216
2312000
1152000
1568896
4397696
1503936
2653696
2687232
4065088
4296768
3151104
1783168
1792320
1359872
2357760
5625088
1321984
3020416
929280
12441024
4081088
1518272
1918976
4795840
1850496
3643328
2024384
2543808
1499008
1759744
1556608
13486848
2536192
2040256
1780160
1716544
1984000
2081408
2783488
1326336
2069760
5327360
4861888
1838336
5444096
1913472
2115648
5414208
2971968
6689280
1304256
3146880
1612224
2603136
3140032
3826240
964160
9114752
1408128
1920384
2140416
1454016
1444352
2510336
5742016
2291328
1802752
1173376
2972224
2559488
3953856
3062208
2445056
6231936
2394944
2327936
3072256
2253440
4210240
1313664
2926784
2523712
3063936
5381632
2671168
2586560
6400320
1076224
1800256
4145152
3042240
2368512
2579328
5742080
2174592
2597568
1749568
1616896
2387776
2496384
1924928
2307264
9583296
9137920
1542208
1765312
1925568
3004352
1154944
8190592
2490112
2629056
1844160
6039872
5221056
2212288
1684288
1202560
2323968
8190336
9188992
6380416
2629184
2767616
2213440
3176256
2023168
1611456
11124544
1987264
1476160
4474496
2664320
1629184
1613056
1899136
5048128
2858368
10667200
1822080
2814208
2532672
8731520
14450112
3703936
2205056
1460480
5153152
1583616
1651392
2433408
1410048
11079104
1462144
3940928
2406592
2210560
2995008
1838784
1524416
1723072
4673216
1677184
1604928
1489984
2238592
1403776
1548288
2083904
2958208
3380352
2723776
2126720
1522432
2497344
2017984
5045248
1918464
1669952
3302912
935744
5091328
4731776
4074560
5023744
2742912
2826560
1264064
1325632
4743168
3150656
1674560
4436480
2876864
7862528
1857216
3406400
2430912
1333056
1467968
1434752
4219904
3026944
1681536
2294144
3607104
3169216
14977024
2132096
1815872
4107072
4232640
1941056
3275200
915008
1706816
1861440
14822144
1938112
5534976
1704128
1664128
1860608
1419392
5253632
5137344
4297728
2246336
5974848
2516416
2370560
2292480
1581888
17014208
1743680
1545664
1941632
2527552
1384576
1849152
3040576
9812800
1485824
3636160
1010304
4491648
1463296
1191360
2358912
1689920
1161408
4197696
2433408
4588160
1227008
4116992
1656576
2556416
1426816
1916352
3688384
3088512
2507328
4260928
1531264
3007232
7224960
1127168
1250304
10761664
1015936
1920832
4880128
3224384
7182592
1328128
1185984
5670720
2924992
2950976
16862848
1728576
2065856
2132288
3139200
1270912
2832448
1972800
1679680
4585088
2324672
9539136
3702464
2607808
1525248
2534720
22613376
1998144
1354368
3410240
5389888
3249408
2718400
3262784
1833216
3810048
1916672
1330880
11211712
3555392
3679552
1621504
2711424
1191552
3174912
5881792
16448000
5198400
1824832
1747968
13889856
1435968
5314560
4326464
833984
1258560
2396160
2201856
3683776
3718272
1810304
23051392
1472512
1394816
2315200
2993408
4589696
2152768
1531648
2340672
17404416
8159424
1338880
4184192
1812480
5019136
2451712
2852800
2383104
3234560
3288256
1951808
1566464
3327104
4381824
2794944
1805120
2415488
857152
3315072
1711744
2753920
3948160
4909760
2150400
4303040
7434048
1313408
4009856
1240576
4479680
3103424
2310720
1593536
3382208
2863552
6711872
11715200
2506048
2181120
1668416
3956032
6320896
3440000
2209408
2640640
3039744
1790656
6070592
2729280
1502336
2331328
2077824
3033600
2257536
1328128
1327424
1988736
1575168
1760064
3085056
5457344
1864832
3405504
2681536
1538112
11040832
3513472
2298816
3371456
1784896
10663232
1838976
3589824
1650368
2496000
1568448
1618880
2503872
2372608
4081536
4541376
1802368
1103744
5095168
2645632
5324672
3533504
5451584
1579840
1864448
2088448
7969408
2127680
1682880
6100416
1843520
2584256
3760512
1580544
3254336
1943488
2240000
1858944
2037632
1925952
4595712
1307712
1714304
5251072
3546752
3371776
2182336
2559808
1982144
1398336
4038912
1786688
2643712
4366144
1111872
3885248
2022656
3013696
5656832
2626816
1342784
1556096
2733504
3244608
1317888
1497024
3266560
10113472
2730624
3228352
4437824
4770624
1047616
2086912
2809664
2520832
1651904
3307392
4963136
1465472
1568448
5754560
1455040
3077184
7378880
2924160
2597376
8923136
1427200
2736512
2822720
3369536
2288576
2524736
12055168
2157312
1252736
2533056
1341312
1830848
6400192
3190272
5772480
2694976
11037184
1731776
1098240
7905152
3237120
10752320
1176448
1892672
2006592
2748608
5592000
1672000
2646272
9753088
2549568
3165888
1996608
3087104
3548672
1660160
1407168
2157120
3317632
2562368
3180608
1525632
4069824
2335680
3443392
5583616
4597952
1436224
3689472
2161792
12416000
1876544
3011392
3782656
7381312
5523072
1736640
1950784
2314624
2436928
1843328
1493056
1466432
2894784
2044416
2672768
1605440
1624704
1832768
2294592
4057280
5582080
1814528
2032000
1724480
3371392
1895424
3074560
2088000
9555840
3191936
2221056
3673664
5800448
1139584
2426752
2252608
1295616
2560576
19355648
3324352
2412864
1324288
1847424
2146176
5994240
3603008
4025088
2554112
1747904
5187712
7630336
1352640
1397184
2732480
2321856
1576000
5253760
3716352
3336768
1794240
1651584
1967296
2489152
2551936
11909952
4116544
2037376
1739712
1563264
1436992
3139008
4078016
1573824
3481920
5536256
3690560
1462784
1415488
5097536
1821504
2256640
2442304
1136640
1962560
2512704
2905664
3406976
1721984
4116736
7764800
2745408
10102208
2500352
3548544
1748480
1657408
2643648
2510272
3217216
5523968
1645504
2104384
6812608
1632448
4112640
5501696
1242880
1917824
2555520
2373184
5266816
1387776
16411392
2844800
1521664
4515264
2864384
1658944
2191808
5630528
3762816
2106880
1611200
1555264
2169728
4287040
2239360
5142720
1254080
1731712
5826816
4541760
1217600
7961088
2551040
2329152
7586048
2862464
6824704
2440640
1645504
2454144
1991552
19015424
2878016
1852416
2184832
1687104
2111744
1497024
2112384
4479680
1673856
1838336
4416960
3232896
1588288
5189056
1390528
2457280
1444032
7788800
4067648
2045760
1363776
2078912
1442048
2794944
2530368
2044992
2506560
2167424
4209472
3011904
1145984
6147840
4115008
1506752
1780608
7546176
1461568
1926016
2269312
3331840
4158208
2656064
1369600
2187648
2580480
2105792
2794752
7243136
2944576
22879424
5085760
2379136
4719872
3510336
1745472
1544256
2735040
3114752
1576960
1449984
11508352
4796288
3264960
3160640
2731072
1192064
10825600
1752192
3955456
1579968
3158720
1457664
2162112
1391808
1856896
1660160
2052608
955968
1717824
2239808
2882432
4440128
1354112
3207296
1203008
4269824
2174144
5004352
3336896
9584960
12750848
1227072
4908288
1816832
3290624
5325504
30350976
6966720
3217344
2924480
1886144
4133696
2167552
3034880
4614720
2835136
1609088
2794304
2166528
1748480
1994240
5313536
2080704
2227840
1754496
2029376
2342464
14153344
8204928
2655680
1679104
40323200
1395200
4335552
1598464
3203520
3337664
4573376
6683776
1349184
2068736
2886336
2697408
1534464
14612416
1426112
1426368
4756992
2750592
4594816
1904448
1449216
2214976
3530240
1569728
1542016
1685952
2112192
1738752
1464896
2223872
2309504
7985728
2539584
2960064
5636352
2149440
3557248
1231488
2792896
1641536
4090176
1235264
3304832
1337792
4523328
6174784
4936384
2837120
2219776
3716864
4032000
3156672
2224384
4185728
1541632
1663104
3180544
17676160
6670272
2072256
2003712
2031296
1636928
1738240
2753920
6934016
6015680
1500096
1677568
6135424
1179584
1766144
1502208
2138880
1913920
1818944
3678464
2108480
2047488
3494080
3476672
4082432
3341184
1508864
2485312
4359616
1634496
4010624
1550976
3762752
2707456
2221248
2038784
1280512
2992320
6208576
27575680
6335680
2781952
1601408
1322944
2608512
6190144
25495168
2281600
1476672
5338880
1853504
5961856
3892416
1438464
8197888
3553280
2382272
1468928
2213760
1129792
5199808
1475392
2287296
6037184
5811456
1460800
3409152
2214016
2048128
2187264
3472960
2351360
1432256
5044992
2538752
5272576
2216448
3195200
3398016
4668992
7280576
1345088
3441408
1449408
1549184
3880896
4447552
2909376
1751232
3204160
1324288
3139136
1974208
4284800
3329600
1424640
1785152
3866176
3024448
3754112
1787264
1469760
4709056
3508672
3818816
2998592
2304384
12888832
3810496
6146624
1211584
1176320
2321344
10801088
3051968
3272448
2107392
1358848
1289792
4682304
2799488
1858048
3836032
2064064
1650816
2059904
3336832
2552000
3633536
2808448
10278656
1462016
1616768
2092032
2903424
1814592
1658816
4805824
1412736
2695744
1640576
3211712
3100160
2073728
1898368
2146944
1609024
4646144
1478336
6902016
3189504
3740992
5653376
1318976
2144960
4165120
18072512
1912384
1784384
2595584
1979776
1472960
3188928
2918208
2177344
2081472
7427456
2257728
28028224
2742080
1600448
3560000
2063424
1158912
2378880
5559104
2366016
2018880
3044224
1211840
3380672
2524736
3480320
1314560
3199488
2437952
3290176
4480768
2551936
4273344
3109440
2150912
1817984
1665984
3105344
1930688
3575168
3449984
1233920
2534528
6965120
1129344
1752128
3012032
1188160
2949632
2539328
9761984
1113024
1714880
6109952
1914048
1656896
3096064
3846656
2229056
1136768
6868928
1586880
3162816
5217856
7170176
2070144
2043904
2569920
5900224
2729472
3102592
2553536
2052800
5026944
1148544
2081152
2649600
2231680
5197760
3675712
2314304
1769792
2552128
3933120
3461248
5227584
4835584
6156736
1650432
1967104
1837184
6622272
3400640
1928064
4171840
1959616
2711872
1471168
7310208
2267456
2575616
1524544
7072640
1745920
5712256
9802368
2425728
3253632
1576128
2267392
1213056
2862592
2372032
1291264
3263488
1739072
8057088
1199808
2267392
2709376
2015872
3316672
2213248
1810944
2147520
1614848
2044352
5598656
2478336
1953344
3405888
10360448
2158784
2001920
5728064
1708224
2101504
4540544
1629952
1928576
1193856
1897024
3988544
2196224
17301504
2364608
3579520
5644736
2827200
1143936
4438016
1600448
3054080
1893376
1991040
4049664
1345600
1803072
2708480
13264832
1393152
5906944
1354432
2340544
4955712
3037376
4071808
1108032
1861184
3692672
1974848
6690688
4065536
3190400
1542272
7263552
1269120
1090432
2115072
1062336
6264704
1833792
2976128
3816832
3454592
3956224
2023488
2051712
2208128
2692096
1908544
10784704
1375872
3591936
1581376
2858368
1782144
2452800
2839040
2335360
1383616
1928512
9277440
2346304
1750208
1392000
3431232
1735104
3578048
4500608
2938688