10640576
7046976
25850688
27638784
15842880
6585408
11191808
7387520
14302656
12895104
4311808
3995840
24110080
17623040
16294464
19025152
21550272
5423296
13308800
291008
3421888
16807040
602496
901760
1869312
6346368
3490432
247616
1092800
8915840
703616
7077568
713024
3812992
6922688
5361216
2331456
5884544
9733696
5978496
14643136
5714368
7375424
11249024
8037952
745024
9731456
13622720
1326208
1771328
3101888
5789504
2634112
7441856
6796224
3276160
8692864
5667968
18332096
10412288
3512128
9501440
4780928
10548544
2333888
8899776
12175424
23031744
8530048
40064
252928
26341824
9583424
4432768
10801280
3010560
12290240
15868928
7966272
7668864
35937984
15851968
6393408
8871488
6257856
6604608
1587584
12347584
9275264
28684160
5528384
4744768
14554368
14782080
528896
372608
11656960
23020608
3212160
4004608
20451968
24419840
16992256
3112704
17374912
32470080
2581632
8329024
10816320
137472
18469504
251200
3877760
181632
11494976
381504
377024
5350208
5544640
159360
21069632
81536
8910784
29814464
278016
25369472
280512
11289984
4556096
155072
18713088
3398784
153536
355584
466944
408000
384192
811584
3433600
24322688
4558016
1296768
332480
5707072
13645888
8381440
3675840
9460608
6010624
1942272
128960
194560
4782720
20917760
139520
359936
281664
10113792
13757568
21940864
179776
113344
360640
825984
188672
198080
226112
797824
474752
318080
698368
318208
239296
387648
638912
187200
465664
761280
142784
161856
566656
184000
331328
427584
540160
465792
308160
422208
129856
326080
648064
223552
375488
148672
315200
493888
382592
1456192
5401920
864768
387648
174592
495296
242688
507328
2758272
346880
4510464
376832
150528
282368
996352
1226816
307008
200192
681536
268416
964480
587456
427520
696704
952128
230528
673920
718144
224512
2210624
634496
2395520
382336
324416
2207104
602624
181824
2204288
217536
336768
157824
411200
495104
233984
723648
229312
518528
976896
364672
405888
374464
164096
253696
634944
496448
280576
201024
1618048
276480
432576
376128
1070016
219712
165504
253056
347456
341504
442944
515584
152000
309632
788864
311808
665152
627328
182336
5911616
801920
360576
325696
359488
254912
341888
499072
252480
439104
204224
358208
210304
575680
1165696
971840
336000
3713920
5841664
435904
619456
5417216
13148096
402048
234432
403392
152704
674624
830080
498944
672576
292736
781312
257664
1098496
640704
463296
2591808
794624
1779968
443840
482240
492160
483008
344640
223232
247616
475648
246080
531520
524928
457344
265344
1263360
371136
921408
1300032
578048
268288
352576
544256
379200
675008
297856
530240
823424
316672
760000
827328
252928
9668928
525888
354752
2585856
379904
254848
492992
750336
478336
253248
938304
805248
844736
333440
861696
289216
580224
525248
427712
510592
161536
575424
490048
1055104
246848
209152
430528
1910464
553344
1026688
1406720
223872
2901632
471552
575488
518784
488448
597184
6033920
5404544
595520
302528
349376
597504
1094336
953856
714816
233408
733120
638976
760128
486720
696448
434496
710208
1270976
696960
941824
791872
521088
696640
1121600
768768
1009024
995584
992704
584128
940992
795328
502400
643072
637248
235200
847168
834368
372032
936000
1067648
585152
682048
2410176
2713792
707136
346112
613056
1488256
582208
679168
540480
515392
1536320
1257280
275264
1404992
807232
1309952
642624
590720
587712
840256
897984
1185856
1115456
764224
679936
616448
1151360
509376
732608
527488
1763648
847488
952448
1324736
1639552
705216
850816
1259712
632960
1810688
907072
1640384
489536
451968
512256
1605632
678592
575296
602688
1143680
862848
933376
1665984
496832
1046400
933440
867392
856640
2130368
386368
904512
845120
459840
597696
525056
349568
774464
644864
765312
1263488
2396864
1232384
1159040
3245184
756992
1000448
572800
373184
785920
1394496
695936
1105792
730816
472064
1763904
336576
553920
616704
990528
632384
706816
589504
1408448
4597376
2202240
1039040
1200512
583232
505664
633408
755392
912896
1214720
592768
388160
663872
553536
2168512
745472
1357824
1214912
444672
667840
582528
584448
661824
793728
704960
393408
1188352
1330880
657088
1160576
584448
942272
1025728
723392
913536
1984832
1056256
771904
1791872
2492032
770880
720768
1888320
638144
532608
381696
536320
522432
1655488
1451776
655872
1365888
607936
858560
904448
1961856
657280
1320768
2382208
855552
1122496
1838592
596928
574528
1224448
769408
2235008
1392320
867520
620224
473216
1058304
1599872
3656128
742400
847872
1240640
1136896
625216
713856
622144
840768
769344
741504
1126272
896256
817088
1680512
639488
758656
1407872
824320
649280
528896
998976
550720
1751424
1119552
1579456
2421184
680256
1344064
2483584
927680
1009152
1460800
360896
666368
934144
444160
835840
1809664
2030208
2318464
524032
678080
1114816
2179264
2962304
555328
594112
1235648
1043712
919616
886528
1932096
432768
1953280
1041408
576384
1216064
1129152
996608
729344
988352
1387264
867904
721088
1229376
983488
596672
768896
328256
595392
1227904
1043968
726080
908672
2072384
1316992
633344
605120
4311360
866304
1326656
2279168
1095552
710016
1192960
851648
1133888
1151296
1929280
1469952
1160192
2422080
2683904
2153792
2096832
753600
2076864
922880
842304
1361728
590144
704960
1133056
1322880
1180992
1505280
499136
537920
1047232
918144
718912
1292800
2364672
962048
792768
2137088
1928128
1634496
1603136
1121856
1320640
1313536
1180160
736000
591040
1805952
994496
585728
1740608
690432
815808
2582912
1097792
1219264
2090752
1146688
909504
508864
747712
1173312
480000
1126336
811264
885248
1468480
1542272
755904
2484544
840576
949760
1266432
798016
2871424
1028416
581056
824128
2707264
1742784
2018304
1299328
1552640
2802368
468032
1023168
1662848
1054912
1426496
1316288
831424
2100352
768512
1549568
966528
4490752
1118208
1981056
1316736
1227392
1514176
574656
647104
1486272
939136
1224128
867840
1318592
689152
1052032
2305408
3152576
1807168
1764736
760768
1354496
1651264
1673856
1273920
1029568
924160
1066304
1203328
1226624
993792
1477504
959040
684608
1831424
1088128
835008
686720
2010880
1245696
1182720
1702656
719488
2392128
3221632
1085760
1346944
812416
2265280
773120
572800
1148352
1211200
1691264
1249664
1072256
1380160
2340288
1078976
2696832
438720
703104
1717888
987072
1801280
1505088
833024
523328
1625024
811776
2222080
3918784
781824
1555072
650368
540928
2921728
2172992
1390656
1233600
1819520
1307712
2327808
4410688
813376
2369152
1505152
2437760
702208
1285696
2531008
609600
1013568
980352
1079168
838336
1289856
1061184
2083072
1560192
2866624
1382848
1067648
1899456
2285056
1849024
878848
2176192
954048
794880
1200704
978624
2455104
1554752
1371136
1150784
1820032
667200
1239936
1071744
1428352
2203136
1729088
692032
5877120
659008
1167232
1167616
757056
1126208
1137088
1985024
1747712
1241216
858752
1047616
2416128
710272
1139968
1031872
1087232
1098240
1839040
2289024
5016384
2319040
577344
825536
1351232
3527936
1146048
1341760
656960
1187456
1835392
2328064
739264
1120384
1297280
1126848
1130496
3441664
1422400
1870208
666688
1289280
766016
1492352
1445504
1855296
1065408
817472
831040
1825472
1171008
1369792
1457728
535104
1298304
716992
2105792
1449088
1222144
1498432
2460992
1263040
1365696
2020288
2324352
1594112
1025088
1388352
980480
623424
1026048
1345472
643392
567488
1920832
1504128
1210688
1189376
1852608
1726272
853120
1694784
1102080
1720896
1035776
1434304
1950656
2636352
1135680
366464
1018624
936256
1994816
1051840
2495936
1316800
498816
1521792
859520
3208576
1668352
1416896
534336
3322816
1725632
905280
2152256
1551616
2291520
675008
1603136
799744
1138560
1074112
2799360
3617792
1596608
607168
925952
562112
2138944
1765760
2117440
2852800
1066752
2250432
1143936
1008896
1312704
631872
2285568
694464
982336
3010176
1509056
1896256
1909376
2454336
574336
572480
1132608
2947904
2426816
1946368
1242112
738560
789888
1815168
1390528
467072
2313152
749760
2900352
1304192
1145344
2164032
885056
1267840
1446464
2858048
4267072
1898560
1665280
1398976
1283264
1092992
1390144
2120704
1061056
1639168
569024
2339008
917568
1662208
1027520
743104
2883840
1188864
951552
2352576
2254592
868928
1536320
1663616
1252032
814464
1833600
1015424
1750784
615744
1171264
1396288
663744
982464
1288896
992128
2239744
1111296
1636672
720448
1413760
1614208
1726144
2089472
2171904
906240
1133568
1687808
1417344
3242432
574016
959680
1721280
1194432
2101632
2501568
890048
918080
1151616
4017856
1169024
2139392
1376192
924736
1422208
1473984
2188608
3741056
714176
654976
603392
1515328
1087680
1176448
614080
1596416
1318848
674624
1943232
949120
1003776
2769472
1572864
1385728
690304
1306560
893376
2666880
351168
1361856
1329472
3013632
5076096
924736
1866944
515520
1244288
2199296
2321600
1098240
705280
688576
1336256
1038272
2643392
2012992
1180992
2198464
3893888
2822976
1717248
2079232
898496
4491904
2171776
2207168
980480
1041664
922176
1044288
414528
1030464
1164736
1141760
2974208
2111552
782848
1462528
715904
1764352
1036224
1061824
1932736
634432
2327360
1669120
1366912
2780352
1136000
1100096
560384
1069376
1079360
1024064
1729600
1075264
1569984
1060864
1774336
2015936
1096960
1633536
1435584
2235136
734272
5222784
670144
1311744
909248
1275264
1891776
757312
2274240
1739200
1650688
1237248
842688
894784
1708352
1699520
673792
1817536
934528
1281088
1479296
1916800
900480
780096
2538944
2934144
1250176
1140736
944768
1695424
1846528
3311040
670016
1609024
981760
1079488
756352
1454848
1409152
1074816
1412032
1715776
1559552
1081472
789696
1846720
987328
681600
973632
1980224
2317952
1414144
794496
2060416
1146944
2174400
1390400
1014784
1728640
628992
996544
1836736
1126144
1727168
1715200
1048640
1344640
800256
1291008
3483776
2639168
904192
1279808
838720
1434112
1441216
865728
759872
2112128
2813056
954688
1406144
3008576
2174976
882240
1347776
2843520
2059328
2237568
764864
2105472
1932352
1039232
673600
2058112
3275968
3305216
1782016
2375360
1170688
2322688
1115520
1424768
636672
839552
1685632
2041216
987712
648128
2025344
2154688
1239616
888064
2183488
1104064
3526464
1322624
1014272
1274944
1557312
2118272
824896
1438464
1377408
3309952
903936
2888576
2418496
2288960
1201728
1307072
1847168
2017536
850880
1184384
1138816
2658624
1713344
1114816
1439616
737536
865152
861952
1664448
2143232
2054336
845248
2569408
1577856
2143360
873408
3155328
3854400
2248960
1331904
792896
2306304
1270208
1156480
593536
3167168
1551104
2032320
1110080
1170368
2047104
1439680
1717312
2415936
862528
2274688
564800
1587008
549760
1958848
914112
2307456
781632
1664384
4089600
2251456
1419776
1075968
1528128
1372224
1149248
2363648
1337856
1952768
822592
1484160
589760
1342592
2522944
1575680
2941312
796288
1201472
952640
1242496
2763840
1120384
901504
1865792
1635712
630208
1317952
2659584
2728000
1198528
823232
2169408
1541312
847744
1691520
1562304
1911104
1412480
1772928
1402688
971008
974784
794304
1822912
1298176
725696
2003008
1433088
2890112
1786048
1485056
1018752
974016
2900544
2672832
1038784
2145792
915392
710592
2651008
945024
1154624
2083072
1751232
1410176
840512
1686848
1686912
1939328
1751424
1414272
3323136
705984
983232
2286848
1422400
1439104
1378880
1254848
952640
2415360
1374208
630848
1246144
1179456
2421568
2118208
985408
736128
1133824
2277760
1592960
587648
2970304
1538432
1711680
1684160
1718784
2963648
1251264
1487936
1213120
2882560
2979776
1945664
1209600
595776
1239424
2018560
1713280
309632
1122816
3316224
645568
2691456
1726272
542592
1131904
763648
2304000
2039040
1238784
959360
970240
1838080
1726976
1822464
4687488
2659520
1942784
639936
1744896
1541376
1054208
716160
3015104
1772352
1784960
584192
1367360
2675456
1861696
1932992
909504
536320
2001536
1050176
1603072
1071040
1437952
3433600
1246400
941632
1271232
1526208
521472
1832384
1349312
1306112
3609216
1704832
2817728
2086016
2143872
1221632
1018944
2294528
2079744
793472
2866944
1862592
1335360
3893248
1216832
956032
2049280
1491008
2876224
2545600
1212032
718080
615104
1412096
1249728
2491968
913600
2579456
3537152
1010432
2753856
1310208
943488
882752
1201280
2045888
1810240
1269248
2908800
1145728
940352
1392576
1128576
1120448
1606080
1599360
990784
1688384
2686848
2254016
1295168
823808
1113152
1108160
727552
2417920
868480
2033984
5354880
2391808
565120
1394496
662784
541632
1365312
699584
876608
1318912
1679680
2048000
971648
3283840
1374464
518976
2563200
1612992
1650752
1109312
1482560
1221440
1716480
2254080
1476672
1711872
1145088
2804864
1003840
4528128
4590016
2189312
890560
1973312
970304
1803904
1068224
706496
603136
2329280
1638144
4753728
1118208
915328
1940032
1033664
1243392
755776
716672
2995200
1851072
624448
1259072
1281280
1596992
2080960
5012992
3316992
1313216
745536
627968
1438400
644096
987328
1233984
2294144
325184
3044224
5025600
680832
1280512
1904960
1184896
2158144
1934080
1699776
2531136
1507712
1032000
693056
723200
1435520
1427200
3555264
1929216
2114816
2011776
668672
1178112
1614784
1807360
1418496
1184128
2407808
828480
1527616
1116160
925824
2669760
1345472
1218432
2743936
2764928
1529280
1328960
1163840
828992
1943936
3418496
1282688
2462720
2779968
3473600
877120
1613312
1099648
1140864
2580288
1084224
814144
1578368
1058304
1244992
1900736
2189760
857600
1748160
381184
937984
2337536
1543488
3386624
269696
1614656
744768
1960640
2428288
691776
1466240
1303744
3458752
824192
736000
683520
1606400
2229760
770752
1427392
1378752
1456448
1479744
2501440
2180032
920448
5086272
1013312
1231040
1446848
1499136
599552
1422656
1031744
1276800
624256
1223808
3903616
634496
645056
911744
946240
1104512
1339008
1490880
2012992
2443392
916800
577600
487936
1244992
748096
1628352
1436160
1363008
2090176
675520
2610944
1167488
1023552
2091584
1945920
1506496
1326208
1233536
549056
665280
1294528
1572032
1693888
1728896
1334272
970496
1500224
1781120
1137152
810816
1015168
1900416
673920
5077824
4151552
1415360
3206016
2946752
1381952
684864
1528000
669888
1109312
1226560
1958784
1838464
1565440
703744
1271296
2281344
1666880
836864
1252608
2946496
3185984
2407424
1683392
500352
2067072
3110208
1264256
1043648
1238016
1836928
1032832
1750464
823680
1298048
2066112
1201984
1707904
2337856
2449984
948032
803328
421184
980352
1752512
1920448
1053056
2808384
953152
2028096
966080
1456320
1242112
869952
969024
4867136
1661568
1772416
596672
612352
994368
1763264
1015616
1477248
1954176
2057792
959872
1048640
3923328
1309120
714624
2181312
1389504
3418752
1522048
1985664
4297216
930688
1732160
1382400
3508736
1861248
2035648
577088
666688
956160
1573376
685952
1374464
1500992
5617856
1531072
982976
893312
2805824
1000320
2409280
2236864
1280768
2292672
1569984
2006656
933696
760704
1428352
1140288
1109312
2859520
3795584
1201408
2032576
1304896
1470080
2935680
2277888
1545408
559808
2003392
2379840
2052608
1006080
2204288
2317696
664960
3076352
1260864
1037504
1544000
974592
931840
1537024
1510912
1227328
934080
1986304
1103168
2041728
534784
1068160
974016
712640
3201344
4240640
1441024
1649728
2988480
772672
1369792
444800
1393536
2275456
1210496
1353408
2923648
655360
988160
1420480
1944768
1033856
2747456
2086848
1253120
2484416
1003904
3195008
1609216
1097664
3674240
959744
2249920
1240512
1832640
1427392
466240
1816000
1544128
1354688
1435968
3215232
1432320
1398720
1223360
865344
1613696
445696
782912
1389120
1236352
1321600
629952
1260032
738688
1113408
1772480
2421888
3176832
3154368
732608
1049088
720256
1230656
2709760
715840
2155328
978688
1955968
1694272
2256832
1354432
1201472
2471232
1193920
1508672
2413888
1668224
904320
1088384
1342656
2014656
1202240
946688
1247936
4162368
864192
1432320
1341632
600960
3412608
1506880
1261760
2051456
2049408
469824
908160
736512
2517888
2117632
1422848
1975552
1082304
564352
1557440
1386752
2542208
2232768
1729472
1478144
788800
1099968
1228032
648064
1123392
2421440
1589504
1705920
1071616
372160
2310272
2573184
1406656
593408
1359424
950272
2908800
1681728
1373120
914752
518528
2692288
1249024
1795328
651904
3031680
1920448
1814144
1291008
3079552
1243392
684736
1499840
3456704
1677440
1104384
2544896
2676160
727296
821440
1591936
2566272
1066752
1479040
3297600
945920
1250304
1230976
1186816
1082688
887168
2531904
2008512
1423616
1180032
733056
1152704
2211264
2589760
1037504
1412736
1082624
1394304
1450240
3125376
1693824
965184
1606528
2688256
1716736
1901824
1154304
1382144
1059968
1397632
852672
1410496
1311872
1193536
812352
1512832
2013056
3746496
1078912
2171904
1796160
1122944
2615552
1756992
618880
1564608
1284736
2022592
3474368
3737344
1419648
2272064
1554816
703616
996608
1151040
1474944
682944
1802304
1469120
551936
1043072
1651328
3196096
451328
2229440
761344
3216320
904896
2848000
934848
1034816
2461696
1384192
1470656
773056
1708800
1589696
677888
1275648
1559040
2241152
1345024
1134656
1150144
1987200
1446976
2008960
1268416
2372160
1068160
851200
982656
2852288
726144
1142528
1558528
2417088
2062400
2583488
1047296
1311040
1996480
2153792
1989056
1555328
1472064
1458624
1766336
2132992
1255168
1825728
2787968
765632
1251648
1732928
624064
2577664
712960
583040
2459456
1500800
3510400
1360704
2120256
1319104
402176
1053824
2222080
1741248
779456
2136192
4066944
2143808
1881408
2041088
1343808
682752
527296
1237760
1797248
489408
2393024
2279232
982720
931008
921472
1600256
3349312
1512896
1608320
1479680
1669504
700288
1069056
1097920
2585152
871808
908032
1873600
3329728
2107584
3132736
1280320
976064
1109632
2526400
506624
636608
1325440
1214464
1372480
1647424
1585664
1115456
1231104
2326592
2514496
1993728
967104
1528640
1527424
905984
1429056
1503104
740992
1508736
912384
1064704
1093888
1644736
1502016
900608
1075840
1748288
1713216
2326080
894016
928064
2282624
707776
1147328
2696896
2045504
396800
1580736
794496
1171456
5402816
1477440
1357952
3173120
1578880
1748224
1924736
2709312
2023104
4446272
3394624
1270080
2786048
3044480
1268736
6329600
912960
1421056
662592
3130752
1173760
1609664
666304
1364736
2482624
1452672
854528
1238400
1067200
3628224
3195456
1007488
405952
1015424
1060544
1564608
1077568
2122624
556160
872192
1685760
4788672
2929600
633984
912128
1108352
683008
1791040
724992
879424
1555968
2572224
1386432
2441984
1743168
1824704
3609536
2084672
1917952
5853312
732672
907456
1304320
1544256
2735104
2795392
390784
1513856
2293632
2807296
1825472
1118528
541120
884928
1156800
1282496
2056640
931520
3021440
707648
2568256
3407616
1412416
1594304
1466304
1292800
2322368
824832
2540416
2840960
2656256
1828352
849856
2874304
969920
3689664
598848
3483840
2169088
1722176
1558208
1000320
907136
722112
1374720
1275392
1808704
2673856
2997632
1629248
2080640
1484608
653440
1526848
2023616
975552
896256
1517952
2005440
712256
1166464
1233664
2308736
1209088
1210560
599936
919040
2219904
1121280
1816192
3270080
803392
3531584
5661440
2187008
844800
3196224
1387392
1039040
521024
1180544
480320
1656384
1421568
2302912
2272896
985792
2029440
910336
1663552
2051136
1351360
797696
806400
2248256
1799296
1019264
987008
547456
1991552
1407040
3039168
1761728
2230144
1291392
2233728
1431936
1269440
1369152
1029696
1505984
2018176
1290432
1633920
1349952
3023104
3042624
675968
737280
4259840
3362496
928192
2070528
1073728
825792
978048
1382592
3382784
2123200
2260736
625920
1267648
3469696
937408
2034880
655616
707520
1103744
841920
1241664
2301504
1083392
1483968
1404288
2880128
1969792
1005312
2642304
753920
876928
3266432
1423616
788480
1913344
1995648
754816
3363712
1825536
1674048
1070912
2584128
847104
1661184
2193344
1027776
3448320
735232
1524800
1661632
653824
1102272
986560
1380992
1242944
1335104
2938240
1187264
4091520
976000
2325888
1249152
2346688
1523584
3149504
2129280
3494656
2951872
1030144
1576064
1481728
737408
1863552
1817216
4509312
1155392
1036544
1270464
2563456
2110784
2730496
1453632
939968
1024064
1538624
1538560
1277120
1445184
4266368
3719360
4535616
3309760
1277184
809920
2268096
944000
957504
2620480
1054528
3792512
1133760
1434240
1133504
1633920
1691648
1385216
2876736
1925696
2300352
511680
1109504
2434560
1397312
1377920
1297280
2064576
4834752
1394944
1745280
2311808
496896
1203200
1620032
2383232
1710272
586368
877184
1330240
2255552
2991296
1487744
2441024
919488
981056
1053504
1553088
3145408
1441024
2487552
2418432
312000
1801408
1029568
2174528
1309888
1884096
2489472
1145216
1356224
807232
1041728
822272
1739520
1380160
2343168
2603008
1624832
1487360
2315200
1829696
909184
4162688
687360
1754880
1203456
1188288
1039872
1575296
1165184
3710464
1397376
2053888
576320
613056
734848
1051776
1122560
1302912
2188224
1290816
587392
1489600
1545344
1497728
2660416
1221952
1611840
2089728
979520
1599552
801856
2326464
2269632
2543168
1423808
2018240
935104
3352256
2218816
3293376
2735424
1845824
1394304
774848
1372096
1060992
1371072
606784
1466880
5012224
1363776
1776064
1065856
1565376
793088
1312128
1528640
2949824
3734400
1968960
1534464
318336
559488
2222144
2144128
1745344
1218304
1466368
1796736
1049216
1383744
1820672
1880576
988544
1232640
2726272
3100608
2291264
798976
1414912
1037888
617984
1529920
1649600
1981248
1354624
1403904
777344
2904320
704640
657280
4004416
823488
2529792
3168448
1357696
2616256
369152
779712
1070208
1043712
1661824
1212928
2925696
2124672
5215488
1511104
618880
918656
631424
1363328
1502272
1490432
4298048
714304
1460032
1176576
897472
2902592
1423552
3987648
1385920
495168
757568
2608832
1078464
1887680
2518080
762240
1405568
644416
547776
2664896
1614016
1295168
1581568
430592
1537280
2822720
1376448
3333760
3663936
2062592
1441472
735296
1699904
1463168
2737408
1717184
2371584
1655936
1107328
1111936
989888
1745920
1174464
3663104
2441600
998080
3038464
1232000
496512
2489088
842752
1710848
1240320
930688
2618624
1279744
983808
1134976
1993152
1612352
930304
1163200
1612096
1478656
746048
2336512
1451328
1608576
1043584
2432128
3727936
1194944
1201856
1641152
4557760
1548352
964096
805888
973248
2442688
2170496
1390144
3528384
697984
1842688
1744448
713088
2451584
1806272
824704
850112
706304
1200256
2112512
429184
1287680
377792
1150592
1257408
1108032
916352
813120
2245504
1756032
998848
1591872
2586240
1201920
2714560
2441024
1472512
5715968
824256
3222656
539968
3185664
897792
1866752
1120960
2910976
1927872
1136384
2136704
2336128
4279360
1624832
906688
1247424
1616768
774272
1278080
1341824
3894976
5260224
1740032
499456
1741248
957952
754176
1840768
2172416
2056832
2868416
1045440
1108096
1349632
422656
1265280
1095424
1408704
1988224
1938752
5987968
3295168
1259776
2641216
1024384
1534528
3353856
920704
842048
1062784
1536960
2640832
1319040
741952
493888
2394752
1369792
1391680
1208896
2428288
1459584
1291392
1037376
3828608
1015104
1075648
817600
717440
2168192
1689856
2114944
1636992
1273216
2247744
1853248
896256
1012672
1002752
1566976
1103104
283584
1143936
1290816
1829504
1613056
1023552
1888704
3925440
2863168
869696
1851840
2517632
1136384
1021824
949632
513792
698048
1060416
1781568
1091648
1032896
773376
2849536
2347776
2596672
453696
1878656
2054784
1369856
1932416
2218752
3242304
1597888
812864
3089024
2908928
1634560
1102144
596096
1418752
3099200
2666624
5496704
560128
714432
2667904
5747968
719552
4979904
990272
1213312
748160
754496
1080832
2473088
643776
1836096
3374400
1256064
1286272
3115328
5935872
797184
695040
774272
2084608
1154304
1189312
2793920
1364544
1294720
2894528
4548544
2639424
2590848
1596032
1466112
594496
813568
1680960
1884352
1923328
1468160
2938240
1164416
1239680
766976
1039616
1634880
874432
1230208
2377216
2569344
503424
969152
1548352
572096
2056512
1944896
1253824
3188800
4735104
1648832
1842688
1122304
1470016
812864
2066816
932672
1656192
2020032
873216
1745536
857856
3448896
1485056
1309248
1172416
3726464
1901760
975552
996992
1488960
3744384
661312
1502400
1168576
3970560
1411328
3567808
921280
1532672
2061376
1008832
1722560
1145472
1001344
1164224
848896
1738304
934400
1045056
2243840
5179136
1668672
2238656
2592832
5151616
562688
423040
980928
1084928
922496
1819072
2464448
2492288
617408
1135296
1179008
2283904
5181568
3964544
1036608
266496
2693376
826112
1037248
1138368
1016064
1279552
2129472
2971008
2495616
2049088
2653312
4882816
915200
1568512
1931008
1664960
3919296
1341376
732224
836416
650112
1757632
930368
2074880
3012096
1057408
998912
1833344
559168
1803776
4108160
2369216
1215104
1316800
2898816
497408
1734464
1850624
1035136
3425984
1617408
6411264
3378432
1194112
3475328
2312128
781888
1223744
805760
1403840
945728
1327680
2596544
778432
2174400
863616
1418432
3694784
2370816
2231936
4577024
3936704
4677824
1503232
1099072
1447168
2700352
1151808
848320
1321152
1275328
2941824
4861056
931456
2681344
1533056
644544
1825088
1483200
2725120
616704
2086336
1239744
4610112
1947200
3363328
1825408
2167104
2340992
1286016
1481472
2872768
1370624
1080128
2253120
1513984
3092416
1757632
969216
1317952
2329024
6114816
1848832
1482432
868992
518080
972224
1045760
1141568
2440000
1280832
1459776
756736
1215872
1758528
1090752
1023424
1660480
1373696
1453376
1853824
2075776
1081152
2226816
1368192
858752
2195776
923904
1969344
4291520
2457536
1930240
2268928
1959232
1123264
1266624
1767808
1188736
4138048
734080
881216
785664
1323648
1525376
3718016
1077248
4390976
844032
3018240
1241728
1944064
1133120
928448
801216
3774400
1371008
812096
3446016
1947776
1456320
1530112
1683968
1240192
1432256
1984320
3107328
2504704
1730752
1361664
852672
3353984
836480
1749312
2138560
2499520
450432
711552
643264
3077184
3364352
2193792
475968
2027776
869312
2323776
2800832
2477504
1671872
580608
1292480
1684736
1438848
2100800
1078400
1997888
1314560
1372480
2052544
1893632
2234432
2736192
725312
1034624
876736
1063424
1304576
1570240
1668352
1609280
3992832
2284160
1768000
1979904
1042688
1308416
996032
1096384
1917440
5852992
2225088
626240
772864
1215680
993920
2737344
4295232
3830400
936192
351104
614464
699776
697152
1848832
1835584
1502208
1545216
925120
2086400
1482944
4369984
668288
1167552
3377344
820160
1313216
3502784
1571520
4512064
979136
1378240
2165440
1697856
1419008
5118912
2154816
668032
1283072
1372096
3198976
3227584
940672
6812800
1856832
2419200
974016
2339776
835904
2242560
667648
2437504
1475584
1035968
971648
2404160
721152
2270592
4852608
2334720
4930688
1371904
1192768
1135744
619904
489728
1715648
3013312
1554560
1802112
2791808
944960
941120
2195840
5213952
3763584
399680
2307584
953216
1061952
2432640
2284800
1585088
921152
1299264
1632192
4092032
289472
728320
799232
704896
2470208
1063552
1172480
1397632
3855936
1895936
1443584
2673280
1836992
1108544
3016576
646272
1074176
1505856
1104000
1589056
943552
2393536
3232768
2211200
1239360
996736
831936
750464
1743552
2390848
5401216
1299328
924416
1844544
948416
2507136
416128
1050496
1095872
2550592
1389952
3251328
2928768
663936
2641280
799232
2801088
1846400
821376
2118400
1019776
2816192
1037824
3881856
991808
1532416
2023488
592384
1238656
2626688
1446848
2676864
2158208
1651904
627392
1000640
1038784
1130816
1578368
1151168
1252736
1515840
2214592
2797696
1580224
1082688
1955904
2132928
1225792
5759168
1263936
1490496
2368960
1594240
2119680
501440
3907008
1158976
766272
977792
1298304
923008
3835264
2495616
2381056
411520
692672
1736384
802304
2174720
2085056
4299520
1639296
1324096
1025408
1637184
823296
1725056
1578880
895104
1711168
1365632
841600
778560
2364096
1569920
1019072
2748352
1393344
4111872
742592
1051776
863040
1019008
2507328
925504
1282304
505024
1421760
2406016
854336
1016960
1267712
681024
1574208
3772480
2998272
4088704
2862336
1385344
2624384
5184512
622336
1187776
703424
3396288
1323392
2872832
913216
1924352
1056640
3117184
3220672
871360
618304
946048
4557376
2011840
545984
2060288
1450880
941120
821376
1023296
1617408
2428416
2009664
947584
3165568
2341248
1723712
1257024
581312
1108416
1807232
727680
1113088
1382848
3427136
6298816
3200448
697728
1615488
784512
3867392
2090240
753024
3183232
3305024
949184
1105920
1681088
557568
1288128
2263936
1553920
1936320
1247488
1532992
1302016
1212544
1776448
3142144
1360576
3357888
3578240
2219008
564160
2158464
4266560
3813632
777920
1460288
1788032
725184
1273408
567040
1751232
3171456
741312
1657344
1508480
2333760
1096320
1104832
2474112
929280
1034432
2251712
960896
660544
1605824
1693056
2794624
2802880
1793664
1471808
717184
1922752
1042944
1534080
650944
1049600
2129472
1618944
3280192
1306688
1589312
2292480
2425536
1035392
1401600
3407360
1527424
1874944
778752
1458304
804672
1294016
2040832
730432
2380800
3529984
1132544
1061184
3865344
1140672
1432192
3651008
846016
713408
4247936
824832
2303552
542208
1849472
1530368
2502208
1805696
3233728
3447424
2524224
2098496
1449024
760576
2601920
901248
953728
2002432
1241216
2772416
2529344
2730752
1550080
5505984
754176
677952
2240960
2966784
1737920
1428928
1183104
971008
2018304
819008
2199808
1654464
3597184
3383232
3213312
3994368
2188992
2195520
1457664
614272
1162624
2280512
1822080
2021568
3391488
2405504
1166976
812992
188928
770816
1453696
2456896
3386496
2134336
455808
1036416
777856
2531200
3276288
2152384
3691968
6170752
3099136
1516096
785664
633728
1016832
2329984
1363072
1544128
1143104
1886336
437184
1258944
2032192
1609216
2840512
1467392
2355328
1752896
937920
1368000
2145856
2429824
1696704
909312
641408
1509312
1235520
1000832
1581824
1360768
1597056
1410688
1153600
1144192
1584192
5147008
4259008
1345216
2639808
1548288
1429120
642624
1998400
1758592
1296896
4753088
6675072
795584
685888
1236992
395584
1277248
2081600
2189568
2985088
4425024
409344
908288
1092736
1504128
1591040
3450560
2369088
926208
871680
1149248
1169472
3596928
2438656
610176
1219136
1145536
2203392
678208
5578240
1363776
5131968
2240896
749504
855168
1416896
1264448
1814976
603584
1665792
3118912
3858880
3020224
3032768
860224
2091328
1645824
822208
1528128
1282816
3718592
2217984
1832640
4068416
2281408
3178240
989952
1100416
1169856
483904
1528384
652480
977856
692672
1529088
1667008
3289536
2781312
4908672
2009472
1238016
664448
2514880
2669760
1256000
1306496
2245696
2260480
6332864
3705792
2314176
619392
425088
1173952
1176512
4211712
4659840
2356544
2953408
2127296
2053056
5997696
915392
975616
2083264
1121472
1553728
1500736
4897088
4692352
555328
1070656
642880
1253888
2415808
416256
470528
1739264
2720960
1093952
761536
1386560
2546688
1883264
1736128
217024
689792
1411328
1520768
1608960
1430336
1090816
1026816
1610048
2064640
3510400
2132160
517376
1672896
2520128
1412096
1542912
3191872
1869632
1258112
3357888
1683904
2198656
1435136
2155328
1524608
2165504
2706112
1944832
1330624
3448448
915008
1098944
3875648
1325888
700800
769664
1668096
1331776
921344
1649088
1127552
3787008
590848
697920
617344
1708288
2003200
2317888
2957440
2368192
509888
1163328
1876032
1226304
1267776
4331264
375872
868160
1521152
1482560
1489984
1387776
1679552
1353024
849856
2179648
2605056
1338752
4192192
3006208
986048
1861184
827520
1372096
510272
2551744
634048
1626240
1230784
729600
819328
1075584
3596160
687232
1546816
1609216
2444224
3130816
1755520
1080512
763392
2674112
639040
815872
1598848
2558592
1755456
2003264
1649920
1587264
2063296
1130176
1205568
1071680
1142592
4041152
518976
1608384
1052352
1930880
1040192
1018112
1911552
2206080
1208640
1236096
3611904
1738752
3140416
997440
1393792
1518016
2155520
2212608
880000
2025728
2871168
1486784
2480704
1930368
1209408
2618816
2011328
2073088
871680
1698688
773760
1637888
510912
619648
857664
817280
1867392
1857600
2882304
2937664
1350912
1272000
1215616
1395776
2281472
1118976
505216
610560
1219904
718016
2007424
2924288
801216
998144
1416384
810432
1910592
812672
805248
3537856
547840
741952
2669568
2730560
508416
816256
843008
999040
5826624
322304
872576
656128
983232
827072
812928
509440
1783424
2926720
877760
1674240
803200
1066880
1053760
1495744
2491008
1823296
1425472
2923648
1286656
2770176
440320
991104
2577600
2919296
347776
1822080
840768
1677952
1279232
2622208
2823424
1224960
2889216
4968832
1291648
4295680
1414080
1819328
1221760
833792
3511424
589888
1740992
3683072
378560
677632
1227648
1147968
1202560
726272
553536
1978624
796800
2227840
759296
1621632
1864192
1263296
1430784
2060224
1348416
1002944
1544128
2812736
3184320
851328
935104
2581312
2083904
534400
1458688
465408
906624
1001600
2028416
1782208
1606464
1909760
2164096
4142656
1198464
1874176
1225344
2324416
2762112
2291200
4578048
1126592
951744
1569152
805568
6236288
676992
880064
479552
2454912
1383040
1122624
2562176
919552
2728256
1335552
2146688
801472
1112896
1479424
1243968
3987264
888128
1260800
3915584
984960
2879296
2217536
4517312
614848
1007552
1886784
1222400
2078912
1758400
1830400
1146112
579776
951424
1457536
868224
1807424
694144
1002560
1271488
2727616
1031680
739584
2558272
1484160
939200
1444736
3824832
870272
2931200
4176000
420992
673472
678400
1059904
1571392
1118400
2749440
1415040
480320
1315200
2744448
1896192
1302976
1484096
475008
1403648
409920
1424320
1956544
1229120
1812672
4697984
1068288
4302336
1532416
2175296
733696
1060096
1215168
1039744
1638784
897216
1043520
1675456
778688
1656768
1174656
2003136
2552128
1453504
2599680
2018368
1047808
2144960
954624
398976
2023104
1358848
1449024
6517824
1220352
563840
2867968
1408960
556032
1601856
638336
730048
2966464
6603200
1215296
745152
2969344
923840
2118912
754688
1168000
1394944
2432320
1114752
1506368
892032
1236800
1660928
690368
5082112
516480
1140992
592128
1340032
454400
2088320
524992
3874688
773376
853440
2871552
776960
1488768
1785792
761088
1147456
410688
469312
1333888
1309120
1070144
1108608
934464
2032512
837632
1557696
1615232
1114752
1088832
1231680
1191488
2623296
1099328
1357632
2741248
1073408
1644416
575616
657344
805888
2016320
535040
1355840
2088128
1399040
3455680
2415808
2121792
2692288
1888960
1882112
1273664
2850816
1205760
499904
973440
2122816
2225216
1942144
4901760
3749120
840000
1384576
2428096
4215040
747968
926336
2384384
4399040
3432768
3756224
437824
1058752
875584
1003968
1024896
359808
1659776
1517184
2030016
2574080
1094400
1677504
551488
1197632
809216
4254848
1422976
1285952
1032064
964352
2768960
3032320
1121536
553856
734464
1217024
1190656
2681664
3784448
1316096
643072
3060288
5188288
718336
2206528
1488512
2089536
704448
3409344
1490176
920896
1419456
2440768
1524736
1749248
743488
4423488
1228160
1895424
2858176
1280320
1428608
3208000
3730048
2320832
3714304
2078336
1639360
757888
462976
567808
1278016
1411776
3158272
5904832
1257984
1334080
704832
555968
1097088
462976
523968
451392
1545920
1041280
1109568
3640640
1568448
1998208
629760
1860224
1194240
2261056
839232
530496
1743552
1934976
1239808
349824
2486656
2248960
886080
2156480
847168
1410304
3034432
3494656
1140352
2013760
4656896
3952128
778688
1131520
4629376
587072
2488064
1559616
1168000
413504
1528000
1128640
930816
1210816
2705024
1711744
2768320
2970368
694272
5206528
854080
417536
754816
2732416
1748224
1846848
628672
1303872
1308800
444096
529856
1289984
835264
1400256
1697088
2491520
2316480
2284672
1181184
1548224
2498816
1658816
2614336
4450112
3048576
407296
432192
3649408
4079040
1270976
803584
822848
1113600
1124096
4221120
1008192
5163200
2795072
1290176
1437184
2955328
1061760
1081792
2630656
950656
1573248
2458816
1177728
2504384
2149568
759232
3796736
5449088
947328
678912
613184
966464
1309184
1889600
3954304
2789440
1704064
626944
295168
1264256
2254528
1928960
770880
1323840
1404864
1530688
2079680
1905536
3263680
2036736
4393280
916352
1460480
536896
1187776
839424
3074624
2678464
1465984
565184
2364288
2137344
1361280
2606784
1626112
678272
2867200
1893184
1452800
1530816
1653824
3184448
890368
2318528
516800
995968
1328064
2981056
940416
1812928
2620992
535808
1456384
1510976
1066624
1754496
725888
871872
1085888
1633280
949120
548736
3626752
3513600
1568000
1677120
1323968
1033664
3217792
899264
1400832
2778496
1359488
6056000
824384
1438912
705600
1267840
1442624
2760960
985600
2754176
1009600
1849472
4537280
2934656
833280
1687552
862144
930496
1093376
3590656
1134144
1119680
1210560
1846848
1633280
1805184
516864
1476992
1201024
1590272
2512128
2134528
5211968
3598656
2146816
965248
946432
920256
588352
1670464
5412928
466240
1513088
560192
1319936
2594240
1534784
1391168
1596288
4081792
795968
1315072
2044288
4229824
1544768
1947328
2709120
687680
586176
1400064
546304
1449536
545152
1098368
2162304
1284480
2101504
1559808
1599808
618176
1310528
1159296
4782336
3830528
2647808
994752
805056
2462656
2298944
403072
1942400
969152
1103936
2286528
1275136
2632192
1007744
912320
880128
3584000
1208704
1132288
437504
1668736
1557824
2152704
2231808
2529728
1495744
1039104
525760
1367808
2270784
2784768
2102976
2809920
1231744
1104384
776640
2701440
1915008
743680
882496
703872
1442880
3644352
1650816
967616
2673472
638656
1186432
764032
1224064
1055552
2455488
1221312
5141568
1912768
2766016
3940480
527104
5311616
786944
575680
1444672
958592
2030912
1834688
1147200
376896
1791040
699136
1245120
2874048
4524288
1488576
759552
883520
3212672
1432768
1579072
3264704
459136
1350848
1119360
690816
3363328
1978240
1212608
2848832
1763904
1727488
2170368
944896
919936
3231232
1234688
4827712
5925696
424192
898304
2489152
481024
1679168
3074304
676480
2775232
2277696
1484480
3417664
1080960
1137792
2061696
2617856
4255680
784384
639680
272192
1615232
1001280
2627136
2104576
3175936
1998592
2879680
5068480
1084608
1708352
439808
669888
759296
1047232
668416
1353280
829632
1570368
2226368
1703744
1611392
2264576
1757696
653184
1374656
1594112
1317184
1269760
1018240
614080
2582464
3244096
3047872
552256
5628224
1128256
1089024
3658368
1890240
5682560
420736
585280
411648
676800
926848
975872
1653440
1285184
1596224
1134144
2257216
901376
1285312
446848
963520
932352
2586560
5476288
3109376
3833536
922880
1467840
546560
1274880
3363712
1012608
955968
4377600
1030592
1212992
1118464
2361600
1221760
1836032
3780992
539520
1182912
1157824
768576
1892288
970560
4542080
680960
1164800
950336
2119936
812160
1394432
1702208
545152
902976
2704320
1277824
1681600
2120576
903104
2651648
1986048
1493696
1151232
1256896
1391616
2829440
1867264
796928
3028544
890752
1467456
1055616
4374272
4023168
933120
4162688
3816640
1195584
825216
1067584
1499712
1160448
810112
864768
2537280
2921216
1407040
1204480
1156928
6538944
1255744
1712640
1681152
475776
770752
1468288
1222016
1463296
1176576
1139968
4428224
681792
554176
2378688
556224
3307776
958592
1826496
1043264
1105984
2316800
2910656
1001216
2982592
1084544
694912
2927296
1448512
397376
1044352
736192
1105856
1018048
1049984
1797120
3233472
595776
633600
2615488
1338496
962176
1036352
1104320
2629760
1453056
994496
2010752
1928576
860800
1693440
2100224
3702208
1193536
2388544
2901568
1096640
3465792
738240
1168704
760640
973312
1909888
2649216
1660480
724928
2114816
1416768
2008704
1093696
668224
1444032
651008
2726400
2817344
1492416
1188800
2995776
757376
1507968
2145792
1186880
1668864
279104
2341696
2157184
1814784
934016
1476160
844096
625280
1194368
1118080
2616832
1394048
1079872
2809024
3954112
1270976
833600
2675392
4096128
706816
1608000
352832
341696
1651200
1236416
2093888
2204800
3569216
6304256
1699520
723392
3481984
1219520
1241984
1076800
3050944
2466688
786880
1540480
1098304
1920320
1017728
1832256
2286464
4014848
2509952
3043200
617408
667328
1325952
1082368
740160
1103040
1786368
3427840
1127104
2986752
1886784
4479168
1363200
654464
1803264
3318976
4663424
5044032
967680
1408064
1069696
1794944
1217728
1564224
918848
1705536
1004352
720192
375872
1353728
5131136
1814912
866304
969792
970880
721728
2303104
2172160
767232
1655488
1524736
758080
1188032
1962880
4940480
1279296
789760
1505152
1741952
2236416
2540480
1784512
3578048
2097088
1097856
939968
2438464
739456
2444096
974080
885440
1242368
681472
1115072
1195840
2620864
2651136
930112
2196864
3980672
754880
1168192
908800
1302464
395008
1674880
2117184
1888640
2104256
5538240
1444800
1877888
1712384
1152128
1088704
555456
4776384
773056
1239360
2564864
3331712
615808
2495552
388288
986176
1851136
1437056
4371264
1365952
1294272
1546112
1934336
631296
1071744
2746816
2668608
1521920
1368640
1527552
2005696
1242816
463232
993280
971840
844032
1251968
2191168
1856640
2831552
1977536
723328
4703232
3231232
1332224
1894592
441216
1625280
3010688
2728064
1084672
2123456
1841920
1695040
1003584
301376
980416
709312
1570688
1381824
955392
821504
1459968
5857664
1123392
2141120
3692224
1419776
2898496
3271936
589696
712192
1251840
2034880
1340416
1865984
3496064
1210432
2188480
1538752
1630784
1609152
1714496
1219648
2853312
291648
672192
1298880
1211200
2464832
2332672
2067136
5089088
2558144
765696
639488
1049984
1367104
1129920
3454400
1059584
882944
1840640
1049856
1038592
915200
919296
605248
1109888
1688192
1428352
919680
1081728
484736
1117632
1447104
1109632
5094336
874048
2029312
902272
1864064
3411840
1499648
1838080
567488
605056
1796864
1249024
1176768
1084032
825984
1496192
2287680
779328
2810496
1088640
1645696
2897408
1022464
1654848
1471168
1050048
913408
1168704
952448
1837632
1305728
1234816
1328832
1730560
809216
2137856
3160384
1161600
2422848
1642432
2569536
302976
2835712
2321984
1287232
4688448
2124544
1271040
2744640
693312
1080256
2603456
1460928
883520
854848
999552
1044864
1043776
1600896
2466496
981056
1692928
2881408
891328
3418944
2638592
1326272
1804928
2668864
1251456
2287424
395264
673792
500224
618816
2608128
5142144
2351680
4118336
3267456
870656
577856
669632
1051008
1218368
1156736
3460928
4244672
1518912
1291392
619136
1758336
2079040
2398528
617280
481088
1673472
3674688
1331968
3185920
4057728
628032
810752
411776
1918080
2001472
2001472
1492864
3062912
3011200
4053824
3204800
1213760
432704
994688
1143680
1056128
867392
2444864
3013504
3430336
2254976
1168192
2364928
475200
359424
691520
1742720
1401984
2136256
1206208
1807040
1027136
1840192
1025024
1932480
2104512
934400
559168
1507904
1811968
3529856
2315776
6016640
1669632
3357120
1359168
1516032
433856
358336
312704
1162944
612864
3760640
1944256
1419968
2245888
2477696
1603648
609216
2072320
2126080
822272
429568
522880
1281152
1071680
1530368
5721088
666368
847360
801920
724672
1091264
434304
421824
1301376
957760
2693568
3491840
1060800
406464
3247296
2119488
1753984
1559424
4213632
6444416
695552
1896128
1361728
1742208
829056
610688
440448
2582976
1877120
5370560
811712
547904
1137152
4451904
1634432
1307776
2552512
1604288
870464
3138880
5294336
2612096
1036416
2286272
1769792
6472320
1282752
1056576
628288
1832896
1653888
1946368
1420032
571072
1153216
1512576
1824960
2522048
1530112
2028224
1924864
2707584
2454080
3905600
2304448
5890048
662400
713984
1883456
1550848
714112
1106944
2946112
870336
706752
1032832
1946688
1084288
2021376
4250048
1751936
3107648
4194240
1884928
512896
1812288
394944
1247808
514496
1360384
1044864
3865088
1664768
4429952
1968448
1872896
1537792
912256
1619840
883520
3583616
780928
909504
1626304
741248
2097408
1174464
1161664
1070272
707456
2548736
912320
2426560
405888
1297536
2654528
4199744
2721024
1933248
913152
1690496
542528
812480
4733440
679488
1152896
1690944
613184
1245056
3302016
5309440
1117440
1409408
679040
1698880
3596608
1870400
2470720
339264
1358016
1523648
2492736
1378624
1434240
1221248
993536
438464
343360
1603584
850112
960960
946496
849408
2194880
1218176
1346560
1906816
1465792
3096512
3588416
1283328
1300096
1780288
1602368
3605312
649984
959744
1466048
552256
1104960
831360
3981248
736896
1136960
913472
2354304
1784128
991872
756352
752960
657920
776000
539072
840832
1443840
3674432
2599424
4337792
4004800
3140160
2315136
1250176
3154944
1756096
1482496
626560
598656
460736
783680
470464
2714048
902208
377216
994880
1547008
1156672
638912
1146240
1435328
2967872
1251776
1174784
2007488
468672
1155200
6473600
866368
1719936
1147968
980288
1275968
1731776
449600
2159424
2680896
4193280
6155200
627584
400768
1192960
1247104
835968
1589056
740160
3219328
774912
2359296
1644096
661440
1728256
1383232
769920
1254912
2773120
4576640
2711680
1004672
3254144
529984
795776
1474688
754496
1675712
1017536
1686208
1031296
1319680
2143808
554496
2059648
1159104
1189184
2752384
3195136
2022528
648192
844416
3900736
452544
599744
2136320
734976
841728
2387904
3906688
2035968
1571904
1433984
3306496
1577024
850944
838208
1395840
587328
1241792
903296
1693504
787264
1328768
3700352
1228736
2679808
2289600
2572736
668672
883328
729600
5445248
1739456
628864
2575872
1597632
491072
906112
1785792
1635328
305792
2721280
738240
1150208
1164416
1331840
1250304
1209344
2610688
3386304
835904
1389760
1476800
2067520
1729344
2091456
6460800
1467712
849984
2818560
2633216
1537024
3084224
1807232
5182336
5148608
922368
1463872
859648
826048
928896
1987136
2475648
2815808
4212160
1909376
1768064
967360
962688
1269824
3472960
3623872
1563008
3660096
2092096
699008
860736
731264
1712256
3799552
444864
881408
3244672
5238272
1978560
4142528
1159552
2355520
2340928
2182784
1837312
1505920
922880
1965696
4909632
1291904
5383552
1582144
5051968
723328
561024
6538944
644224
2328128
3257536
1351040
1776896
2166464
2354048
1177344
3379008
1199104
1324224
1731136
1979520
2900672
2303296
4271936
3693760
2987904
1202496
1771776
490368
772224
1536640
2990656
1696320
3621312
1625024
1636672
2588288
2205696
436608
1031744
776832
2285568
2229056
2206656
2366656
1234304
2394048
821504
2310720
805440
1755264
2279040
1632960
2913088
4873024
622976
2831872
1514112
2031552
754368
3841088
646528
693504
1069248
5943680
1818560
461056
2320064
1396480
1454336
782592
1018816
697280
3052224
1584064
1607744
588480
1330304
2014016
2095360
2517568
6273856
1185856
956096
4177792
1116736
1018112
437888
1042816
1139392
516928
1615616
965504
639680
3022976
2781504
2368512
1290880
901824
1610688
679808
655360
4524352
6221760
2076608
2420736
838784
5053696
2803456
1219392
988992
1172288
569088
3440512
3615360
1678528
1179712
1472704
751168
713024
1186944
995520
938176
225920
1889728
657984
3311296
731456
927872
1810944
714240
585408
843520
1744320
1088960
723328
1005248
977280
1441408
1109248
3636928
2136896
1217280
765696
700864
3061120
1013312
2000128
1028928
2172608
1164672
1361600
1476864
5576960
5159872
1441728
1707328
1647232
1606912
2935360
680896
1303296
2332608
673280
1005440
4582720
2966272
688128
1262208
1851136
2147328
3392640
866880
2767680
1214592
3773184
1121152
1155392
1222208
1794688
711296
2543232
611904
2005248
2527872
4814848
1047680
747136
2791232
1606976
3137984
1449664
493568
969024
474112
1970240
1438272
1004544
2381632
1586496
1645952
2305088
1081920
1362368
3643904
1130304
1937088
1461376
1436288
1628736
3419136
1542976
1119488
1329664
1431424
1148928
823744
5294272
1764800
2022784
1707584
2412672
961664
3341568
3642752
2189312
1099968
1064704
1021952
1055680
536960
619200
1258816
1650240
707136
1917952
3054144
2021056
1598592
903488
3853056
401152
1439104
1448896
2538944
6558784
826432
1923072
2087552
1238528
3300224
2743872
3947200
387968
702656
1538752
1203648
2174272
1292544
3236672
4162368
815232
2525120
1975040
1957376
1182016
1453824
1155840
3539904
877184
732416
1100352
1535296
1364672
1802752
2154048
1382464
5343744
1734720
2417600
1577664
1982400
6033600
1022912
1239488
985664
1640768
2599104
1556032
716160
5148736
2823744
1589120
4466880
1176320
1094080
2487936
590080
2869760
857216
1285696
3908352
4205504
1418624
2752384
748032
949056
875456
1430144
2097280
1359104
1634752
659200
682176
758208
2746304
2738624
2354432
3817984
685888
1269440
952832
844480
4052416
3076480
537792
4413312
1032704
1440768
2606976
1600000
1136640
1369600
1712512
1832384
2515904
3987264
1560192
1164864
2217792
1375360
1210944
3337024
1267840
1640704
1887232
1353344
2645568
743744
816000
1054848
1896832
2622784
5120768
679616
1175040
882304
1783168
1466752
1264320
1222272
2315520
5549056
2988864
1662528
1029824
2164864
1102208
3094400
4247040
2603840
769536
2672512
1155648
4811392
2297664
2906624
3144896
889792
878720
829376
1792640
1790400
2747584
2257472
1344704
610752
4446144
1005760
1461184
1720832
1434048
3071232
385408
1251904
2015232
1294272
3493760
2572160
2921088
1300288
902208
2070080
1209152
1559872
2136512
941184
4480576
1878336
2124928
1547520
1244480
1488000
2385024
863936
1163840
2005376
1487680
3045888
1950336
2106112
1790016
1729408
2792320
974144
1078272
1396480
3445376
1258816
1843648
754560
1149440
1620224
3533696
2462208
3474688
626432
1226816
1978880
528576
1180032
1302528
2184768
531520
1388608
1465792
4030656
2213760
5258880
330240
738752
915136
5869568
1444608
2069248
3789120
3904960
3664768
1268160
2628416
1359424
719680
547392
1495168
565568
1112448
984448
3421504
2968640
1479552
1781760
1463424
1197696
1362304
1876864
1583488
638656
912576
2821632
2233472
5922496
942400
613056
1588416
2484544
909440
1122752
1316160
1727744
835200
1838976
943616
1844992
1508352
748544
2575936
3677248
1641088
1034560
1556096
1244928
615296
504320
2143744
1854784
1879872
2359168
3724864
1364736
1404736
551104
1101888
1200320
3042816
1652352
5125440
2113728
1505536
1517632
1218816
1117504
948544
407872
1343296
1407744
1054592
697792
946432
2922304
468160
1750208
1518464
374656
1313216
2346432
1019328
1409088
3198720
1766464
5236544
981248
3333184
4446080
1625920
1327616
806848
1345408
570944
480960
1866624
1490432
2380224
3976704
1744832
2355840
4474944
896832
480000
785856
765888
4462656
2849024
2125568
3284480
1290432
1463616
2822144
1543296
3911808
997504
915328
1359872
2384576
879552
1092032
1661504
2079168
1315776
2251584
1567872
2602816
1292160
1966272
831936
986304
2073088
3596992
1764352
2304320
1389504
998144
4276416
1339584
2183360
955072
1071424
2465920
3097600
1716800
3307520
546880
1804672
1218368
3777024
2445248
5511360
608192
973440
1036672
630144
2723328
3128512
1965696
3675584
1127552
1025600
1491712
5057664
3610368
1498048
2105856
1527616
2176768
782464
1817280
3458048
2052224
1346752
453696
2495232
3299008
1236864
811392
2559936
2187776
1704128
2971328
1784576
3650816
1342848
1743616
1503168
446720
1575680
1550528
6651584
2354240
2996864
1119872
2186496
1560000
1568448
5191168
1887872
566400
884288
1375360
592256
1959616
1975488
2195392
734208
1459840
3808384
696384
1328576
2581760
5179520
442688
1682688
1381312
928256
3510592
1473920
2916288
2240640
5491968
1985024
2784192
940800
926528
736064
606656
1336832
969600
1767744
2921920
2139328
2518272
4679936
1461504
1635072
3052160
377728
464960
703040
782400
911360
1060096
2522176
4096960
2762752
696576
827968
2696512
1647104
1776192
1545920
2852224
892160
739520
1629888
401984
841984
764288
5770432
3218368
890112
1484864
655552
826112
1885760
1027840
1675904
3683904
2983936
2463360
863488
872384
1058944
903616
1591104
1115584
1420608
1923584
1985728
3868992
3020288
5093056
1418368
1644096
2014336
2183552
1907008
976128
2391168
1213696
402944
2009152
1660480
4087040
1584256
3123520
2339840
2542080
951616
1559808
6972992
806016
1588032
1744640
505280
833216
1172096
1688000
2559040
1721344
2953536
1521024
1470144
1048832
2222528
3051648
699648
1584128
1822272
1656256
1105536
993856
795520
411584
1130944
3630848
1979520
2863616
1458176
1779584
4793792
2298688
1892544
617152
2253248
1281408
1526912
6247296
662016
1578112
2659904
2225792
2226688
1023744
1378688
2347136
676096
3478208
948736
4050048
2149888
2395328
1054080
1046144
2000960
992448
1886656
2325888
5077312
2719680
247680
1308352
1496384
2094016
1872640
1701888
1211520
761664
1411520
4908160
4647808
419776
635136
685888
2319552
1151104
1572032
482880
1685312
2188864
904896
4100992
1976640
1858880
681728
1011328
1175040
1206272
796736
618496
1118656
1092608
2084608
2204544
711104
671872
2190976
1769664
2212736
881728
2490560
2189504
776256
6220288
3125504
520448
1011712
2280640
1371584
2105088
1026560
1023424
1844608
740992
2707328
3940544
3089344
5991104
5895552
1610240
3921600
537152
1272192
937856
1950976
274560
1506432
831296
1673216
724160
2873088
1199424
313408
2086976
3109376
1803840
1259648
1162048
861248
954048
914048
857664
941824
1513344
1494400
1215296
1325376
1004736
1056768
6620672
1212352
2511168
1652416
816640
1109568
1329408
893888
2409856
5804800
528512
3193408
4357312
2038912
1058560
5340416
1254336
1115712
2808704
664256
202240
2370432
1520768
1880448
1889280
1764352
677056
3155776
2287232
5951680
1540288
2292352
879040
635648
851648
476544
1071872
1952704
2503424
3437376
1152960
296192
1483328
1251712
2664256
1348416
544256
1188032
739584
2097344
2495744
759872
3388736
4066112
2620672
410624
869632
525120
1975488
1637568
3299264
764608
1176192
1738496
1569664
2002688
2316416
4396288
4968256
1672384
744832
883456
1127616
955776
745088
985088
2506688
1235392
1344256
557504
743936
658752
518784
859840
1947712
3543872
1747008
3304512
1278400
799296
2754432
633920
532224
1108096
1577664
2607616
3866368
5042304
1089792
630464
3026496
1538048
2090176
1120640
1010688
962880
2211008
2215424
5897152
1602944
1512448
1135744
3542656
584128
652160
3027200
1690304
390976
781248
1674688
2364288
3199808
1827328
1600128
2645568
3846400
1307968
2136512
2036480
2269440
1024384
2125312
376384
576128
820800
1375552
1600128
1948608
1102720
856448
1045696
5728896
1451712
3128192
779840
3918464
2252480
958848
849536
913984
762560
2345600
854656
2264704
1402176
1973760
2820544
1502208
1902336
1632384
5578944
779584
1234560
526080
1122624
2052480
1549632
688704
2433600
3851520
725248
462656
1604480
2246080
1174720
2418816
1540480
4037760
2195264
6559232
729856
1388352
3743616
3909056
1008192
1889600
2766144
1880704
1820672
1902400
4828032
903616
405952
5582144
1146880
2141632
922368
1518336
874368
842496
854144
924800
4504576
2469120
1620544
1660992
1769280
2580416
4333120
6416192
1586944
2328000
2011328
792384
1743104
705472
2079552
2654144
2361472
5348224
807040
2432448
1608640
1075776
1013248
1524224
896576
1789184
1251136
2203200
1553600
2231808
1770560
3100416
2820672
732160
1845056
819840
6743872
6437696
1002048
928832
2171712
906688
739584
1408192
631360
1235904
2076480
1608960
6446528
2297984
1961216
3564032
2415488
1912128
954240
548352
1004480
1920128
301120
876672
1350464
2228608
1068800
1523136
3601728
1258752
5532288
3719040
441344
464576
676928
1440256
299968
334016
1366912
1665600
1355520
2626304
749120
823872
1194624
887360
329408
1000192
2268736
1125312
1529920
772608
724288
3275392
1255040
2625152
1579328
870848
3669568
3182208
2282880
801856
537984
1158592
3561536
1296704
1433600
1009344
1314880
3628032
5334144
991296
1070208
766208
1074880
1243968
2214464
2611904
3100992
1938176
700160
2041984
3077696
1865600
2027584
1851328
703040
4206528
3764608
787264
1155392
902080
2283136
2311296
857024
3419392
1494208
1373248
315584
1737472
2010112
3712832
881472
2937344
834304
812160
1067072
1162432
822336
2772672
2049152
883392
2614848
4491968
3193024
1637440
1801216
766080
1157824
1934336
1859136
873344
1285312
3489920
2001728
5551680
2212096
1612928
2991232
1979520
788352
4647040
758144
823488
401536
1214336
968896
2013184
1135552
1309056
767168
2072384
2521536
1548608
678976
1608256
2319936
1127936
1230784
1445888
1374656
994688
996032
724928
2359680
1045248
3448640
2905920
3058752
2215936
2186816
3622912
2282752
2524800
3020288
777344
1628416
1064064
3033280
878336
1602304
2411200
4247168
3427648
2876224
2029568
866304
607616
379136
1508096
667456
619648
991104
1785152
888960
2043840
1125120
1156160
452096
1697728
1554880
3391232
2359424
871104
1475712
801792
1338368
999488
1506752
1792000
1316032
1390592
3520128
1015616
2405696
1799232
4088192
2577216
1784704
1005056
1593984
2033472
2492864
2578688
421312
3926912
2161984
1121152
2115520
1634944
528640
2936704
822400
611136
3008256
1775040
358720
751360
747968
1127616
702656
587008
1814336
1148992
5242304
1083584
2628544
524352
1756544
987200
763840
2647552
318208
1077824
1781568
1973888
2142656
2272384
1009856
2539264
2014272
314880
961408
862848
960128
1555648
602432
1816000
4693120
2005696
5249856
2379200
868416
1099584
1821760
898048
2660032
2237504
3619072
1263168
4417600
680896
3609216
1860160
1102912
4747904
712960
1799040
1268224
2245504
1553728
1580864
3050304
3281664
4610816
2523712
1378048
896704
783488
4497344
6170816
1811392
782784
1293760
1204672
3307008
5243520
5220736
1668224
1430016
5328576
5050112
720320
2690624
562496
3165888
476032
2195648
1898432
2864000
1515648
2347264
4073792
2452992
2534912
1002816
1311040
3503936
4763712
2257152
413696
5331328
1881024
1655680
4024128
3683392
1480000
914240
682432
8318912
882880
656256
569280
937728
334464
762112
2423616
2286784
957312
5814528
966272
1531456
491008
3632448
2902336
321792
536576
559936
1386368
1420736
953920
735040
1908096
2544576
4187008
5195264
2674176
1906944
2279488
2564032
6016832
5882880
786368
1809152
5530176
2500480
1106944
850304
4011520
1998400
2548800
480448
2134464
3911296
4800192
5918592
1820288
150912
560576
422016
715968
633984
4345728
1552128
895488
2289344
5129664
4945024
1216576
2301120
2853376
1742272
5715520
2652032
3877888
5698816
750080
2252928
9261760
2938240
5956032
1131072
2422848
598976
1056512
4209088
705856
982528
2518208
717696
456768
4490624
553216
2537024
1364736
841280
1934336
319424
1174848
1745984
740288
2420352
2140608
4912128
1386624
604928
410624
1837760
2810240
3887552
938944
279808
486336
2769408
1297664
925696
1037888
1577216
443712
474112
1895616
5598272
851072
6063296
1098752
1242496
2238528
2076736
5539072
1568512
865920
1810560
4397376
395520
565824
1469824
2880704
2184384
4849920
1321728
1042624
5188032
7889984
5929728
2979584
3751744
285056
1087232
1443008
1106496
2220608
452224
2401472
1037632
942080
1254592
3242176
2597824
4129536
4285568
278016
913728
1308992
384256
1088640
7768640
583232
1626240
2978688
2431040
3088128
807744
605504
1606912
2026688
2497152
2560704
4713216
2952320
1934272
384512
697280
820352
2775808
5991680
6099840
5844672
2844864
1080000
790336
512192
4352256
5521728
772608
764544
272576
5932160
414720
925760
3525888
1161856
4115584
893184
1498752
3952512
1812480
6024448
593088
843904
603520
2867712
1970880
505344
5255104
1958464
614784
3956864
410432
1781952
1040448
5130688
4307008
3757184
1032448
285376
593920
4697216
4370112
305024
1426560
2730496
1430272
4910400
3263552
8827392
3182336
1470528
720832
5224448
4971456
7629632
2247936
7279360
880064
537216
3801280
495808
1694464
962304
1025920
3390528
1145536
711744
909888
2994048
1196032
1365696
5392192
2879168
1220416
2421696
1500672
325504
842176
2268800
7885312
1842176
4145984
1953984
1114304
4883200
954240
5795968
1169152
7754944
2924544
4525440
2091840
396672
412416
594112
1090112
598016
1143744
2983808
1036096
1618240
4054720
2301056
1451712
3183616
3933824
1079744
821056
4154496
996544
939264
779136
2320448
2334592
2126976
1559680
3306944
665600
2037888
538816
518464
904256
4861632
924160
989312
739776
1398400
2511680
627264
496960
5930816
1437824
2809408
2591744
7555072
3397440
701952
2615360
1587648
2375616
11268928
3788160
9226112
5319680
3683008
3969024
4525888
503104
603072
1123840
2530304
2817024
701504
1938496
3949248
459264
898944
1069056
173568
1731776
3256512
673600
1132736
2230976
1367488
398336
3324288
313344
1050752
4229568
2613952
1433600
1270400
1731840
1583360
3143680
5084864
3158272
6384960
3572544
5026688
554816
827840
1978944
5363136
5460672
1677184
448320
1444096
1294720
888000
5491648
780544
2306432
2537536
1286976
1081216
1070656
1132800
2808192
2408000
3726912
7000576
1870592
4089472
5235072
966592
1032064
5777536
268032
540800
863808
391808
1958976
693952
6161856
2057024
515328
537344
567680
590784
461312
633536
1334656
1105856
1914560
2833344
1014208
3700288
700480
2637376
3112064
4452224
2035584
1284544
552704
4088960
5347136
818880
819008
632064
1468032
714176
570816
1474304
1448704
2269824
929472
906816
2303104
2995200
3056832
344960
5278976
1433664
1046912
1273344
415552
1730176
6302208
2217344
4628992
4993088
6205312
4928448
4327680
334720
1530496
4252480
574656
1165056
1108032
2137280
533568
415424
1025984
1210048
2774656
2667840
940288
2552064
2471296
3496832
3312832
1619264
1530176
1865408
3933248
1428800
4524480
3445760
4519936
16835392
1275648
1455424
3645312
214976
1321664
3614720
751488
2277952
697344
2861056
5377344
2850112
2377920
5089536
1353280
838400
751744
2089472
5752704
10008576
611520
398912
670656
2089344
1119296
4285888
2501184
2441472
1231808
3251456
3420864
5928064
1745664
758144
2312896
1214848
2001984
2400960
351808
3927040
5595264
1736000
2579264
11219968
474688
988352
952192
644736
843648
2501632
1864704
808832
3733952
3653248
3508288
847232
6848512
1433088
3858880
2620608
1203840
371648
622528
657664
1887040
1378944
2845696
1560576
4158016
3120768
642752
768960
2510464
1110656
4350080
5421184
946944
4396288
1358976
2735744
4866304
5909888
1366208
2674176
292032
502208
571776
7535744
10537664
710272
802368
4506240
5073216
1308032
3538304
3881728
1371712
3924608
781760
3658752
5332160
3967232
605120
2407296
1507072
1388096
4210816
652608
1887616
2035136
1960256
4857856
1012800
9591872
8030528
959104
2972096
7946496
1363904
10842944
3815168
2225920
822208
1634816
1139584
2974528
1323456
812992
747456
1529536
898624
2320064
1263808
4093888
1641920
497216
413056
1034304
867776
3511872
2112704
5442624
816000
1094912
876096
2558144
5390336
1007808
2635072
745216
4418112
1488128
5624256
4552576
2133760
360960
2560832
2092800
1965248
5022848
2841408
3784640
2340928
4183360
612544
5317824
1373568
4104192
1547264
891008
1591168
2240448
2797248
2508672
9866432
6834688
1007680
4074240
2947072
2418496
881792
9270528
2019776
4193216
553600
2709184
757312
4415232
1634304
1108160
1126464
1539456
1219648
1244800
899392
1686080
3598144
2231104
1507648
2604928
1834880
734848
2206784
1143872
2702656
4923776
4291904
1463808
1499840
1521792
2534336
2649344
1120128
1259136
1568768
2498496
2605824
4067456
3815872
2272768
2368192
1954752
1466752
1239104
1832960
4131776
4007040
5578688
1434816
4569408
1641024
3912128
5201408
10843840
7068032
1508928
1515136
1961216
5406208
5035712
5671168
4794304
811072
1315840
1284992
1870336
4801024
853376
779008
2056320
2077888
1354432
996352
1855680
2347008
2231936
2054144
4705984
3867200
2772224
11076032
5236224
696000
1102144
2761216
1215296
822016
3273856
1207744
2688768
479616
759616
2277632
3151488
920704
2389504
2505408
5141312
5256832
5221632
1225984
2626240
2537664
1566144
4096896
681792
3100800
688832
2133376
4106176
1941824
2681984
1204928
2259008
1206144
1939264
3456192
3369408
2765248
1692480
9903872
3318528
1283712
772032
1517952
488384
2261440
1232448
2670080
4572608
1230848
2408384
1431488
2046272
1694912
3662080
1848064
2091584
4616128
569600
1303232
2694144
2761536
2472512
1554368
3149312
1089344
526656
1174208
1448640
3714560
5084224
4190464
3734464
1363072
3246080
3898496
1415872
3688768
4256128
3713408
5039232
1223360
3329280
1290688
2786880
745472
3575424
5163968
4630336
3223168
1155456
1163776
5419520
8120000
4550336
553984
2917632
1035584
416640
3562176
2591360
454336
769600
1392768
2041472
1471936
1266752
3914368
4669376
474752
3269440
1422656
2066432
2712768
1125056
1200768
1574144
4705920
1906368
770560
701760
4179584
918272
1534272
3052160
1071040
2443136
4224512
2772800
2083392
1977792
2829760
1033472
702464
499456
871872
632064
5733888
2896320
4668992
3191872
1902272
2656448
4084928
404608
2428992
1003200
1665792
1138304
577536
2035008
1502656
2665920
1367936
2286016
1033728
1165824
4327104
2719232
3700736
4407232
3470272
3116416
3877632
5045440
2727808
1287168
4457216
6084864
1352576
1264640
5879360
18062080
3647808
496704
1479104
2317568
5477568
721856
2091072
5807808
5446336
1368768
1530560
4113792
776576
3672832
5833344
3019392
3830080
1828288
766784
2283072
3918784
2492224
1398272
5241728
2256960
6394496
2022080
6057920
4251200
3345088
1932096
4778816
3783744
4328320
1852544
1609344
1213760
864576
1393728
1086528
4577728
3427904
3434560
822592
4036416
1145600
377984
565952
962880
1925312
2127040
548288
718080
3933120
1308672
5509312
1575360
1643200
4092736
1828864
698176
788736
1141056
4339264
4404416
2014848
1260288
1222592
3314176
6107904
663488
5676352
3830912
4631360
2756800
3783040
1381184
4093824
3058176
4050752
1257024
5238784
4611584
5990464
2518720
4019392
1359168
6458432
4191552
4462464
1832192
3727744
5402112
1893888
3671872
1830336
4027712
1394688
3573376
3491456
692352
4039872
2849152
1608704
3922496
7320768
1363136
5132416
3089216
6266560
5995904
4691648
427776
1598912
2822912
2827456
912448
4077504
1044160
1849280
2094080
4402112
2192192
4355200
1872896
3809664
1182848
2159104
2465728
2100864
2479168
3533504
3624768
5242880
2134208
3168896
1478656
2674560
4314432
4656704
6107648
5091648
4202816
7729728
1438464
4504768
6158464
2775424
5028288
849216
1222464
822400
1421248
1328768
877888
1741568
880576
1318720
1754816
5872960
1916224
1203008
1005888
1920960
1689664
3250880
958272
3930752
1077184
2587200
1899264
2682112
3847552
2379008
1221248
1787328
4452544
3135360
3881344
2002048
3522432
9503744
3654144
1051584
2146944
6212672
4261376
5017280
2451264
5489664
1835456
4561856
2165952
8030592
3498240
3895104
1353472
2291776
3399744
459136
2326528
817984
1970880
522240
1498048
2398208
4311552
2970240
2757504
4920832
457664
2218624
3028544
606016
1518592
1290688
2924672
1498048
930688
2972992
1726528
648320
3630592
1947584
2107328
3152256
5724928
1880704
1618240
2841024
3554880
4025344
6162432
1700352
2114880
1260608
4474240
2022080
2217024
1599616
6295936
2692224
2844672
882240
7754432
1347264
5776512
5872640
2619008
2682816
6388416
891456
1112192
3923392
4092544
1774144
2274432
3082688
847488
3321472
6487744
2960128
1425472
769856
936128
4419456
2604032
3585984
8179072
3103424
1098688
4325824
4478272
6723072
1775872
4093760
2514112
3791872
1744320
868672
1647104
2159232
2997312
1623104
1685504
6148480
743040
3936128
3553152
6469248
4214848
1279616
2232640
1028224
3638592
1972352
2822144
3176000
1716736
3601792
2701184
1036288
2302976
1273408
2028672
5470016
1889856
1532800
4303360
1707328
5764288
5698880
2835456
3075392
4797056
4622720
1097728
1691520
1544832
4572928
954880
2995840
1812416
2364864
2855552
3061312
4257088
670720
1349760
1227840
1924736
1334592
5188032
1109696
2487936
5071360
5815872
4128448
5047104
5169984
3451840
3304896
2772736
6507712
2560128
3242432
5379520
2813248
3027456
666880
1333056
3268800
2728256
675712
851264
1155008
2430656
3932416
6770176
2143104
2363136
1084160
1196032
5229632
963456
3646656
4761344
1442560
588672
679872
996544
2203520
3941248
3815168
4936960
1644544
2827968
1830976
1635520
5013888
4380224
2453888
5132800
2686528
980800
1685568
4703040
6439680
7332160
3468928
8118400
2666752
4103680
2197312
2912832
3904064
5088704
2571776
1894592
3947072
4812736
6191872
3234432
997632
1211072
5118592
3463936
1536576
1414336
3004544
4552256
3781056
5286784
607680
2186624
1657856
965632
1902400
1442304
3783808
2998656
2621504
10612736
3530944
8350400
3359360
3167552
1823680
2709376
3057792
3004672
2767296
1092032
2177984
5049280
6247616
7518144
5833152
12709696
2335040
1666304
1463296
742528
1376000
1634176
1285312
1565120
1263296
2836224
2130432
2008704
3155072
3570432
3779008
5974272
6083968
5544064
6913536
2037760
5384384
866752
2271616
2085504
1729408
3371968
395008
1407552
2314368
5680000
2447296
5507840
9246784
3309696
3240384
3780096
4334272
1921152
3087808
1370304
2549120
5988416
2183168
2024320
1489536
1052224
5998336
3403456
2052160
6235840
1736128
2460864
1184960
1350912
3028480
3360768
6279232
1317504
3791424
2484608
9208320
4873280
3654976
2785472
4106752
2164544
4539392
402432
6682240
4615104
3078080
4195328
2865536
9920896
4905088
5642048
1252928
3330688
761984
3809088
2686656
4274176
1851008
2734208
1374400
4380032
6307840
7033536
610368
1038848
1418496
1712960
1342464
775360
2115584
4876992
4682752
1845952
2466880
915968
1833728
1046592
3235328
4508160
2149888
3746944
5748608
569728
4083648
3071360
5444544
3550080
4500544
3563200
1016832
2049088
5011840
4358784
809344
1903296
2217664
875904
4292544
3682560
4677440
5564352
2140224
6632640
5338368
2964160
3093568
4597504
8496960
1308928
4975232
3286592
5454656
6146496
4856128
3452864
881408
2787584
5275008
583360
1724608
1267008
635840
2594880
3415488
2402368
2691584
5123328
2796224
2198720
1760512
2450496
5775296
2276736
4325696
5582848
7420736
4045056
3509760
2359680
3001152
2967168
3282816
6451072
3517760
6521088
2270848
3204416
2862080
3215936
3583936
2965888
5373568
7612992
3450688
1020480
3197952
2850112
2776448
1273664
4265344
2130112
2610112
3710080
6011712
1799296
1591616
2285760
2545856
2817984
1273024
4389376
4457152
5341056
5011776
5190464
7326208
12358848
5769984
2147968
5374272
6138560
7943936
4553216
3926272
11045184
4620480
4123584
4673344
5309312
2568064
3675904
1395648
596352
1432960
751616
1446528
1068096
1237632
2368896
6919232
3500352
1779648
4377984
3237760
1452416
2575808
1970048
2918144
2546368
2364288
7228608
4065152
5115200
6868672
1201664
1358080
2750528
3806784
1566656
2828864
5282368
833664
2732480
825792
2085696
4002560
1872128
1704896
3160768
1530560
3205248
4300928
2224704
4866240
1045696
1739136
1538752
5773632
2782656
3320896
2573696
5113728
3486912
4549824
4105536
4567104
819904
3830720
678272
3931648
3320064
4452928
618240
4306560
3244032
4018624
5199424
4478592
4620416
1953280
2997248
2566912
1071808
2325440
4001984
5640896
2241088
1598336
3566144
4993152
5471040
2838208
4774400
11319040
4884160
4891904
3860352
5356672
2411584
3297984
1224448
2118080
4014720
5227776
1361280
2952256
3507712
4116736
1470784
906752
712128
1880576
3941248
2628160
3234688
2064640
1113536
2732864
3591744
1741504
1409536
662912
599488
1351040
1333632
4413952
3728128
2515712
1886656
3390272
5527104
1186368
1084608
3890176
2823680
5272000
951744
2006784
2164224
4327552
5042560
1387264
2996288
1565568
1725120
2776896
1968448
4814592
4661056
1434176
1992064
3146240
2976000
5325376
6992128
2341056
1059520
2281088
2509056
3664128
5338816
6378496
6481984
4209984
3130624
2657280
4288320
3757760
9301376
5962688
2794624
5269632
1915136
3085568
5170688
6139712
5368704
3307200
1293312
1015744
1984832
1955584
3241280
1157184
1991360
3607616
1366848
3786432
4570176
11779520
5588480
3640896
845056
4989760
1049216
2129408
774208
510208
1444544
2792768
4632768
680832
4315456
3307328
1600384
4592448
3049216
2554368
4893952
4544768
1674432
4837312
17028672
2763200
2561152
6034240
1336960
2636992
684800
3708288
2146176
1793472
5065920
4789056
4569600
3928320
3995008
6528192
1695872
1056320
1856832
2640576
2934144
3726400
617728
4704896
2045056
861056
1792064
1066560
2143616
2136832
1170496
1924032
3821696
3384000
4801152
4440512
5730304
3720704
2648320
1076672
2191168
7080128
2082688
5093696
6930112
2711168
1691968
3226048
4179328
5254400
1145088
5904768
1030464
1273216
2492800
2721216
2100800
2964800
2605696
4572544
6464896
1227328
2088896
3531968
1068608
3666752
5479808
3537216
7052800
2443456
7819584
862144
909952
5846528
1317120
1813568
1287104
2205376
3080768
2916352
1326912
1875456
2000448
4502784
868672
1733504
1419712
1758336
1482752
4700736
5107648
2235072
10038336
2729920
3480384
5967168
3276608
5795648
3171584
2060544
2280320
4889088
3534976
1731136
2567936
3837696
2872384
1633408
4128832
4872512
912704
1343360
2196352
2062272
5255488
5916672
4890880
6407232
2215168
5592192
9864256
1904192
3240064
3829312
1414976
1403520
2961920
6510592
7127936
5414464
5753920
4070080
2054080
6617408
3443776
1653056
1465536
2041728
1394432
1902016
2567232
4237056
4605632
2722688
4747456
3918528
3878464
3314816
2392256
5963264
5084032
2216512
5533312
3846016
2755904
2228352
1279232
2160704
2581184
2936064
5130112
2434176
8836736
2456576
5001472
3039488
1593024
1381312
2718720
1622976
1592640
3812672
5322432
1025792
2227328
4460032
1131584
5296384
2935424
14302208
4501184
4023424
2817280
1936640
1901440
1327744
2251520
2145280
2128576
3231104
2897216
3181440
3247680
2215744
1009472
2564480
1787072
4918080
4744128
3486528
2269376
2985600
2884288
6434944
2958912
2443712
759168
835008
1627200
1897664
3786944
927232
2043008
1567488
3283904
2691904
4959360
4886720
1796352
4936256
4640640
4985216
5264896
3651520
6507200
2402752
2268736
2771264
2813440
2399168
2335424
590784
5287360
1803776
5159168
2201216
1457152
1049664
2706368
2161280
3115712
5902208
2354944
1070656
2674816
2375552
1832256
6692288
7617408
3021376
6248512
2706496
1368768
3856320
3411840
7524992
2871744
1245888
10404416
5385728
5683200
1753344
4178176
4088576
3008896
1207424
3459264
3571456
4768320
3082240
2893184
5778304
6381312
5301568
3799552
6105728
7390528
4083712
1797760
2673728
4872832
4031616
5410624
2633920
1240256
949312
1535360
3828544
1514688
366848
660416
3606720
1930880
1436160
1124992
3971200
2335616
3942912
3166464
2518656
3139392
3245440
5210048
1103808
2668736
2029568
2874048
5789632
5357888
5077632
7243776
6095936
1048448
6091008
3391744
999552
2516800
3706688
1547968
1542080
1009152
3920896
2651840
2032768
2853568
1124800
5017920
3378240
5284224
3119424
7496960
2049472
4353920
6701056
8344576
1043264
4408384
3208448
1823552
1798144
1757312
1806400
2419712
2044416
1918912
3764096
1239360
2227584
2074560
882048
1558976
2882816
6503488
2961344
6602624
5190528
3018624
5654336
3393472
4494528
1785920
2925056
3925888
1843520
3129088
537920
2054400
1496512
2801600
1208768
1466944
3563840
6610560
5597440
5679104
5058816
3312256
2394368
4291904
5450624
6718208
4873344
1081216
3023680
3728064
2811264
3606656
6251392
7999616
1428160
2750720
2444736
4446720
3294144
3135168
3322688
3396736
1179264
2345792
4300608
3184256
5180224
2152192
8417856
794112
2766592
3993536
5287296
2318464
1493312
832000
2570496
2964352
6568256
5797696
5942016
2427968
3717120
4176448
1964864
6237824
4474752
8712576
2309824
3153792
3683648
5107456
3789888
4452992
5078016
1974656
2726976
5254016
4445376
5849472
7680832
4292992
3886912
2075712
4868736
2612416
4061888
2649152
2791872
6038912
654784
2071296
3743680
4846784
4169600
5774912
3404416
3716544
4649728
3813376
1009728
3289472
1734272
3400704
3108032
5357824
3185344
3670976
2938496
3281216
6291776
14459072
25973632
5203712
3237184
4254080
5371392
5385024
1874624
3139136
3675840
2857408
4956032
1669248
2827136
4338880
1774400
2168448
2948096
912832
1435840
1769472
4563840
913216
4377472
6440640
6265280
5824448
5049984
3164608
3463424
4727872
4485696
2901952
5945728
5897728
4819520
6135744
987264
1488384
2337472
1479296
2743680
3706816
3354176
1866944
1452608
1318336
1473344
2290880
3090176
2658560
853184
3484160
904256
3906048
4055040
2434304
3417728
9311104
5378944
4967552
2473984
4455616
3503040
3196096
4041920
5756864
2157760
1062272
11906048
1972928
4425408
6360704
2592576
1641792
2551104
5129984
2251264
1708544
3291392
3071104
971008
6022080
3311552
4329536
2727744
9217280
2382784
4713280
2935360
5374144
3997312
6084800
1468736
6109760
684352