11835904
16166528
18629184
15431360
12423936
10061632
6583168
6300224
7623936
4397440
6502464
5149120
4254912
5583680
6697152
6479808
3096512
2117696
2280704
3500352
4109312
2055104
1259456
3261056
2285056
1355520
1638528
2251264
1231040
1527872
1358016
1558720
3031104
759232
3490944
1742080
1841344
3246016
694272
1039296
1254464
678848
1058560
1293056
1959552
3008640
984384
743488
980288
1133376
736064
1119744
1085440
1178816
1035200
499584
495680
851008
484928
821056
427200
985664
1052608
503040
590400
1810368
738816
395776
478784
1329984
567744
1961920
885696
976448
323648
647808
322624
789888
366336
258624
466112
824832
433856
257536
498368
753856
994624
432832
3050048
602688
334656
531264
1070272
486528
398208
238592
614720
282240
1182080
1011648
1555008
396864
1773888
663744
610496
963072
180032
873088
294848
508992
472704
640896
863488
703104
711360
621952
2498304
2103104
3116544
2043136
796224
2662464
2527232
627328
5800064
841984
1768896
6016256
2798784
3784576
4417984
746176
3019328
337920
918144
968448
3096896
2589760
3425664
668416
2076544
2437632
2791296
2073600
5055680
2352320
1304256
3533376
3431744
1712128
2481472
5561984
1821312
273216
433792
3864832
1449408
3931712
3728704
436160
3806208
1734784
1349696
1664000
2199872
2109952
3375040
4002752
1130752
519744
3540672
435392
518528
2543936
2965248
535488
875968
4177152
3544448
3335808
1048000
1045888
510272
224192
534208
1038784
685952
2116736
1621056
5084736
3655872
845248
2681088
4168448
123392
228416
506368
1244352
734272
287232
1333888
249664
313536
2388096
4449344
2009728
4513216
2899072
881152
1930816
253568
1102400
2470016
3748992
191552
328448
332800
1796480
2760576
919424
5074176
562304
937344
3755840
3574912
4122304
4155840
250240
3620352
2833984
825600
2409088
3977600
831680
198720
491136
6782016
2170496
1098176
807424
2660736
3462208
598784
1212992
604928
973312
1123392
768192
954880
179200
3953856
1428800
575936
863808
5644352
4612480
3393600
1993984
1115776
469824
332864
229120
273088
324032
671424
933120
1853056
361408
668672
865856
1180544
2006208
767808
6384576
1732032
3441216
1193920
536064
396544
3805824
258176
411136
1458560
842112
187264
727552
472128
6002048
775296
2981824
533184
1266240
995712
1183808
4418496
4093568
3368384
2387584
3485504
1234496
118656
444800
2315072
444288
598784
673600
847232
468672
1135424
2562880
1801728
4633024
3389888
413184
650752
1375296
3617536
1304256
255168
3230912
1531136
2068032
5179328
3192384
3938240
492608
3917120
633472
1658304
573504
2862464
323776
538432
1048064
961600
524800
1692352
3632832
3864832
199232
5901824
362624
868800
761536
4288576
791936
1364480
500608
5679168
2663872
159232
276480
1484992
1875584
183232
1799552
1063296
1922496
880384
274944
441920
605952
1219840
344832
1179136
2537024
994688
935744
2643392
279488
412736
1213440
660416
746944
603776
1688640
152448
349632
1313280
2694976
2228544
709760
2959552
555520
4398272
5586560
376000
2140544
514688
655552
6098304
371776
434304
367680
774848
2353984
2200512
1569664
3016768
322304
184000
995456
1401216
517184
339968
881536
549504
2386368
3256256
453184
310272
592512
1375040
3458752
4097344
2599808
3264704
3825216
3033920
904192
560704
356864
811008
1317504
216128
1578176
1895424
705344
671552
982144
1155392
590528
1089600
4638272
2295296
727552
2377152
300416
637632
485120
450368
242176
748672
416960
1326592
584960
888768
2879808
614464
4670784
659584
747264
513984
651520
218624
393088
642880
930560
855744
1825088
548544
1747904
962240
2470080
1707712
4416320
424320
1483968
613568
183808
1463232
916672
745728
634752
1073088
562304
2051584
3687552
1133952
303808
904000
4376064
944384
1288576
2271168
762880
1873984
2118272
1150656
2528960
803264
1650880
331520
436992
1377728
1389120
1216448
1547904
1405504
1099840
1214272
248448
2768128
1289088
2551680
5104448
5504640
654976
562048
290112
549952
277696
571520
622208
936576
1509568
1035136
1034880
766656
620352
686656
1147136
647552
2008000
615872
1767552
1985600
526848
2859328
339840
1039424
1762688
473920
536576
738368
981760
1255872
491584
180864
1306112
628992
2847552
397248
1020352
1871680
1122240
1191936
799808
395200
388416
2931136
2840512
323264
1424576
1548096
1149376
4046848
635776
982464
263552
325056
582720
2929280
543232
890240
1193664
504320
1898688
421632
495616
2653952
550912
647168
954304
4274432
455232
1435968
1483840
1833216
1342400
747200
2907648
402112
301504
485696
547776
1038784
1599616
695424
580416
909952
329792
2993088
2078400
1904128
318976
1657152
509632
965312
688000
267328
497728
305600
454592
541184
1094208
429632
1307776
1704896
960064
564608
1995200
455424
403328
1506432
1485056
525568
237056
1242752
577728
700224
713920
1285248
4856256
1720000
2377792
769408
1076992
2856064
1479360
1755584
748160
2062656
786624
5968320
1098048
582464
390144
691200
1556032
2922688
676096
929600
1649280
316288
353024
3387264
2001280
3939392
1299200
363968
676352
259648
748800
4556416
2446464
3678848
598208
1329216
1516032
1061824
398592
289600
1335104
881856
668928
1074304
2001152
3599424
644928
3067904
1492352
598144
2121024
1414784
627968
1198272
4535296
2387008
763712
555136
1800448
1261696
694464
638784
4334656
506752
1190336
629568
740672
1125824
756992
816256
1133440
434816
436032
1515776
2462144
911680
917888
2523584
1221056
1719360
2924288
4072768
880064
894464
1855872
1384512
1188096
2016640
761024
3124416
3829888
3219968
1828864
4256960
1498560
1132416
477184
2096448
1746816
590720
5751424
2448960
451520
1495296
1937600
969792
1637696
652864
1362432
1111744
757056
1416512
1557248
890240
2155520
1507264
2136384
775808
2413696
584512
763904
947456
830912
1419840
705664
2624000
2393792
4371904
2331968
438336
784000
525760
368128
806016
571968
1531392
460416
868928
817344
3036864
896832
567296
942080
758528
665088
1697216
696064
1067200
2839616
283136
2369792
1313984
3828160
5865856
295104
525056
1232896
704896
685696
522496
1632768
2367040
4080320
1318784
749632
339072
537984
472448
590912
903424
2324928
1969856
854144
430784
1766208
1972416
1798528
1302592
1333440
175488
1600512
1668352
1022208
642624
2696000
4092928
2042112
716352
831104
823360
703936
305728
859904
652928
439808
519488
1289728
3167232
799168
2873664
804608
1145792
1283328
303744
1094656
1826688
4578624
398208
902400
2447360
2204608
520832
938880
351552
572224
1862592
4043456
1479808
320000
1423616
1542016
1010624
657024
737920
799808
1161792
2430336
1401600
1652160
547968
1815360
1353600
1224832
2100480
472960
673536
937408
1026368
1290752
1433024
1705216
871232
650944
6037888
1097536
1001408
614528
1480576
525568
1843072
1064704
2059712
4704320
2549504
4258496
3128640
386240
1406720
587392
729280
1897536
1818816
583552
859968
684160
816832
709952
1179072
745536
3937600
1439168
747712
1052928
1438208
1317376
243712
606400
3861312
1525120
854592
778496
1578624
2635008
866368
1228224
616256
1322304
331008
1113664
3212544
989120
675392
648896
1095296
281792
2607872
595200
657216
1844352
1844992
2840000
1384064
697856
813696
1671424
3956352
3697920
738560
578048
5187584
372800
559104
764288
655424
809856
1600768
1157888
1213568
558208
870528
1128896
1042560
865280
603712
932352
1061120
1289088
1236032
1514688
1734080
5319488
814208
347328
941248
584512
2172544
767552
2095872
1146816
4619584
6463232
1697600
364032
2910528
2505728
2327424
917888
1337728
1526400
3216768
2135488
604416
939008
532416
186880
451520
370880
707840
962560
1170304
2123968
3698496
1093440
4613824
1703040
373568
1082176
404864
854912
351040
1192000
467136
818560
1620736
2961664
656896
1034816
2459648
557248
538624
750656
555200
1421952
1213056
1528576
853056
5458688
2233344
1281024
894400
780992
775424
559168
556096
1999936
280192
426048
753664
2210432
1527744
3283648
6254912
2342400
2257280
971840
854848
2558464
539520
342336
816896
178624
297920
331072
962944
3712320
1608896
1386944
1804480
378176
4932416
716672
788928
1339520
1692224
433600
2729600
4068672
5594880
1608128
2286208
1176448
1486528
4033856
2856640
5027072
1465088
1241664
774400
736064
719488
1147776
514496
299136
383872
1112768
1484032
1070336
2349952
2078400
763200
473856
1372480
573312
1292096
280256
1411456
2453504
942208
3048960
911808
4266880
1992064
2129536
4851264
2199040
671808
1581504
2015744
481856
2204800
2005888
2408704
1388160
1266752
480704
1473152
2214720
512256
2387264
5137344
1768768
5846080
2915072
617792
1490624
1182784
2319872
1081152
3378112
1277888
1686592
2456256
694848
1849664
2816512
1211776
3825920
2747648
5381760
1044928
1417600
4959040
3569024
2040640
432448
2176448
959360
2229696
2136256
2153280
3933056
749568
511104
864128
1844800
4740352
699968
1529600
1342784
920192
2175872
3991488
679872
506560
4820288
624192
2716096
874112
762816
1658112
1166912
1177792
2123648
419520
403072
1145856
1337088
1202624
2998464
3702464
1232960
1369984
2320896
1621184
1589120
356992
3974144
2817408
2820992
792384
1573632
2989696
3347264
3370688
527744
2562496
1482880
1063360
4836224
1805440
1328384
5234368
2317248
488512
876288
472896
1671040
549696
693504
976576
1577344
932672
4901952
1621504
1173248
283776
693120
464704
1801152
1436864
3317568
1602176
1396160
474880
1257408
2107840
1347648
933376
2789248
857408
1029440
1650816
3851456
3920832
2397760
3220096
1695104
713984
495040
1554944
594496
715456
1948480
1106240
2387776
2388672
538304
810560
569280
273664
510144
1714048
1735872
6569152
2441728
1468992
794304
971904
2659200
2814400
1162624
2727616
1717248
1989696
1277952
3434880
729856
1705152
4441664
2006016
3267008
4100032
1526400
1323904
225408
587200
2335424
883840
2974464
3897152
2954432
2581312
1325760
2737856
2647680
2552000
2107904
866752
2999936
507072
548800
883200
1096384
1426112
1152000
2606912
4100864
441344
2827072
1056640
664192
540288
186560
954560
3254208
2033600
2463552
5194560
1122112
2343168
651520
684928
1425408
611776
1141824
1772800
1555904
1546176
4422400
3746752
976000
936192
878528
1000960
1175168
2651392
4274880
4059776
3174592
1113216
1117888
1638592
3793152
1092160
745472
1820608
2874816
4315520
3628992
1127104
1706688
1429504
1396352
1582464
463936
1916864
1514112
289024
1631232
4004352
769408
662528
1474816
1016960
765120
1676224
736320
3937472
1841152
232512
329664
1304256
2039936
595840
981696
1176064
714368
267520
580096
576640
1517248
3869568
3065792
787584
2528640
985280
1958784
1608256
1471936
832960
1251072
702272
855296
454208
2238336
2190528
1397248
5256704
1094976
947968
3458176
317568
694400
560256
1973312
3056192
3073600
848384
1357696
1549568
2547648
1215104
1834688
1656896
508864
1398208
2746304
3366080
5164800
3587904
3644736
4816256
2186304
1023424
4284032
1732352
1332224
929536
2464576
2477376
467968
677120
749184
1818176
2225280
538944
1492416
1758592
730240
1356480
1726016
2031616
380416
1719872
2190976
3585472
891328
366848
1362112
593088
3315648
1541504
541824
391744
2603264
1238912
3289536
1496256
994752
859776
1261568
964608
549248
1045184
1065216
4697536
2396160
916544
3104960
546752
655680
1145920
1407680
1133760
2743296
1577472
1224128
2884736
3230592
1008448
2105280
3016576
1647232
506688
385728
1192832
2848896
956544
1790464
5952384
1758272
2921280
2847616
1575680
1069120
343104
3220416
6117376
3403328
5732352
2936192
4928320
2221184
268352
1698304
671424
1635072
1223936
2096192
1057088
5595072
302144
687872
3012736
1681408
1254016
5165184
639616
1996736
3391168
4477312
2094592
2614144
1826624
2280000
5673600
2814656
630912
292992
361152
295680
642496
1490944
4117184
626560
225792
1287232
2558080
1496448
1309888
362048
451712
818048
1397312
948672
2347008
885696
1306304
370240
446080
705472
771712
971712
1017472
2069504
1709312
1089472
1598016
3616960
2449856
975232
3173696
2167104
884352
1350080
1763264
2997952
980096
2119616
2100608
1585984
1815936
880064
2383680
2681280
2064896
1448128
2490304
4171456
1848896
1603008
602560
2091264
2097216
1782400
4686208
3733632
3916672
1497408
1237888
675008
1644160
1250752
1890048
854848
2021568
483264
642176
364032
853312
310400
1458496
884672
4660736
2414080
1043968
1552576
471040
221760
2103616
1489856
2775360
3714688
3003840
5722752
1310528
5607168
5258112
305856
1046272
1256512
2471808
1978816
2989824
5001792
6216064
554496
679936
1841088
386496
2928768
4253376
1161024
533952
1492928
4951296
5047168
1457216
471744
2087488
624192
1014016
1809728
2126272
906880
663296
3285184
977920
1234112
2929088
2746304
6088192
1247360
1438592
1878400
825984
3445056
3992192
1995840
3677504
545792
2411968
1649728
5994752
1772224
3288960
3125568
2275712
1728448
549760
2161472
3785088
3361600
592960
963968
963008
2009600
946752
1912640
975488
853504
5182272
582080
1921664
1562816
2099776
2000256
3772352
1894784
2443776
3417792
5648448
6122496
291328
408640
1587008
2803584
1248128
1516416
1328064
1065792
461312
1199168
789440
2671936
1030272
1691520
4929088
2869248
1540288
6403200
376384
1363392
1632320
544704
3750272
4719872
5269568
2229440
2529280
2402432
1810112
375104
1782656
237248
834112
3163968
2608000
4596032
3008768
1534464
1061696
673856
2732672
1415808
1029440
4574272
2668352
3086336
2005824
3697408
1060480
2015360
560640
802368
1147584
377600
1582272
438400
829504
3402240
1755968
1023040
3148224
1052928
2852224
2163648
3583680
471040
6092800
1086400
3380928
3516928
467200
714112
900288
1966912
1557568
1239552
1830656
1314624
2091136
2486848
5974336
4576832
3583872
1073792
424320
371904
758464
1162112
1987584
4176832
4748544
4596480
501824
2396736
344320
1323904
597696
3135104
1015488
1448448
2185600
843712
2313472
1521664
2071616
841600
926464
2647424
1364864
4833984
5222592
2736064
940992
2522240
1560704
1401600
5264256
1689024
2143424
1512832
2060736
3294976
1589312
4998784
1920384
3954304
989952
2257024
6977280
1158080
356736
554560
1629120
890368
315584
1351552
814272
1113664
2731456
1239424
923904
2537984
2325568
1725824
658624
1797248
2286720
1183680
940928
1577536
980736
2908416
1080704
1512320
599616
1821056
3496896
2129792
1581632
1457216
1657152
4567680
3992768
1307520
1750080
4531648
763648
655424
1559168
1042752
1188800
3065856
4281024
2799552
1393984
1719488
827200
4499200
2066368
3824768
1596992
6365760
1739072
1114432
1442048
418496
906304
595712
1743040
1670656
3744064
2896128
596096
839680
866048
2632960
2684224
1231296
5377920
5314112
5573632
1263552
283136
545600
803968
2405120
1028288
648960
1335680
1365376
5022464
689920
1917376
3141440
3178240
3399232
2313216
370368
4520832
3670848
1263104
5948992
2224448
2929344
1550016
2604800
1868224
1663936
653440
1293248
1215808
3268800
1862400
5771520
3550464
927936
846912
6017088
780800
322432
3147008
736128
1087616
1175168
1664256
1145280
772288
381760
1687936
3673920
8204224
1600832
1953280
2444288
1030144
1803392
6266432
2732544
2002432
1106112
1137920
999360
832192
1186496
780288
5554368
1742272
1675968
3022528
3502144
1776512
1111552
577536
1490624
284096
990080
2554752
3960064
5151616
2369792
769920
875328
2793728
1321344
2142016
1188416
3244800
1324864
2240896
1082240
2541312
1892672
1785856
1244544
475136
1084096
818880
2134080
346432
2547776
741376
1918208
3837696
2263488
1656576
2430464
239616
960448
1619008
3824512
1338880
1663680
1643840
2018752
1381184
959168
1727040
2736384
903552
570176
2070016
630784
5169792
815232
1584896
1297472
4657408
2364864
2013696
830528
1523200
1912320
3159616
2048512
1322048
3166400
676416
660352
4158080
5460480
6297280
3335232
3143744
818496
459392
766848
3629184
3019584
2468992
554432
2102336
2686016
746176
2808768
827008
810560
2766080
514240
1687872
776896
988032
3108096
3662272
677696
3541504
4683136
1073088
628416
3864640
3553536
3050240
2421504
887424
1020864
2723520
313280
792384
1048896
4497024
3099008
1483840
1225728
593984
6705408
1263360
877760
5401280
232960
1947072
2193408
2529280
1563712
989696
2629120
806208
2478720
285888
2149760
5271488
4363968
1407872
4230080
4522816
2380288
1760320
5750592
2501120
5192960
611200
654272
4272256
1101888
2913728
2414528
2364160
1984960
2521344
2133440
4983360
4171136
742336
2430656
5590848
816384
2631872
895936
770304
2954880
5336512
3403520
2844224
690112
987648
2855424
1912448
2914048
2307136
2025152
2539840
3591040
5181568
2902848
687936
1155840
303424
3198272
6056448
6990272
1834688
4178240
4432384
2184448
923008
2480832
4705664
3846336
1501632
6257344
4468416
616064
920960
1862720
1035520
1288256
1409728
1881088
1117248
727360
3830400
3881728
3842496
2899840
585024
3430336
2225024
1729536
3144768
2397760
562496
1539648
2340096
2719104
5064384
2366336
4242176
959872
3563008
2449536
5482816
517824
2904448
4598016
2275840
1503040
3060032
2012096
2716928
928448
3599616
1562048
3083328
947392
2178688
772672
503168
2006656
1718720
1225728
3319744
1799232
1088512
810240
4145600
3999360
1042624
980224
3273792
1300352
5225216
1373184
372416
367104
816320
1565568
1988800
2572928
1569024
1554944
3694208
329024
614592
393600
2349952
4097472
4601216
2511808
3785984
786880
803264
617600
1811392
2914432
5158016
2499520
1275328
2516544
861056
2000192
2663552
2936064
417472
172928
3160320
689152
2983232
1925440
1994752
1625344
2919616
1376384
1940544
4107136
859456
1065024
5140352
1461760
1383168
1917184
3964352
866944
1701824
2925248
3165568
1385344
1400256
526592
778432
225344
650304
1820096
4216512
800832
2606464
3261952
1205312
1243904
1772160
1120192
2094784
528768
724480
1345856
2289472
3276352
5724736
4814528
8168256
1318016
377728
753600
412288
1136384
2704384
1980800
3097216
2104576
3969984
730432
3493248
835840
1106240
1486208
1497792
1316800
970496
1050816
2576768
1673408
1682752
4796672
6158080
324928
607168
916224
772224
4975936
2000384
2507776
2577280
5091136
1990912
437120
977152
1470464
350656
923008
2076928
1052416
4110144
5671104
5252736
755072
1294144
368256
368512
1995648
1735104
712448
2543936
1946240
2920640
2054848
2932736
2229056
2629504
1227072
1486464
3403584
2503808
2907008
1600832
1564288
5370368
4918336
1567872
764928
1466560
1524608
6500480
6165440
1482496
1848064
2572864
3845440
1572032
907264
2029824
2361024
2076416
2414912
3938816
1588416
1385600
1156480
1763520
6679808
5391808
4575424
2762048
1605376
3699136
530496
611008
4638400
2221312
3208960
989696
1555136
944448
2528256
2074816
4368448
1154176
2356352
1474432
2602368
1255680
1337536
1722560
3873920
3315520
701760
4720256
4692288
928320
1185792
936256
2933952
5582400
210496
702144
1119936
1635456
2586688
1464640
775488
2308096
621696
1058240
827904
1693504
1139392
396032
433792
2270080
2688256
5398784
1835840
5572288
1601856
3153792
2635712
757312
581248
496896
2699776
2678592
2008768
3450688
1814336
5192448
1944064
4860992
1998976
413632
1188096
2136832
2339392
826240
1461696
471936
4589888
1362944
663232
3390720
1542912
691392
2251584
2602304
2790784
2620224
4372160
877056
2577280
3011456
3517504
5004032
4732672
1764864
2157632
781504
906240
2568832
6082880
2678336
1449536
3165888
424960
1501696
1382144
862016
4133824
2482752
2377600
444288
2633024
413696
5722112
2145088
1863808
872640
3458368
5181824
1301440
3046720
5151808
5085824
2937728
1024256
1400576
1398080
2414336
2793856
1615488
4024448
1201600
1302848
1653120
2415488
2363520
1600896
1684928
5017920
542208
997248
2607488
1448832
1103168
1702464
2643840
2822464
5440832
1304128
4343360
3384576
2125248
3297472
947520
3708288
2628352
743744
701312
3157760
1063936
3408128
1920768
3418560
3336256
1425152
3004224
1127168
2595008
1453056
3631808
4924160
1312320
1635328
2108928
3436224
582528
726848
3071872
591232
567360
1766080
2494848
445504
1513984
1329856
1455808
1374848
5517376
1547008
2512768
6431872
808704
5101312
1461632
5814272
4600192
1510336
902016
1148032
255808
703936
565376
3322560
443456
3209216
5040384
2823744
897984
2154880
1235712
1965504
2030336
2182976
3191616
2693760
654144
1015232
599424
778496
2459840
1357632
1753920
2324864
2815872
3833152
2999232
1307392
395136
2159680
1297280
2911296
3861312
2393152
2156864
2416704
3425280
5423232
475456
723136
921664
1791104
2075712
825536
4438144
3037696
5276480
2819904
2299328
2632704
2561024
4497600
2463040
2126272
2040320
2226944
988352
955648
2358592
806720
2397888
889472
1875264
2035712
1870016
3511552
5551104
3425664
1188736
2637824
1216576
568576
274560
1521088
2004672
1546176
4165568
734016
5029696
5851712
2752320
4558912
326656
440896
3546624
3838208
2796096
1574784
2839104
826240
611968
768576
3416768
4718592
2331904
2001408
3884864
1356032
1750464
4435200
636992
869952
1597184
630848
690432
5437440
6532928
3372480
2935360
2663360
1332032
1031232
1174400
1098304
2481856
1511424
582080
4649920
833664
2666752
1508864
6004160
353280
1732224
3406976
878848
1471552
801216
2208384
729664
1093824
510720
2535872
1100352
2257024
833408
1254144
1304576
793984
596032
4494080
2290496
1753344
2192576
1550016
6490880
5676480
1133248
2966016
5148672
1707584
3303424
1129664
2453696
515904
1166528
5537792
1888064
4445376
979648
2885824
2408832
2850048
1598464
565696
971136
1853696
1199296
3474816
1110272
2017024
4570624
6556544
1331392
2320832
219520
1350848
526528
1045632
991552
1136576
3711488
4519488
2494400
706688
2290240
1135104
3153664
3864064
1933696
3151104
4293952
3234304
3173056
1971008
1547200
469312
1551168
1465984
3594240
1731968
1882880
719936
553792
5101888
2255808
1494272
1751360
817216
577664
1910272
1643392
1415296
540864
1173056
381952
2107968
1253888
660992
1471808
1278464
4792704
2928512
2053312
4004288
5342720
1757760
2065984
458560
920640
658112
516928
708928
1610688
3946880
1616448
968384
1826240
2212544
1689024
2996032
11039744
996352
469632
981504
1194240
604480
1296384
2728704
3628672
704192
2514112
1097856
3179968
397440
732096
136192
161280
793856
1203072
6336192
2829952
2465536
3634240
439040
1617728
363904
1260224
523648
366208
1249344
706048
4023360
2934912
2330048
521536
885888
2448768
526016
4863680
1206080
1487936
3229696
5941440
1805184
3883456
1590592
2518336
2683712
753024
3692480
3245952
4144384
3117312
4852096
2652672
2483200
942464
1747072
4162752
1596608
6228352
790720
1222720
1804864
4047104
918272
792704
1595072
571136
1070208
2974016
1120640
838016
2519424
1397312
1471040
707584
3412736
2121344
3210624
5293440
2022208
3615808
1761792
742912
870208
1160960
2755648
4274560
4151872
5505536
3164800
4119744
920704
1433536
1343616
3274816
3201984
1181248
4833472
1637568
3026432
1094848
852544
1444096
2774400
2731392
2413760
415296
3021696
1354624
2717760
678336
3065664
1429824
4158144
2359680
1047680
3512704
1719616
763200
2253568
1722880
2038720
1439168
474240
3746048
6124992
3483776
1701632
2600896
1930240
624384
307776
661952
166080
1006464
4916480
4174400
2574528
934208
1444480
1208512
270272
428032
947328
814592
3861568
3423040
4679936
1920640
4062336
2683712
1067584
3295936
2974272
2269248
2584832
1692224
3279680
1115392
990656
1083968
659328
3227648
1103744
951744
2411584
2354560
1426240
1795392
5317440
5214848
186752
1889984
760768
713792
1671360
2997504
1224576
2871552
2040896
878656
1672448
2021632
4841472
1158336
3024768
526272
2659520
1755712
4180864
2301504
4519680
922496
3695616
1622848
2147968
819200
6077248
2684736
402368
2659776
1711744
898752
4889728
4383360
5716096
1314816
1119104
315840
939584
1592640
1959104
6057664
1948864
1423360
944064
798400
1413120
4338240
1114368
1700992
622912
719744
447360
1024448
554944
1598272
1533120
3966528
608960
381632
853312
1440192
1893632
5437504
4662848
2285184
383488
3069056
2707776
980416
281984
1529024
1310656
1561920
4549184
4735040
1369920
5432000
1401344
2315520
1166528
1063680
506176
3351744
204224
2372672
1332928
908672
2289152
1338944
4576256
854848
2341632
659008
2079232
2047936
1435328
1715968
1529728
4005952
212544
897984
1377152
2226176
1161152
1935552
3285440
4668928
1227520
785024
4090432
1356544
3381312
1349888
1418432
3776960
1639936
1707840
3241408
1803840
4796864
1643904
2063232
344384
300096
760192
3678592
267392
1597440
1835392
1122752
2174592
915712
1580672
3680384
1030720
3889600
1325440
2921856
4493312
4526720
1084288
399808
1832064
2226048
2178560
554944
1751488
1659456
1597056
241088
1951424
406016
973888
2612928
781696
1968512
2468352
4865024
2776128
1097280
1756224
407168
2019200
6194816
1971968
1958016
4878912
4924800
5150720
3399104
2483584
210112
362752
1864000
849216
3308544
1353856
2869824
2335680
2410688
3250816
1090752
4323648
1846784
2462848
841856
2736576
811136
798848
542016
809344
2773760
3902080
749824
4001472
2061056
4865216
1704640
1476672
406336
591424
1608384
3616768
3727232
2964928
1342016
1237568
3651200
3468544
3690496
524160
2977600
540288
193280
3694144
1212416
2881600
5657472
1047168
1397888
2057344
4976704
2901184
4526528
1106048
1136832
2153408
1121536
816128
1264192
1156160
2751168
1547456
1064192
1033664
1999424
2011264
993792
5116416
1494592
1063488
5909440
1334080
662016
1288192
5980160
341120
1247424
1639104
1637376
2452352
2916288
2624448
2554368
6180672
467456
675776
1368576
2562240
3394368
6002816
6038208
6117888
1508608
4292672
2621888
3000320
6482688
693696
1417472
1584256
993664
2201280
581888
1942976
1086784
1373760
677952
1121152
3190144
4501888
3449664
1542976
3678912
2703488
2615488
1584256
981440
3439808
609792
1057920
1627520
1287104
2377088
3512704
4620480
1143808
6568640
1200576
3520320
2822848
3780416
1100480
1682048
5642944
2652608
1471616
2805824
3698880
1553024
6245888
1726592
2478656
2692160
934976
4652224
1744896
556608
4309632
1631168
4945856
1407680
2577088
5914752
973056
3267584
4495360
2169600
4664576
1348096
1996544
2301568
844416
1608576
2499072
4790336
1363136
3166912
5094208
3656960
5865280
2624768
511936
1099648
1814656
2336832
558784
3372544
732096
1678016
3864064
2265856
4656320
2259712
1660160
904960
2155648
1844608
3611968
6334976
1091776
1520704
841856
1298304
3369856
1305408
1971456
1586176
2952960
4836864
4801984
882048
510656
787328
1720640
322752
1732672
728064
489920
2555456
1726016
5006080
1993664
527488
4476416
1307200
751104
2076544
3920896
2141952
1076608
662976
818432
2540928
6501248
5190784
2507136
4791488
3288256
4227200
272640
1624832
455680
2496896
1685888
3082944
3092288
692864
2672896
1778880
1429696
972480
514048
160320
2598272
1751552
1224320
5923008
4153088
2182272
1077952
1964864
3478016
1046080
2805440
3129728
1346240
4823552
934400
810496
542656
660608
797312
1744448
6052800
1070720
1950976
1303616
2916352
2335168
3524352
1538112
1112192
2918656
3814784
3207744
1412608
2420800
2327488
1518400
956032
454272
959488
325632
1350144
1202752
513600
1301696
2247360
4782080
2865984
5514112
2602752
1912384
5563584
5156352
1074304
782592
592576
1954112
2478912
592000
955584
5304064
2450176
5152000
587712
1757632
240320
617664
4226944
420544
1004480
3261120
4937728
1724608
410880
824256
2558720
1514048
727232
2643072
3933952
3466368
3709760
4662912
2988032
1855040
1819840
4474944
1878272
565888
3006592
3714816
1202432
1019520
823744
730624
1563392
4366592
2134720
2319424
3820736
1514048
2171520
3311232
1942080
5544192
866944
3846080
3774016
898368
2622336
5731072
1955200
585600
5344192
1984320
2465472
6476416
2572992
4320640
988224
1784192
1344832
1088704
1346304
2363072
2239488
2760384
5297216
4327360
2793280
3276800
3313088
2416960
2165952
1513792
400128
329280
1431872
2015616
1280256
937024
3287872
4573056
1213120
509248
1978688
651712
1178944
917824
1083904
1960576
3676416
6172928
3696960
1216704
655232
372864
678592
3353088
793152
2818368
2180480
4059456
2529408
2275008
1000768
654720
4548032
855744
2210368
397760
3528960
2764288
990912
5104960
4751936
3078784
5330624
3324032
1303936
1605632
400640
1067648
554176
3372800
3523136
1541888
1158784
1581440
2035712
1227776
678848
5064064
887296
325120
1075584
1725248
1152320
962624
565184
1836800
2675520
1953344
3519872
6092544
2468928
1624192
5296064
3625088
4521728
590080
1414656
4831552
3030528
2029312
4535936
1534976
512256
818816
431168
1040256
1636736
1598592
1504832
1462848
3780672
3255232
3992192
1217280
3558144
497024
552384
562240
479360
1847360
2246720
940800
2280000
3387712
5993280
5119232
1048384
513984
319296
188864
2590336
387712
4200704
3826304
4287616
265088
2584064
777280
568384
756736
4129984
3341120
1680512
1600320
457664
3361728
4397888
4782784
3399488
1115968
707008
4933120
633536
1087552
3093760
1844480
2118080
1454272
2806656
436224
1723904
2307904
3406848
3076352
3652352
2417280
1398400
945920
918848
922944
1545536
1250432
4787776
3595584
2319168
4792384
4112320
1733888
1671872
1668544
501760
604288
1118144
1478656
3555008
3942976
2720576
4799552
732672
2746496
1245504
1070912
3472768
4304640
2154688
1870080
3352768
5086656
714112
3322048
4954432
2664832
2968768
2423808
3296064
2116736
1631552
4410944
3684608
1006016
500480
1165056
621760
1251712
3124288
4767744
3287040
4735872
2070016
991168
1391872
882624
2107648
2853440
1874880
1738240
2505856
2596160
2593024
6070016
1785664
4393792
1368064
307136
766592
876672
1411584
529344
1090176
3043840
4089088
596736
419200
968192
1401856
1275584
3420864
1971264
3344896
1630528
4655616
1461248
1586880
6404480
5313920
2421504
3728768
1695360
1147136
192896
1084928
1135424
873216
2329600
1137792
4048576
874944
2506240
2076352
2725056
1657280
605504
1195264
3563328
3512896
4323648
2169664
1497344
759552
649280
1128896
3574528
2425664
1017344
1365632
3035392
4052352
2706176
2793408
655872
1068928
989248
1150016
2424128
6469184
2735040
6204096
1358528
629568
1237568
3290176
1027456
2354176
1947968
12029376
3646016
6088768
2078976
772096
2458304
3785792
6293632
4109696
3366400
2156288
1691712
3895296
1105664
1284864
751616
1831424
1319552
4737280
1465856
5083136
5700032
574656
697856
1179200
1100800
1487680
450880
2756864
1769664
483712
508416
506624
1006144
860096
4792192
2270528
1872896
1550528
1972800
3432128
1457984
422080
711168
2041472
4176320
6642816
4438336
1748480
5113024
1681152
6309568
3523968
1031360
3133184
223552
3431616
486720
4409920
2904448
864704
959232
3120640
3401728
3478784
3288128
1435456
1340352
2040640
3432320
1121472
1922688
1341376
2561728
1364416
2646464
466048
2605760
2189632
931200
3135680
543808
599744
2138496
1334016
3031296
1199040
6612608
2564032
4300416
1155712
1165952
993472
5623232
1016320
704640
1499648
3569088
756160
5534400
1840000
788288
2666944
1800064
438528
2754496
5342848
2518272
2289280
1672000
909888
829184
3059072
814528
1004608
1019648
2614016
962176
3032512
4952704
3877312
2279424
1001536
1573632
1293760
3682048
1368768
3270656
2694272
3676672
5192704
2703744
539840
1356800
375488
1335616
1716608
3073024
5341120
3536576
2905728
1676672
4967424
893056
530240
1710400
3237184
2710336
3224320
2190592
653504
1575488
1487424
654656
836352
3571968
1647104
2690048
3892416
1561152
3343616
4430528
1344704
5415168
5645760
1465856
382016
570624
1573760
1304384
991424
1864768
885824
2238528
1333312
450816
2849536
4028864
1906752
1652928
243968
922048
914304
1482560
1329152
1874624
3611392
515648
606528
591936
363520
2659520
473408
6721536
605888
1740416
1400320
2443392
667200
1009600
1438464
2990976
980352
2742656
5115200
3151232
2251648
2881152
1286592
839808
3479552
1702656
1275200
581440
1231232
1773184
491392
1883136
1665984
363072
2315840
5009216
4257600
3626240
5296448
5374912
3988096
540096
3297600
885504
1252672
760192
583680
633856
818496
1382080
3175680
3751040
2250816
2508416
1739264
401792
618496
2601344
2980224
613632
810560
2850240
2641600
4484608
2816256
1976064
5632448
1045952
550336
2057472
2437632
666624
5957824
2365248
5222784
5929472
4847808
2699904
1440576
959168
1802432
963328
625216
1861376
1610944
1761856
1493376
4925056
2091392
2179264
1145280
733952
758528
4507072
1013376
1484864
1299968
1740608
2647040
2702144
673920
705600
2505728
2377472
863040
1180544
6357376
1262336
1433152
665024
1629504
2222208
4816640
5593088
2441600
1988928
350528
550144
487744
3469632
1655488
2372864
1925888
2853760
900096
905408
4446400
624320
460800
1764672
1057984
451520
1557312
806784
2447616
1012864
1188160
2833920
1177152
931968
1918976
3177152
1197568
3957056
1038016
880960
1101760
3125056
1063232
2784576
3673920
1970816
3499328
4965760
2042752
2233984
998272
768448
1871040
1069568
4046784
3128832
1579968
3636928
4380800
1669824
1006272
1879232
1126848
2216576
6151616
2912960
2750080
1411200
1402304
463424
2952192
2248896
5743296
2518080
4189824
3970752
3437696
2468480
2589056
1855552
774400
634176
891776
5713088
6322752
3163520
851520
2099456
1950208
3222912
821312
1810240
1923072
3407168
5313792
3567360
778432
1689920
1830080
1488704
1568512
3958912
4394880
3963968
4302464
3998784
1094016
1012800
1089280
481984
1355712
1588736
3611712
3417792
4984832
5110272
733056
392768
470528
508288
2260224
2211840
1343232
2591680
3776192
5728448
2167040
1376896
1292544
1046464
842560
1172992
5374272
1778560
786816
1074176
2135168
1481664
1965440
4778624
1873920
2722176
2523264
4679808
456256
1833088
1075648
625856
5178432
4031296
1094912
4113536
1105088
364864
805632
4206272
1151680
972480
1216192
1753472
318016
1603712
1396608
3294848
1982976
2238656
2503488
1563520
2761088
2942848
769280
4299008
4974784
792064
2035200
1728000
483520
1751104
456512
1172672
1201536
2230720
974784
356352
1485248
6404480
740480
975360
540160
2499904
4922432
3869184
2929856
1086784
949504
674816
3814976
3647424
3976448
2339648
1657152
5051328
5057344
2422144
1046848
753984
2422656
1685440
991232
2364800
3208384
1750016
2576128
3515200
4270464
1939520
227328
1432192
1489472
2140800
2602048
2842368
882112
667200
3548416
3413376
1619136
2024832
2018368
4007680
694272
795072
1993408
1307968
1328512
2204416
4291456
4323968
4838208
2302912
1604224
1069184
574528
1170624
1558080
4379200
1071680
2350464
2190272
670464
985664
1714176
398976
1099328
3858112
6654144
3697536
1821824
3198848
542720
2754112
1678336
1358592
1292416
1024832
1266560
3984960
3619968
838720
1946048
250176
960256
6220544
887936
558208
884992
1790912
1259264
2084224
5405568
2269824
4406848
2040832
398464
2531008
2640576
5055232
5445376
582720
4309184
3894016
786240
1093632
2801216
1499712
2759360
1553280
5872448
2181952
3832192
1279424
2334912
2623232
1697216
433472
2139648
354176
794880
2247168
846016
1115136
938944
1475648
2377984
1125184
2340224
4505024
799360
3765248
551488
1556992
659584
7051328
946240
788672
763584
2201664
558848
3122752
1492864
1868160
2005888
5121856
824064
530560
618112
1360832
1559424
2699008
3572352
853056
471744
2129920
3539840
1072576
3326336
1921344
1605184
511488
5016704
399808
646720
326464
1131776
4035328
5825664
2836544
1585984
527168
1721984
1031808
203968
1028800
1452416
692864
2227200
3074368
3740480
5432320
864896
2162944
256960
1249920
1129088
1481472
4582848
3073792
4992448
503616
741952
659776
497472
954304
2173312
1726912
1758208
696256
5527104
672640
300160
749760
1352256
2664192
2429056
5927168
582720
2177216
684544
2970048
1037568
1958080
3140544
1845248
3166144
903488
1907264
1296128
2866880
2434048
4475520
381568
6075840
850112
1143808
3407680
5438912
395392
5351104
4426752
4068544
1615552
1991808
3019392
1406400
3435200
2117440
5387072
2107328
1760704
2988544
5773056
2371968
1053184
647936
2615808
1644928
4510592
2662528
3409152
539008
1698304
3702016
2156288
2738944
2452608
1114304
4936512
1134656
936832
6317056
2099840
3142464
1462720
4011008
3067776
997248
353024
316032
2361088
491392
452480
633472
2173760
1172480
2736256
3645568
1530368
6476032
1558592
2515904
2058816
1543232
2069696
5533824
5090816
3604224
5182400
2131840
490368
2566528
617408
632256
737600
6144704
634112
2028352
3788416
1820224
6641920
1308480
1929088
1065024
4937152
4392000
5247680
2029632
574336
4540416
1004416
1057024
1114816
3191296
581120
5673152
362240
347840
1415232
767808
2529088
2003392
722880
5411712
3088384
283456
829952
3065600
3592320
1843200
2008064
1413888
2749504
499712
1713408
6510784
767936
4868672
1002752
4848448
1775040
1347840
1771008
1013952
4472128
1181184
995968
3316736
1119424
3599616
1708480
1372928
2911232
2629312
4391424
3371584
3619776
504640
2112704
1851904
2816384
1973120
1703680
3293248
184448
2750720
649600
998400
1775808
569088
3519872
1728128
5142336
2463168
736192
1123328
4093312
543104
817472
915520
903744
1734464
2112576
4845760
3511424
1090752
701376
2915840
517248
1075456
476800
690688
945536
2865152
4128576
1169152
6166400
3495872
494400
561408
781120
5542016
3163264
2686976
1130112
4288576
3785536
632064
662720
1595840
1352320
2397696
3533696
4820480
4948928
7482048
1103424
3379456
448704
244288
247040
549632
1035328
2295488
2336448
1875648
2654592
2456768
344576
403648
1573760
1522048
444160
1888640
5717184
4511936
4479296
5253504
4384448
5357056
2559616
439168
1050880
1094784
434304
261696
620416
3831680
2302272
3239808
1029760
550784
2049216
1940672
2817728
2917696
3320128
5497664
2411456
1109504
930304
1429504
372992
894912
3972992
2656832
6307968
2126144
821632
406720
606528
981504
862720
477568
682560
1294080
4487488
3571456
1641792
757056
2204736
3388736
2578560
1429504
914368
1931520
3623040
1499008
1056000
1119488
3793408
767168
2611904
1333632
625088
1031168
2603072
4398016
5367168
5364224
2222720
1290240
2690368
655680
616256
1075584
489920
431424
2347200
6457664
401984
3518912
5049216
1757568
779136
4881600
1273920
982848
2777472
4156032
1867456
2328704
1648448
1465152
3691520
5877696
2741312
2642496
1223168
790528
539648
675200
1875904
513600
1682432
2744640
4837888
744384
1702720
1079232
1092864
1174272
2551616
2204864
2006656
1614592
1918272
1854272
3667392
1015744
4369984
4239616
3280640
3459840
1237120
1999552
4985728
6237504
3820096
3458432
2959232
455040
2149888
569408
1470592
2039936
1850880
4366912
2342592
2346560
842432
2458880
4902912
4299968
1386112
3299328
2177920
1135616
400448
639360
1503552
6361600
2256128
1615168
1262912
517888
1450368
2663424
1603712
673664
1638016
1559040
3798016
2862080
2692352
5101760
1579200
5459712
448128
1534528
1009600
3511296
2571136
5927936
5149056
637120
1490112
4136064
1969728
3238528
334528
624448
587520
1822848
2177280
802240
475392
1174528
381632
687808
2487232
6159808
5010304
3931328
3231040
5064000
3857664
2128064
907136
5670144
1256384
707008
1087168
1590592
1065536
3320576
1440064
1023744
1464320
1227328
3058432
2475392
5835904
2526336
4147328
5957440
1159296
3308608
2667008
2963072
873024
1241344
3742912
3416320
1980992
4275136
2687552
5838656
1714624
709248
1019776
1214528
904128
686784
1247168
2987200
559872
4611840
6582464
4694016
2507584
4533632
1016576
978880
1509568
2728704
5470080
1132352
1310400
1403904
1770624
819904
515904
2988672
1907904
4717952
4600128
674816
2183488
2462464
4733504
700032
477824
3094912
304384
2487744
3313728
1767680
2100928
887232
825792
1918976
609920
1632384
1593984
1801472
2154624
1518976
4054016
2697536
3999296
791552
2921600
1149184
2247808
2884032
1211776
3392512
6252224
5642816
949696
5586304
1477440
757248
378560
881536
1275392
5149952
1733760
2540800
2733504
958464
4327104
983104
3223680
1228544
3655936
4410880
1121344
920128
1454528
2946944
757120
647104
1617920
401472
785024
4966464
357568
4383424
1841088
1071616
441152
2350656
2296640
1864256
1827968
819136
4650240
3295744
502080
758080
2486592
4263936
3741760
1516032
4218176
5496960
2371328
1999424
1404864
2587392
5927232
315968
2699392
5596928
1318656
539840
968256
1579648
6183360
253376
2589184
1731456
3230272
1192256
895104
704896
3492480
1139008
4822720
763840
1871744
259264
1215168
5318592
2233664
516608
1001024
812544
6207488
1266496
813440
2179840
539840
2051136
1270656
1387392
556096
1396288
1519552
2025344
2327424
3061440
1444736
4863744
5863168
5417984
1833984
3729984
684736
2189120
1481024
3581568
2718720
4571200
2001728
1695104
2304320
3874944
4405376
6242432
1897728
1969152
1593152
488256
1914688
1457536
2467392
922432
2930816
2624512
1050368
1622144
2352512
1598720
5176768
2397504
468224
264704
1405056
1254208
457856
3462976
5707008
4247744
927936
5433920
3444288
1664128
2325696
1892736
6551552
1632832
196480
873920
1904000
1154304
1075648
5366912
2390400
3173184
2647552
3410304
308736
1756864
1157888
2311808
1352576
2324416
5850112
1398720
3820736
2389888
1504000
1254976
2247552
1467712
2338624
3458624
3977920
978688
2622848
732160
900800
2596352
3005440
1050816
4164864
1012032
1373888
2520128
2745728
5728448
583296
735680
967936
428096
3824192
1611712
4133376
3242624
5097792
2447680
918208
406464
2057600
2882944
1987392
3728960
2521216
3851456
3066112
678720
2039040
814528
2666880
2835264
1264000
1158912
676224
1052160
1235712
1807680
2800448
1388864
1333184
4823232
5110720
3553344
222592
1914688
1880896
779904
1431552
1187968
799424
2876032
3397888
6263232
2680768
313792
303744
1479936
1645824
1434688
3016704
3143232
1980672
2225920
2318912
1258432
1023296
1093440
1590720
2545920
4002816
3078144
3261184
1441152
385920
1178304
337664
1317376
3107776
5132096
3285184
2003904
2806080
3606208
730880
1177536
3004928
903232
1110080
4582400
3875136
1481280
1769600
476992
2231872
599232
1129344
1195200
581184
3637376
2602112
1009920
880512
1718720
4757504
2978176
3075072
766144
1182976
4600128
6137344
3824640
827584
2742656
641408
655296
822976
1300992
3534144
3820096
2572928
3638528
1123136
4791104
1122880
278656
2446464
3483712
9161344
4225216
2059456
705728
4658880
3951872
1483840
2706496
790464
743232
1784768
1491840
6160640
978944
5359488
2327808
2012992
1959616
587584
1592704
6585088
1958720
4446208
897920
1936832
4142976
445312
1008576
2993280
1976896
3768320
5686528
1175424
2810496
1390976
2766272
2932800
2348864
1221952
1260224
1644480
879040
1690112
2257344
4348864
1348224
2165952
2168960
445376
649408
1772480
341440
1837312
1474688
1141440
1884928
1592384
675648
777600
3414720
5522240
966080
3002624
3076800
1402048
4749056
2492544
5714176
4027264
4118016
1564352
3891392
835776
666560
678336
2037504
5863936
2871488
1816640
3515072
1239232
1611328
2645952
2451648
1102784
879168
3148288
1863808
1863616
4595648
1184832
1324736
937280
1855296
1083584
1493056
2128384
1039808
3251520
5516864
2706112
1848768
6135360
3462016
2852096
777152
1807040
3469760
428288
459072
1856192
980416
3471616
4071808
1285184
1182016
1502144
1342656
4409280
2449024
2750528
3161600
6446592
2338944
5947968
5606464
5631040
1997824
419840
884480
6408448
1958336
1353920
1447168
2821888
5116672
4448064
4395328
3240960
1398208
7316800
458368
481216
888960
2338880
3219648
628032
3648960
746816
2324736
1092480
1628864
2338240
1597760
1327872
588096
1372480
3302848
825664
1125056
3588736
1192832
2055488
3144128
1399488
2235136
1734400
625536
3276160
308544
4158528
2074048
1397824
443392
3694336
4441088
3454976
1328448
1820288
2066880
970112
701696
2150400
2425152
4283456
1310656
3674816
1641280
1691392
940288
1507008
2914624
3925888
882432
2935232
313408
1010432
1173120
2068288
593280
2744064
482048
3710016
1325184
377408
1923776
363136
1325504
2555328
535168
2112064
2653888
707776
1276160
310656
864576
2986752
3379456
4862720
805824
1080576
1810624
2041920
3864640
505920
1997120
4379968
897536
3641536
2482432
175360
847744
3689024
6027008
5826112
837376
1652800
991488
656832
3959296
2676224
4059904
3085248
1293376
1266496
1713920
851392
515264
2517568
3656576
2767168
2372736
450112
320192
792896
2552128
2588672
4211520
1660992
918592
3914240
895872
2708224
988352
1766272
1543936
1202176
4106112
1289280
3246592
4971456
3134528
4118272
3904896
593344
3473664
2888768
4707520
1570176
7460032
3068160
3414400
2815936
711872
2659904
873472
833920
1849216
4912640
2580096
1215552
1218688
1117824
4001472
3337920
1415872
1711168
929472
4249472
838080
1329984
1246656
2489856
5862080
1393856
3307008
2489856
1989696
3086592
2184384
2195584
1675712
5153600
4542848
2218880
768896
1732672
949376
530368
3164096
4813696
4260672
4871168
1549888
1327296
627008
1400000
738048
1396672
2712128
1738240
3161088
816256
1143936
1085696
3402176
1301888
1165184
657472
1001792
1103232
5046656
1924672
1706688
4344256
5122880
484160
1746048
1001024
1581376
287872
977536
372096
4220544
2096576
1918976
2175488
4632576
1392128
3320640
1741184
3850304
1635008
613952
3721408
4185664
3036096
664064
2695104
726400
2256512
2621952
1205248
1607168
670464
617152
3531200
734592
1954304
3957760
2595456
1972992
281472
503104
458560
634048
1001280
2169024
969408
4388288
3766272
3117312
3537984
440768
1417728
1298176
2402240
2369152
3903296
1316544
2592256
1772544
3256384
910144
1027648
5097920
1860224
2017536
5938368
4960000
690048
746944
945216
2153280
1293504
5561920
2717888
2165952
4525440
453632
1799168
1451328
1059584
4633536
448576
859008
393408
1254720
2330624
2056960
1213824
1735424
6241664
1777728
3319168
3015808
3049088
1583552
559488
1700608
5029440
1808128
7208384
2231296
5968448
4047104
262272
582848
798208
954752
1457280
1376192
4632320
3784704
1314432
660096
1297024
946240
4247232
1723584
1146304
2776960
3091008
611456
4699712
2017152
348800
2953280
2233472
3270272
3882560
2694592
2175680
969920
1546560
1733312
706048
1005760
4208768
946752
587712
1464256
308992
680256
2966400
962816
4717312
3550528
4240832
3462720
622272
1199744
354752
1042496
861824
762880
1826432
663424
3221056
641152
2983552
4418176
780224
1561408
1105088
2632128
3672512
661760
2298112
926592
1108288
2184832
4623552
844224
3764096
617472
1358464
1589568
1438336
752896
2021888
1668160
5165376
1848512
256000
375424
252608
2183168
5017664
408320
1123456
1426368
552192
1461056
6167040
1316608
1960896
3802496
620736
882432
2213888
2484672
4424384
1056960
2497600
5402368
3550144
1709248
2253056
651840
4427520
2852864
1297600
2078656
4022336
3250688
4400640
1549952
3426304
643840
1333440
856512
451200
2247360
4540608
1000128
1772672
3267328
2978048
1834560
2312960
1027584
1404288
2757824
6612672
806528
5980736
4504000
1310080
4339328
4076032
1186240
442112
644096
918976
2252864
3419328
2175296
4160448
747392
853248
1495808
3241856
802368
2383488
1560960
2957376
3286016
2273280
648256
2821184
2067392
634880
3253440
3760896
3018944
1515008
4450624
1084608
613952
1083904
1363008
1654592
5431808
978560
3050688
4794048
5384128
2322368
807424
1275968
2907008
4156480
2305088
6447424
1267968
1471872
3963712
488512
1947328
3686208
1317888
3406144
2294528
734720
3840768
397504
787264
2205760
4287040
2359104
4740160
5290752
3366016
2274048
1941568
2256640
1078656
791360
1814592
3981184
2722176
5986560
6127104
2799296
2264768
802304
582016
456832
2359936
813248
1315456
4366400
3181760
3194944
1654144
732672
5852480
1384896
1660160
4753280
322560
4294720
4395712
260096
3510016
4879488
2412928
422528
4714112
5809408
4207104
2178432
338368
1346112
416768
1268096
1075648
1384192
1410688
2377664
1375424
2707072
1455424
2000512
3113920
2209408
5003648
1966592
2803136
1550784
4816832
2770688
1617088
6019968
3788096
2390400
4565440
4460608
6036352
1680640
3383296
1300800
799488
4815744
1159552
587328
4179264
1571328
596672
3153792
4943104
3960128
3747456
2848576
1530304
2139456
2605312
1507776
1891456
2787520
4907200
1149184
1091584
1849728
2064640
570816
5295360
3711296
1838272
715264
2198272
1918912
2103424
3710528
2038144
1363712
477184
672448
2776832
3055104
2173248
1840128
3372096
1943360
969600
2279360
959616
3972608
2483840
1706624
3407872
6157312
3634688
946816
2756288
3283392
1525632
1318528
2481664
1361984
2902208
1249792
709760
807808
2216256
349376
905664
5408960
4057984
1175296
964480
258560
857920
1478464
2999232
2332672
3099648
2851648
1819264
3509184
2082304
4259712
410304
896064
4503296
5149568
6527168
3480896
731968
2119744
2617728
1889216
686080
1329152
6346432
5129984
6631680
1580480
2071360
2105984
4276352
1655360
3633792
3644736
4077504
1555392
974592
1132800
1102208
533504
1272640
1444032
1814656
2662464
2427072
4255808
4094208
2681280
4940800
1324160
2935936
3458688
2395648
2875712
1074304
976512
789184
1838592
2582912
3288320
3970944
1310144
4532544
4119488
848000
1191168
4004928
4171648
4512000
379776
1282176
2754688
1194816
1123008
3588416
3305728
3234688
4701824
1513088
1585152
1639488
2500672
6324160
1648192
591936
337088
1892608
234368
2086464
5306880
1379392
986944
1483008
3527936
656640
619840
859072
1487744
832704
1866048
3072576
2489792
2792704
4312448
1067392
1714752
878848
1844800
494656
1777536
695232
3900544
2556480
6399296
4180096
1379904
6655232
349504
742784
1017856
2318720
4775744
2673664
2797952
1686784
2368256
2803904
3805312
610176
1852480
4679296
438912
382336
577280
746176
769216
4823872
3419328
2722880
2031104
1303808
496640
920960
2352448
5335040
2714816
4245440
1045248
3192320
3073088
851904
1869504
859008
908992
2534400
1526656
1389056
973120
601344
2979584
643584
5189184
3322304
6447424
6642624
4189952
3266048
2081344
435584
347968
846272
1207488
1527360
2260416
922304
2523008
3559424
2421632
5671680
636160
4043328
1021888
722432
970688
907136
2740160
2765952
1393408
1474048
1570496
2316160
616320
1543680
621440
4680000
2394368
1573056
994176
4504576
2324864
4694272
927744
1824576
3611264
1137472
843776
358400
1184192
3530816
816128
1708992
2099520
4897792
10037248
1492992
3529408
419904
555200
390848
913216
1031744
3556352
3808000
1451584
2477632
268544
2343680
1067328
2918720
707776
1506368
2366080
3353792
3164224
6196736
1183040
3145408
2778752
5805888
649728
2205248
1997312
547072
658368
2121216
849472
2088448
1580736
1429056
2054080
1170176
3061056
3071168
1479360
1872000
4251392
3874752
675712
957056
3136128
1717184
2370432
912832
3616960
2787904
1071744
3520192
1437056
2243648
1154432
5152832
2392960
2445376
549376
2889216
2301824
2476608
2801600
5608832
2180032
3992768
600064
1383168
590848
3220224
443200
1474752
5076032
1722368
4220800
4695680
811456
5316608
2255872
1648704
336640
1170816
1306240
2553088
1106240
3445696
1567616
566208
3024768
3309248
1812480
1353792
3819904
555072
1136256
804032
1231296
1045632
382400
1537088
4625472
4814656
798080
1102080
1486272
2142528
2110976
2835008
1921984
1842816
303232
2134400
928896
5924736
1903104
4835840
3776640
2102144
1633280
2212224
3451840
3818112
611840
627136
942400
1210624
2863552
4040000
987648
471552
1230784
4602944
3447872
3921856
2175040
1384192
1577280
2797312
831296
766720
2166272
2891072
4224832
2024576
860160
1630976
1792576
1124288
1112192
3044672
1558400
2229888
1109184
1654720
5904832
3568000
2760512
4150464
1908864
1604480
1230144
423552
435840
1280512
3270144
4080320
1054912
2236672
843200
951296
1981504
209088
2307264
3004672
2056192
3270080
4807104
1867584
3450368
5294656
313472
1603328
1204800
4754240
3661824
3865280
3337792
839872
493632
556864
2358848
2285952
1348352
1438848
1585728
1462592
3406336
1179008
2324992
3923264
3445312
236544
5438400
1023680
6033024
3031744
3203712
3526976
4162304
4151744
5193728
647680
590848
3241792
3867648
240896
4661056
1266560
1870016
2516096
2584448
5050112
3150784
445120
2617728
585472
1189632
1700736
2590656
1128960
1610944
3059904
1078720
5046784
6050752
1126080
1279680
802752
392192
3782976
777600
1249344
5121920
1357248
3304704
5268416
1660992
764224
1483584
2727808
1496704
420224
2142080
741120
1068928
887232
1993152
1997632
1070464
2268224
1948352
1401600
888256
1117440
1649728
1793536
1575168
967040
452672
1848832
1115072
3153920
2351552
3066624
960128
1167680
2462016
5895296
3544384
3851648
2200512
1269568
301632
940992
1838272
1043392
2350080
3299648
4368704
4049216
4002624
3715264
1883136
1069696
1065920
2353792
2678528
857280
3236160
812672
476480
877760
855680
833472
1105728
516544
644480
819072
378624
1239872
614336
4184384
4889472
2084736
4932160
372800
1158336
705344
219456
776512
529536
3219840
6140672
1621760
970432
3612672
2448832
676544
2849024
1985664
722752
4611840
2857024
563776
1858240
3784704
3605120
657856
2152256
1641920
2064704
3653440
663360
1154752
3969408
883840
4403008
2032064
2990656
1807488
7836480
1171584
1524224
3629824
5081216
1015232
3096768
3649728
1263872
3148480
2512256
6062848
4754624
1748928
2435648
4665728
417792
899328
2441536
2249856
4733696
1175360
956928
1737984
2643456
400256
4119296
5488448
3229312
939456
1208320
1097920
524864
1230400
840128
1536320
4366336
2254848
5852608
5520576
3623616
849792
1141632
4003648
1815168
1737088
235520
699392
698432
3463680
2176192
1303232
1126336
5278528
1413696
1512448
684928
4979712
2905344
4350976
1124096
2458816
770368
1278336
1625664
637824
839104
3478144
787520
3285824
5027584
4000832
1346304
3124800
1858624
4526400
2143360
1752704
764672
1204992
2393856
1409536
1475712
1597952
360448
1187648
4528576
2522880
5900736
3709952
3138432
6379264
469184
271040
411840
1231488
1111040
1335616
815680
1113408
1255552
489728
1530368
775552
2864448
1047040
224192
843008
3641728
1829888
4510016
3393792
1989184
524288
1110720
651584
711680
372096
897472
2409280
688512
3809088
1400576
1589056
1655744
1607616
3453696
5404928
1698944
745216
1490560
706944
2340864
2210432
3791552
634048
2451328
1881856
2730432
2907904
1657920
824128
5311488
4705152
2855488
1061120
1521536
4103040
804224
1458560
3481152
5678848
506496
581184
564800
508992
2423360
2071424
2846016
2537152
3753536
3360064
567680
1147904
2083200
417792
677952
2331968
2860352
1973248
1188544
4156928
4936320
4006464
1184192
2149440
974976
1522688
1609152
624000
507776
2779648
2004672
647040
2255552
1386944
1102784
1750272
3670016
2913600
3307328
3729920
1383232
1452672
439552
1390720
1279744
3984320
767296
714880
864640
797888
1684736
917824
392128
1342208
1334976
2720640
2405952
4366656
760896
601664
2079360
2630976
1023168
1737600
1836864
1571264
2050304
2074496
1245888
4907392
3074048
2872320
962624
3804544
1436224
964544
826880
5203392
1409600
407744
517504
1675648
680192
4490368
1514816
2991744
430208
912960
3232448
3115584
5878016
1931776
2423616
3484096
1394048
806400
3256192
1055488
4221440
950912
3272832
1871488
623232
2939712
2039424
622912
197184
362816
1978304
2251008
1183616
3317376
1415104
2941120
1370560
3666688
6141440
1575744
1033472
1639168
1041152
573248
1414720
5360640
1236288
2271488
2515776
3110208
1564416
3970816
2363840
2562112
1331200
1391168
1112768
5838720
2643008
3598080
4661248
1880768
3959232
2759872
1563456
685120
985536
3363840
1540736
1834560
516352
1341376
2356992
2789120
3008320
1511808
490496
969856
3664384
1070976
795264
3985664
470400
1780416
2445952
7360576
2555072
2962880
1347520
1538624
2812544
818880
594560
2753408
1018240
2406976
1362816
6509696
642048
354176
758592
2958912
3153088
1813248
2482240
2374080
1165312
2506816
1369600
3632832
864960
3028672
4318720
5504960
1412544
1398208
1646592
6376192
1568192
1248128
5488128
1008000
977344
918144
3631808
1885184
599168
439296
1001088
1213760
4173120
1654400
3737792
574016
1366784
5904128
2221376
1283584
1550720
1854272
559552
1753920
655744
1204672
2763264
3494080
1519104
1793408
1612416
5029184
2977216
3816512
4012096
4456896
618112
2515392
2057856
2775104
1069056
466816
2099264
305600
1768064
3527936
4329280
3206400
3845120
3417792
483520
860224
2273408
2312192
795584
238272
3475392
1566464
4051712
442624
2692096
4014528
5279744
4939712
1236608
5981696
1098176
2680832
3486400
1094592
4446848
2991872
556224
3468416
867584
3190656
1525952
3056896
3581184
2452160
1751808
4180672
3091264
693632
430400
1250304
1129856
1435264
902976
1860672
3716736
1646976
2050880
2552576
2334272
2854208
1719744
1362944
1225920
4779968
1801024
1376768
1411712
4594944
5062272
6611840
1454016
819712
849344
354048
894400
4888768
254656
1622208
337408
1390592
1996224
2724928
2708288
1045824
2208192
3761280
992896
784768
5895616
4202048
1427712
2366016
1914432
853056
3274944
3847744
5137088
472000
890368
5696128
1192384
3805312
800448
723200
5659264
632576
3345728
1105088
1603136
825024
2099776
4895872
4820352
2338816
1237888
1618944
1085184
2181056
928000
549568
1149504
1065664
2744960
972416
1840768
2829440
2307136
4755328
1574208
2018368
6278528
2844992
2759424
1552128
1295232
1467840
4242304
782400
1152064
1697856
2821440
1270656
1673920
1891008
1911488
2295936
1344320
1952768
1146112
1915520
1429376
1236480
5022976
3593024
3006336
3019200
3756544
935552
3568128
2550720
2696256
2986176
1058624
650496
2099648
1569088
878720
4294336
2966080
2908352
3154944
1711680
1559104
1060736
4816064
2288384
770432
2520256
1551808
4154368
1022208
2879296
2782912
1890112
6220160
2144576
5724480
3624512
1465600
2640384
5176896
7525184
3414208
2605632
829184
6526528
5407680
5005440
1266368
11948736
2163776
2861184
449664
1574144
1352832
1842688
2864768
2340224
2480512
5086976
3841024
2139200
366528
5102208
2960704
1599360
5326016
4774080
3043392
4862848
6208832
3208064
2891456
5826688
2964416
1698304
2316544
2553088
4866624
1743488
3443328
3892992
1211264
4395968
3887360
2892416
1307648
6343232
1435072
7852160
281408
2619008
765888
4493312
3003328
8651904
1565632
2797952
4538048
5949952
2109056
4349760
3927616
500992
3922624
6086208
6118208
1385152
4142336
1209984
5812544
1139584
3179072
2327616
5552768
3204032
3068672
4259904
3652096
822720
2016832
2504128
1777600
4289152
5358912
5131968
5226240
1876160
5800576
1902144
314944
5052672
5520960
1513344
748736
4632576
5084480
6178176
6681920
2386112
5625856
438784
4152576
1775936
2228096
1712960
7025728
1907136
6036736
2074048
1032000
729408
3855808
2320192
6255744
1950464
3111808
3920384
1784448
2268864
756096
2462336
1021440
2935552
6057280
3702016
8416704
4093824
1016640
5168064
5393920
4681664
1886016
5547136
1674304
5093184
6256128
835968
2096960
1019072
5079040
6937728
2185024
1575552
1540800
2267264
4567424
1698944
4526592
1397824
450624
4971904
2959360
2763904
4719808
9116608
3092224
4817408
2519424
3664640
4012224
7942144
826240
707776
926464
318784
2289536
757760
2519808
5212800
3011072
339520
4180864
6241920
2115712
2988480
5301568
1394112
1039488
3388800
8551744
3066752
443520
6171008
5992960
2155840
2971328
547776
2706176
1578048
469184
1014016
1508992
1724352
1383168
3523968
2249088
453696
4363904
869248
3020928
798592
4354624
3464704
3331712
3924672
1320000
4224832
5035520
2006016
2929600
4959744
3324864
1703552
2701632
365248
1623360
2034624
5502912
1399680
2833280
1647424
2863360
3431424
2675712
2226176
2623232
3229440
873216
718144
4706304
1845824
360640
1265280
6097088
3805248
1945408
2218112
2733760
4149824
707008
1097728
4220160
8730624
5346688
5315584
5247680
1677184
1998912
3557312
652416
361792
5635328
2905536
1790016
2585728
956224
370304
5395648
1446784
4122368
2327168
6151168
1687872
4319744
3815616
1244864
2785600
2703680
2275584
1404928
6006336
3001536
5265792
2997696
8283712
867840
725696
222784
698944
1912960
1528128
3503808
2105856
2759808
4641472
3293248
4085760
3624832
7170752
1515456
758144
4014080
5784640
2441088
4825088
672128
2064256
3758464
4980736
728064
3442624
2710336
1947648
4082816
9625984
2024128
3675584
2718528
355200
1341888
3388032
5959232
1362624
629760
3375104
1734400
2911104
5277120
4119232
1968320
3568768
3540864
5012992
1958016
6039872
2608320
5356032
5237120
5954240
985984
1355456
722944
2653824
4656704
1767040
2176768
346112
2732480
3383808
4066368
5130880
2799616
1233920
4145280
4935552
277376
3701504
212032
1593280
1390272
2642496
3890624
2808960
6651584
4965248
2752960
730432
3846208
1223104
4228928
143104
2295552
194240
1258688
4886272
3328640
1168832
4800000
1074560
4459392
3229888
1249216
3120128
3520832
2960576
3197504
2878464
1064320
4568128
1282496
4179776
775232
3812480
643520
1804032
4318208
280512
930688
913792
2085120
6394880
4997504
3967104
1200640
6431744
231680
647872
1362496
2943616
1811776
1840320
5868096
4559488
3072640
7349376
564224
362624
2172928
1590528
631744
1286336
955264
109248
605696
2826560
2499840
3355904
1531392
2515456
3637184
3884288
1926976
2475008
2416768
3365440
1140288
1419136
850368
2052288
1033920
1045888
3084800
595520
2572544
2548032
3871104
782912
7817920
4049280
1651584
708096
4107968
5317312
10206208
348608
729664
3521728
1214016
1571136
240000
2149184
6625024
2011520
422912
201024
3265280
2096576
2785344
5495104
2188736
3032000
509120
2286528
6394880
2465536
4110528
269760
643712
1355456
3931328
2745792
3006592
3647296
1169600
124096
632384
6313024
1591168
4950208
1083840
2441088
1350336
2344128
3636224
1523136
364032
3124480
4037056
3498496
1636288
2473472
180032
2769024
1112512
485760
545152
481664
4127488
819968
4927360
1730112
1975360
1542464
4870080
481472
2867072
3286848
4811136
4743360
5967552
960576
5547648
2040320
5820352
966208
4233472
1923264
4441984
443392
2119040
3190464
5359680
1398080
5559488
3573888
357504
1951552
3015744
3429696
1901888
11818688
6469440
1168000
1082240
2481216
658816
523072
2111360
5984704
3811200
1023168
4929088
7102080
5195520
13290752
1116672
3214912
1453312
1624128
368256
3438272
1223744
1155584
3524864
1478016
5660480
4188864
1137600
998080
1103680
4049600
814016
3436224
840768
591232
1637888
4918528
3894528
3048576
948160
1310720
4386944
2170752
5084992
965120
3435264
2272640
778432
3834304
331968
2805120
1171712
3022784
3053312
705600
1517376
6212480
1351040
1588672
3886912
535360
3341760
3778944
2971776
1788736
567168
1292992
1198720
3910144
2259136
3006080
4915264
550784
2763008
4002496
5338368
1819392
1698624
334016
4697728
1311616
2280064
2870912
1437376
15526400
680320
3247872
2950848
2182784
2032512
4521728
3665152
4697280
2840000
2840064
3999552
2348544
3692480
4033024
482624
1284416
1390208
2847616
3016384
1135872
2976704
5911936
4357376
3868416
4396224
3720064
2308096
4782784
2808960
3024576
560128
1611520
1143552
3967104
1323648
5514112
2193088
1127040
865024
2441728
1148928
6181504
3986432
2365440
1658048
682432
262848
1448128
1304448
3733504
3621696
462080
5968256
6144384
949312
980480
2808320
122688
613568
2182720
1302528
1554048
307776
4043648
888832
5184576
4027200
5425984
1348096
2028032
3464640
5073472
4128448
394432
959616
5446848
1284352
638336
3300224
5907968
334144
6402240
5300800
6294592
1193600
280384
364928
583232
3650944
1354880
4946752
4388416
651008
5810112
1265344
5058496
268544
1889216
1691968
629696
950080
3082240
1983296
197824
398528
766656
226112
4636096
6497344
699648
1108864
978304
4781760
2776896
2347968
5542272
220416
371968
664320
4342912
3119552
1652928
380160
901952
3830976
4155520
470784
4624960
356928
3116352
688448
5398400
2710336
2014080
554112
5888960
2615872
1240064
6017536
2791296
5534720
4874688
506176
616640
4586816
2033408
189376
1317696
281728
1270272
1886400
7507392
1973376
3413632
4183744
1738432
445440
4192384
4133184
3495552
4635776
3536384
16095040
1689984
3220800
5500736
756160
763840
661568
1625088
4395968
4680896
5028672
18874432
746304
5614464
570752
4943808
4573312
2508544
1094272
1896576
6605888
1738496
1167680
748800
5332800
2783232
358528
2784384
757120
556608
2048384
3432256
909056
812480
2142912
2695360
3835136
5007936
6068864
4535488
14737920
738112
2508672
1313472
390784
1224576
1809472
997568
1992832
3306432
2477312
2318272
3970048
2138752
2683328
617344
705920
3461184
3757120
4160320
1073408
4843264
2200192
2994048
849024
1806656
1514688
8223616
287552
468736
460096
3983360
3280512
614464
956800
715008
2592192
2794048
259328
627008
2223808
206080
385280
1211328
1376704
1219904
2856640
3074368
502528
8083136
5833152
1899840
3933120
3083520
491136
605312
2142272
3038976
1614912
3664960
4625536
1791360
2556416
2822720
2508096
12461696
1744128
2379520
3548160
2224704
5845056
4541440
1389312
4456768
6022464
399232
916864
550848
2300224
5676416
5121920
3771712
3605760
522816
5458304
1828864
449920
226944
1236544
4334144
136256
1175616
1078208
2789696
842496
1933952
267904
2504192
950080
1163840
927168
2846976
1673984
3692160
1416832
1743552
474944
4576896
2721792
840576
1886336
4675520
1000960
749440
1742080
5608832
261120
3244032
2110784
1158720
2387392
977536
705728
1479104
2085760
1626112
3218048
404672
535168
1711296
3028992
6022016
2273408
1059008
1342336
4140480
757312
4611712
5646976
641472
1426240
586432
3082048
3329472
2348416
387776
3171648
6335232
1790400
4097728
2127360
4175104
1299136
3183552
2071424
831232
3018496
2613312
1128704
345280
5331520
361088
5084992
4270464
2585920
543488
3690240
253376
1366080
758528
620544
4935232
1751104
454464
731072
5255808
922240
6310016
2653696
2128448
2588672
6130496
2806720
4662016
1724160
367680
5696128
2892864
245824
2431104
5000832
4051648
3387968
3017600
950208
5678080
917440
1840768
1940928
2885248
5940928
2038080
390784
4589760
150912
2981504
3871040
4987136
4054592
6092288
1429376
5224448
5654528
252352
838656
3163776
6005312
4283008
4667712
2349184
176576
221696
1803200
864320
2665984
946944
3790080
831232
4148352
4531520
4260928
2811200
4626304
4992704
1529280
2430464
386496
658944
255104
2605696
2523200
4462848
2155584
462848
572608
1089920
2709888
2736704
748480
1506048
11598784
2353536
638720
2718656
4277120
861632
4262464
271488
498368
1555008
5177728
2018752
2424448
6394880
2808896
604928
4811776
1808768
6290304
427200
652096
3376320
4150592
2765440
347456
3977216
1517120
5874048
1959744
592192
3156480
3562048
4343168
214208
1340928
5932736
357568
5472064
6241664
589504
897408
10011904
2699840
2252160
3940480
2248512
4889792
5694848
3069952
811904
2536960
1346176
336000
6066368
353536
1285696
321344
671360
1331200
2225664
1731648
1360960
874304
3728448
1081536
4924864
257344
261184
367872
781120
2968448
2587712
2529664
2022656
579904
923456
1942592
2037632
3800704
1533184
2024320
3955008
2567808
4406848
4668160
5860352
4178944
872768
5809088
398016
559616
1738368
3468544
2005248
550656
1344896
3253568
1674624
453376
880064
1463680
962048
953920
797568
3638016
5327296
657856
435712
2010304
6054912
2387456
869312
350592
1328256
1334976
2249088
1828224
995904
185536
3075200
241152
435136
2443008
616000
5153344
434176
1507328
1398080
3026688
1025600
1249280
6452416
1113152
2725888
561792
1221184
424064
3705280
2208960
4983488
4180416
1509376
2102912
2093632
2836800
1594048
223168
2700416
4125120
690944
1492544
5282624
767360
757120
995648
4445888
304256
597632
1377856
1392960
1879296
1104320
5313408
749440
3015680
2833152
534400
5269120
1259136
6016384
5603008
1466752
3352384
837504
1945344
5944448
3659008
6287424
1632768
490240
2886784
3546688
4241408
4349376
5111040
2377408
3212928
3021376
304384
2218688
994688
211776
2156928
5978944
1560576
198976
323712
850496
4467328
2650048
3323200
521152
5866112
612928
2552832
584768
4535872
2150976
5502208
1743872
350208
2173888
5779520
314304
578112
2259072
385728
4196160
1014720
4918016
769280
473536
8593024
6257664
1897088
1530496
1721472
1818112
2080384
1621696
2971456
266944
6244032
1123712
407168
1152192
3004608
4223104
596928
254208
1462400
372736
3659904
2097152
3331520
6034560
2244672
9340928
468608
705280
6446976
416128
1431488
1448576
1567360
4856576
515840
2880000
1868224
3641728
1952192
3651328
3303424
508032
2233728
5609984
1100480
1721600
1739968
1952576
3242880
1191872
4645888
7368384
1528384
787648
4419392
1344000
5308608
2780736
4120448
323008
2680576
2400448
1755840
3779904
5405568
5398144
3901952
530880
775040
1271104
1302400
1537920
1458880
252352
1259904
2775680
4953856
2099008
3335168
1373184
6618560
3144256
1805248
2938560
1892928
650944
4652672
527488
4234112
3598016
4250752
1884160
556736
2814848
616000
182080
413120
2129728
2447360
697280
4683520
3992704
600704
2998336
2135936
2978048
5296768
4823360
545088
453376
1546944
3359424
4459008
3099968
1146176
4805568
5940416
2276992
4170880
1334144
2037440
861504
537280
2247296
4275840
2150656
5101056
4164160
1335488
196800
1293504
5943360
1210752
3613056
4272704
562304
4987904
2773376
2674432
2541376
2612480
301632
2013888
501824
313408
356736
1336192
1096320
1582912
4148288
732160
4804224
900032
456320
1281152
1380160
1520768
3882944
471872
2169408
3267008
288128
346688
1366656
1865024
443136
1767808
2227904
5185024
5069760
1704512
2663552
2895808
8173952
1933632
564352
2138432
3387712
2232384
11658240
2502528
505920
842496
2491840
1174912
1069184
2752960
1951616
4641472
6095104
1177152
1875200
646016
610816
3245248
1336768
2678848
4748160
2227584
3039488
5163520
422848
3361792
535168
5813824
3635008
6466688
315200
268032
1329280
492032
2130688
3438080
1629248
6156288
1018688
2123072
1854464
2399936
373376
900928
3168192
953088
1002432
5530432
1857280
3675200
1074624
4969728
3470976
6039040
360000
1818304
3419840
890944
6011392
678080
1680832
3734016
6314624
3476736
458880
392960
669184
1730624
9939520
737344
521536
692800
944256
538176
1488960
2643648
2553728
600576
1786112
3087552
1805760
959104
1779392
5825920
331392
581504
1419392
1413760
1414912
4852608
2880320
405376
1064128
824960
3665600
5712768
1883584
980736
1291904
1927552
9707776
4888256
1105088
1278592
569408
1043712
6083328
4601664
1279616
4630272
6118464
1679168
614464
6273920
1024896
1269888
184768
926080
196416
2410688
1981504
365120
1342976
3256704
2541632
710976
6399872
327232
3436544
995584
2794048
4957824
5311680
282624
891264
239040
1898048
4679936
2407296
2340992
5632704
1045056
1516160
2985536
1093568
1628544
294720
378496
437312
6162048
1698112
3456448
705088
1238656
2604096
400960
800448
4916928
2424320
375552
1184768
602944
4848000
5143360
2678592
1001216
2779392
1656832
682048
636544
1812672
2357824
1797888
1361728
145280
281152
2921024
1049152
5328064
2836736
353984
3324928
2193216
5880384
2787904
9240128
13414144
519424
1820288
4766848
1055104
154944
2820864
2014272
784448
4424768
3103232
4836160
5832320
2943872
4858496
1985984
3540992
772032
743808
1779712
1562752
3523008
5494272
3834368
2956416
367808
1178688
1559168
2742656
2286144
2585216
4308992
1748864
6293888
2057216
343040
1246720
1688768
6171776
8912960
721216
1051648
523392
341504
4929792
4519552
2132096
1520320
2484288
1108992
393856
1224128
1029440
959296
3539264
5073408
1800704
5282624
1244352
539200
3325888
665792
2093952
3039296
3372544
1077696
896768
1265472
5244352
1792384
9352256
3518336
543296
378752
712448
3088512
2208256
632000
265344
699392
605824
6608512
3644864
4781824
1594304
190848
430784
745984
1955584
3085824
398528
6278976
949696
5154368
2523392
2599680
3861440
784704
1383360
1229312
835776
2560192
865408
488896
2491712
220224
1900096
4483904
4718976
545344
1386176
2109440
1235328
5587456
1383936
1708224
603456
301504
218048
4021056
2171520
4906368
862400
3285312
176960
2504128
2379520
3637184
1965248
1951104
2380928
1376704
1650176
1369856
2490944
1174656
3331648
11640704
6266560
1720832
2461952
261568
3975296
2334400
639936
4367744
2697216
4505472
2991936
3718912
4521792
6954560
500160
2755840
2524416
8414464
1525056
681280
1163200
1282176
5167104
3213824
2490560
1367680
1214400
670080
1112576
1116992
6080192
2170944
2168832
4079232
4393088
10776000
726272
5178688
389952
1576000
10715584
860800
1901568
5119424
1910208
1106432
4400256
1938816
1834048
797824
4221696
4142400
1924096
259200
4409856
172032
212992
448704
1151872
3152000
5431040
3606592
651904
2535424
2523200
10885888
1552704
3476672
898304
5973312
4003072
7943360
201664
1533184
533568
1428736
1245504
5979328
385728
927872
895488
4173952
1583040
8241600
6225088
456512
641600
2296064
2232704
4802944
2259712
3389568
7523712
584128
416640
856192
988800
4632128
1077568
2371968
5317312
810176
821504
4585664
6519744
610944
1210624
3068160
1652224
4927104
1371712
2447232
6540608
6219456
6040896
4717760
2239808
6487104
809216
5553280
798784
2500352
568320
3600640
645504
592320
1498240
499072
1181504
6415936
241856
1121856
2940672
3233408
5171008
3330240
1821120
5658560
3062272
4849984
3438336
2454080
702080
1161344
3484736
4499840
1688512
2668352
3741952
1320192
2485824
4569536
362048
2006464
6200128
3076800
314496
419456
1966528
2036160
126272
379072
287232
2329344
6571264
2627392
3300416
4601920
3767680
524352
759552
1630016
1264192
6377984
4204160
2214976
1434688
2196672
2458688
597440
3445504
4577600
2317248
655936
4589120
415424
3179840
2921792
3456064
1043200
2984640
3134080
3272064
1126656
2324672
542912
680896
4816832
5725184
3461760
489536
1607296
2076288
8316096
510912
254464
2029376
788544
1045504
6345536
2747584
4615616
1983872
1671552
8054080
286144
883456
3892160
461440
236864
443328
355200
298368
3168704
2422016
945408
1508864
1280704
2823040
1513088
2891520
4773504
3276992
5098240
3649152
1615296
5082624
1115456
1753728
358784
5033408
1366400
1514880
830144
1113856
2816704
2735296
404224
932416
2481792
2199040
1233600
365504
694016
817664
1538240
5119168
1788352
3337664
1512832
1291264
3041024
562048
3853440
2462976
3978496
275136
568192
430208
709312
2168960
3523072
1705984
1250048
1267648
1538624
432448
3768576
2686784
2256256
2822336
3492096
2650624
2191040
2767168
5018240
2053312
2490240
4637376
542208
3891584
4494848
1699712
5526656
1003968
596800
259968
1629312
5255296
1626048
1857856
3744704
896192
2762752
622720
2212416
4620928
3533440
811968
1888576
2139968
4243712
2836416
361024
13729216
6633984
1290368
299456
296896
951104
2214528
1087168
2739328
8603776
528064
495680
2518784
2877952
2039104
1620544
3507712
3578176
4660096
4336896
2228288
750784
303744
1077952
709120
706048
3682880
871872
243520
1479040
3711616
3913792
5771520
5283584
964608
1170816
2507328
1711104
458752
938816
271872
471104
366528
989824
1715840
810880
3734016
1982464
2614720
1657600
4672768
1668864
1038848
3120640
1283200
557888
2140864
6112576
629184
768320
4489856
2835840
1262464
1846208
6394688
1384448
5461824
466880
796096
2966336
469312
1532096
233280
710016
2075776
3258240
3907776
2619840
2761600
1540672
5684928
3124480
1856192
558016
3927680
5299840
2146048
2283520
2717184
4084672
1092800
1889664
2418496
5481728
3514688
2789312
2727296
341952
1378944
2383040
1848896
1039168
1554304
688064
4172544
1046592
1482304
5340288
1311872
3018368
3567488
3016832
2647168
1106048
1855744
788288
1365824
4088704
5182272
1501632
1975232
466752
1539392
3345472
645504
281856
834432
3539072
3364800
2630400
4716736
3662016
7132096
319488
1194624
4810432
1356096
3632832
2629568
930048
991232
1577088
3518336
5151872
698752
686464
868736
2744256
3085056
549632
3455168
3283264
1647360
3564864
4872896
2736576
2036352
2636096
1862400
4826624
2768768
4361152
623424
5720064
2393344
400256
3411520
3671936
4639168
6058432
948608
2020288
2097920
795776
6394624
1936512
5408576
3814080
7717824
466432
1942848
3010880
1192896
671424
4241792
837824
1115328
969088
4601536
684800
4320192
1919296
1214592
3075008
3548288
838528
2849536
11662208
406208
4544576
857792
1614016
4341056
4476160
2224256
1852672
2888192
6207680
5708736
1958016
1336832
11877184
1121472
712576
2613312
4992192
3523840
228608
1643072
2668544
3247680
1289664
4531456
1216000
758272
789696
1862144
827904
1551424
4575936
1320512
1227520
1469504
574848
3392128
2022592
4321536
3652672
3420288
1472832
5946176
1346816
2071168
514304
3958528
5419392
1510144
1790208
731520
4574464
1751168
1658752
1311424
1203328
4281344
3698560
1935168
1056576
2335360
1217216
6545408
4101120
1001728
420352
383616
280512
1260032
4704768
3515520
668864
3961920
5921152
1630784
5104320
3860288