9024
23552
30912
39616
52096
53888
104192
51520
106176
225088
167552
155200
213440
348288
392320
221312
243392
131520
287296
192832
189184
234752
316608
239424
308736
255424
201728
293696
278144
241728
200384
230336
389504
282240
89280
292032
180416
284480
218176
205184
208704
309120
297984
166144
343680
110528
144960
248832
226880
265792
283776
147264
296064
235648
264384
216448
326848
120704
233984
248512
104064
228032
139328
286400
180672
176128
190208
148416
346752
190272
283200
54784
256832
112960
69888
191488
260032
63424
273344
194688
168512
177664
161152
139584
118912
215232
132672
189312
160192
264640
172928
138816
189056
182592
188032
292992
171392
110656
319424
217152
209792
227520
154752
94336
217536
847616
265152
270784
23232
177472
244736
116160
294976
128896
228800
1455552
283776
177344
1190016
483648
75136
585856
911040
144960
307328
132992
928896
290432
169152
716672
1074688
482688
953408
1803520
1326080
107456
1532416
354944
148480
2749120
971840
2500800
7364352
141184
638656
19010112
403904
5562240
10466880
9684480
34880
488832
9908224
6740224
557184
6179968
145152
2000256
686464
4618304
487808
355584
8773696
408512
533184
1038912
594752
3070592
1639232
2518464
616384
641088
13246080
21163264
829888
4623232
587136
2542784
996160
768128
3158656
1412736
3744192
5223232
1965248
23931712
4852544
358912
661184
262272
3490368
6820928
895936
586112
163072
14414784
22811776
343168
816000
1001152
1473472
2014656
1294656
2807296
511552
2245888
2232256
1203776
3520832
4488704
7531136
2920064
701440
285504
599680
997696
3905984
1045376
22346560
7325760
5422080
392384
887680
1363072
1201664
493056
3085056
220096
2077376
1280448
4444416
387328
1432448
2757632
3132096
8787328
1103232
8632512
327168
558272
1225536
4169024
733376
6522304
3256576
2147456
252288
3120640
1133056
1820928
754240
2919360
4825600
2333376
4424960
6516032
8664768
1839680
432448
1158400
522688
13049152
9856128
942336
532800
1524864
1306752
1485632
306304
3451072
4480832
714304
2484928
1671232
5083392
910720
731456
1286208
210560
1576192
5005120
1288704
7506176
391808
978688
2736192
572160
930240
1171776
524416
961408
1713536
5716096
1017216
1608256
9129728
632384
11097536
282176
1363008
1931584
1836928
586496
566592
4037056
475904
4194624
607808
334336
14949696
1217792
1676160
1520576
395200
308864
3063104
582848
446080
546432
160832
3214208
213056
544896
1948352
604032
234112
8460352
405696
3172224
786880
405248
144256
1261504
279808
3791232
3415424
436800
1819392
1400960
5657280
307968
590080
566528
304576
6868928
178176
515968
266944
5816960
1275008
344832
2529920
8746304
302720
324672
4448640
2210624
410240
668544
4356096
1105984
318080
515200
934208
851968
516672
2617216
568000
120320
3293568
890304
2899456
200768
1509568
1079232
5568192
878976
448256
950912
451584
215552
1908800
225472
966336
2626688
432320
4354624
1084096
750016
7438336
273728
7304384
457408
10582592
341440
441472
5744320
250368
229632
857024
738240
746624
711040
421376
400896
787648
517632
1123776
194432
491840
6386880
250240
1485120
2248704
1906304
465792
448320
2803840
346112
677056
6503296
201856
681152
515712
363520
256256
2609216
100160
4902912
214592
175040
8639424
108736
498368
2259904
639488
907328
99200
1067584
360128
1344512
3354432
143424
3372544
546240
821888
167872
2181632
619840
191232
11058176
76672
360384
1005696
283904
251264
399296
1253056
364800
12135808
2437440
5433792
169728
172224
806848
491264
352064
470144
9586816
4540288
1691776
243904
678912
354752
582784
366720
548544
2985408
8515008
175808
348544
767808
632064
500416
805888
161472
556800
569600
21881152
350016
389760
844224
684800
184256
1123712
900800
284736
292992
6290048
155456
446208
888256
985792
830272
1148672
363520
866624
743872
9971840
241728
1949120
4122944
430720
215808
497984
455232
3526720
989248
3166272
318272
439552
171072
270592
371904
21679296
87168
2147712
333376
1662208
352256
139968
571712
2012352
426240
324992
3916736
8204864
328704
338944
2390784
1872064
1594944
430080
222208
390912
3242304
413376
598656
2066816
3634816
231424
405056
633984
306240
6130112
222848
223616
323584
10212928
231680
1026688
301120
788608
189824
209856
1864128
650240
934464
7219200
161024
2274496
5958016
1683968
10862976
212416
398144
222464
394688
230528
11437312
67456
716480
4305088
2155392
374016
310528
368064
74944
16109248
91584
4336448
291392
17935872
187456
134656
159680
253248
665984
1578048
117760
655296
1421504
259264
390976
431104
278336
1968000
2842880
1293504
1856512
323136
4158528
173184
242880
220480
234816
617216
55715136
488704
2301760
3361920
263232
417152
1035584
9224448
120832
355200
297728
11250304
6970368
492992
149312
246528
338304
9582656
11739520
659648
336064
741888
334016
233152
447488
817152
335680
3849920
205440
170368
25224256
452864
98560
134208
3349376
127168
410624
2022272
3878144
1086336
387776
272704
730816
158016
203456
771392
794112
6454912
231168
5409344
1944000
38656128
17234240
507200
736768
103552
1067904
1036864
1511296
126272
305536
196608
1579136
1326784
5325056
10199168
431872
1129536
715136
284352
962048
343296
982080
5542592
483200
4009280
3600512
4610304
259072
1820160
771712
240832
3492736
7534336
262208
2172736
735360
2023552
668992
272256
621504
445056
22606656
56032256
45248
450368
2120448
2569792
23134016
191104
305152
557632
791232
199232
782016
855808
1715776
56512
304000
518208
35782272
17085632
214912
1575936
1011712
160000
5403008
1029824
2322560
281600
9502336
515264
2400512
329152
349952
1436800
26823104
841024
12952256
2515904
257792
449216
846976
395328
1188608
16056768
36924480
304960
1620352
642816
13473920
372480
203008
806848
745664
365696
195200
13742848
233664
105920
600128
350464
767616
2874880
713664
628416
1144576
414208
2413568
143104
1141504
340224
31250048
145280
36024000
720704
4461760
799872
468736
709760
3433856
275648
7573248
191872
429824
115840
84574848
98258112
269056
144256
464064
352832
467520
852544
1079872
374720
899456
190016
382272
218304
11804160
106368
6127360
558912
861184
400064
577472
673856
1102272
1727936
1590528
857280
290816
2767936
265472
298432
5394560
4654976
335424
895552
620544
123520
21476096
238208
22208
516864
476928
648576
579776
1054208
916352
1831360
764480
294016
1229952
6466048
264896
858496
3713728
1046720
288384
741760
390336
1158592
86263808
1095040
8751744
10352000
628544
528192
1247936
507008
713408
1130880
423104
49800896
273472
429632
823616
63170368
508864
374720
423808
537216
148672
945792
6064768
22435648
88941632
481024
361728
189952
892224
189248
330624
504960
448000
7696192
91784576
218624
1958656
803072
1228032
443968
682816
710784
401984
1740224
286144
2517696
463040
6427392
4748224
361088
4845696
169728
8135424
1252864
23532800
3963264
376704
564160
683072
349760
766912
7287744
1899584
37383872
4832960
631232
414336
822144
545984
395648
2299200
175296
21906624
447168
2049920
1631616
85117248
425280
578560
369792
704512
436608
643264
62066240
45495488
196992
6318592
983808
10240704
491328
547136
684864
1201536
311040
959488
189056
10652800
202560
676992
8765888
21535168
1096064
1445632
2402112
2341184
280832
288256
3307904
143680
23994368
202048
11264
1029568
566400
1395072
688192
1354368
1289088
547520
373760
654208
341824
1498816
158912
2665216
528192
9480640
3708224
1585728
685184
1215040
566784
5337216
4927488
6252480
338176
7723840
39447104
9141632
24917824
659520
527296
712000
1708416
128832
13992128
924928
24560192
2616960
55710528
730944
454400
482368
784320
1085888
732480
4615936
7683584
581184
693760
2244416
39762304
265984
1428928
950720
2391488
1673920
634944
1433344
904832
479488
1559616
360832
1624960
11091136
7954048
35926080
26828288
491264
497408
1026816
417088
895488
921728
2660864
36160
795840
535616
1006784
7220288
815360
1324416
1561984
1179328
2098112
494528
915264
5095040
64912896
74070592
512000
819456
1314112
23817408
5323840
632832
1278528
544320
3881984
5499840
22094464
576896
251840
1115520
464576
355456
29952192
336128
51835776
1063232
30162880
2585408
527104
809216
1413376
771968
843584
284352
75443392
14717760
3192896
1091328
56826880
798528
587776
585152
956352
728192
2550912
6989312
25561088
552320
404608
1496512
644672
7390528
2799296
31777216
2773312
499008
834368
891136
281536
1832128
18937024
3166912
65636224
820416
951040
610112
552640
1499648
508992
984576
14080
889216
620928
1775488
6362368
782208
1819712
1696768
1070912
944896
808128
2586944
469760
43776320
104730880
221568
23459264
571840
877568
1225024
22636608
938048
1509056
638080
728320
1395712
470720
844928
771840
77530688
434688
721536
1682624
651456
651072
1566464
3427968
748160
1542016
170432
9137216
125657472
992512
603392
576512
1352000
756480
603392
986240
5824
2692416
1672448
2486464
1855552
1083456
2753856
590336
1819072
693888
3129856
11543296
9280704
8479616
568192
567808
8442240
1083840
107679168
1014080
13787648
871232
644416
1114752
937984
578752
829632
1741440
4416
13508928
31477120
737024
1456768
638976
1075584
496704
487936
1046080
11195200
27667904
160567360
718784
820736
705856
1252544
452288
1023232
491648
2745152
6400
2364416
32870720
811904
1283264
689280
687552
976320
2138816
825728
562432
9622016
27696128
12385728
94595456
737536
884352
921792
1522624
554368
503616
4893952
444736
1998144
2072448
4850112
23821120
2949440
801856
739456
1662272
2903872
36078144
23622080
859904
430592
2866240
452800
21263232
1428736
43882944
777792
787328
803840
1531968
839168
565952
8332160
376128
323840
128608000
543936
58368
1594240
822208
1243008
1528192
1193856
1416896
1053888
1556160
518976
766272
1604800
39599936
6422528
78991168
26227584
1119680
718720
2171392
1166464
653760
1599168
2188672
48532992
54973440
570880
494912
1394560
383744
1837120
10599552
3033216
498496
1330112
2968256
467200
22189440
3112768
12870464
786048
780544
1215488
1093696
930816
539584
67679616
295808
15309760
238080
150720
1008576
748992
1207808
1954688
956032
828800
1418944
1212352
650496
1740288
439808
2625792
18020672
42662784
682560
530432
811840
1840000
647104
26061632
634688
1471424
1001088
88058688
32967168
395456
5099904
1734400
3844608
989312
696320
1115392
3218880
515584
956288
1675456
36052928
378624
12227264
2401984
3212352
581056
642816
1574272
455040
7353856
855872
28295296
518400
1228416
947136
68697024
5673920
982976
1727360
1388288
2708736
1419584
1140608
1360832
6314432
70394112
57447872
632320
2285760
3923712
1773568
496960
830528
490624
5430976
330560
1083264
11185536
341568
16884544
2073600
129307264
87193728
619264
655424
1818368
893760
1335040
218752
4892480
1255616
5817280
2053312
5022144
599936
558272
1530496
451264
7979584
62679424
3053952
17691072
2022848
701760
2643136
671616
692352
1497920
1491968
51265152
351104
346880
840448
352000
16494592
340480
987264
276800
873920
13094720
1243136
769792
1209536
1467712
2077952
548672
1060928
9727872
447808
595712
11735552
525504
21679616
5815104
47424768
821824
485440
1028544
827840
536384
6940800
1466368
36863040
5813120
389504
493056
2741568
415296
4363456
11600448
34106304
803456
425728
1265920
355648
592768
11556160
4943104
22047680
696576
551616
1065472
966912
766528
1613376
341696
37522176
305408
1637248
1022912
142354368
25361536
526016
1027968
1373568
466304
449024
1401856
66166208
6921984
14812864
492992
863168
1049664
1525248
670848
2022016
381696
22999040
526720
8591680
3094976
18813120
1181184
533248
1295808
1445440
405568
2783680
371520
2792832
1859200
21566144
27204544
432320
340864
96988736
1793984
212928
11614720
398272
931456
939136
1590144
1259264
1250112
938304
585984
621568
1112128
1681664
2526144
2089280
2159296
279424
50770176
9283136
6233408
2122368
1997696
402688
665280
948608
336256
1104064
416384
3432832
25547840
3191744
52194496
709888
536640
994048
1103168
505280
973440
832768
8584128
535360
296640
8123200
463552
1127744
10165440
410112
1315008
26729408
4227520
434944
457600
751744
1098880
13536576
371520
419392
20440256
764352
5358848
48304448
635200
384384
552768
395264
458816
909184
2999168
61824
723136
664256
5560448
3006208
516736
804992
1042432
2432768
472704
6182592
373120
7544512
297536
403328
41388608
340160
266880
36920896
336832
250560
644672
775808
1491520
1306304
1057344
557824
1239936
484992
616128
340608
3889664
10144384
3353728
440704
572352
6254976
404224
481728
14592768
859264
88310464
1236096
12722944
459776
604544
3099264
457408
1434432
448576
25487424
315520
470528
3472448
10463360
41016192
392320
408128
1918720
335424
482048
408384
2161344
2038848
488640
37632704
137247168
508800
520896
754624
849344
859712
437824
11838336
282560
80040128
688384
1269440
510336
662528
2503872
3467904
422208
8667776
319552
10517120
437504
7285440
23852608
83815616
4189952
436288
546176
403200
790912
1433600
71049408
5824832
297728
274048
1363520
779392
675008
2056384
331392
1163776
22273344
2610368
538560
1408256
5601472
322880
577600
1822976
7691008
1114496
2792960
348608
1924288
13252032
385216
383488
393216
20851968
620096
9930944
45690304
33470720
415744
532160
1022528
380928
536768
42125376
300416
2419520
10998272
11623360
427200
748864
670784
370560
354880
1820416
955584
1501568
20396800
3332032
446144
577024
790336
879808
41130880
768192
426368
1018240
9635200
699840
319616
427776
293440
5933504
3864704
44594176
324672
48302080
1962688
6625792
455616
808512
1797056
406272
451136
11381888
239424
656448
37829120
336192
305728
372096
3243456
3978816
13863552
422400
745792
574784
395584
674112
381440
84000448
245504
6644672
21742592
469696
982016
406208
1109056
418752
780288
336192
7102656
276608
1072192
48317952
243712
467008
3166528
6148352
1824640
328704
1470912
332160
323840
638720
47140352
4781248
18181632
455616
441600
5745920
360768
401920
2178240
753728
51283264
338432
499200
949120
288192
1090496
8609728
257920
1773120
39067072
15134272
348608
788544
930752
320384
376576
70076224
246400
65152
562560
718976
1003712
842816
2708288
502464
775872
358016
977344
301312
795968
328064
53918272
244224
25663616
513408
781696
444992
1369600
413824
1066880
381120
4070976
310848
505536
875328
22432256
757696
6760832
1239936
451584
340608
1342144
324672
391232
442624
263616
51016256
203264
348736
408128
1103232
12554304
652928
1530304
465792
541504
509248
1647232
1257088
5269056
376640
1301376
460032
31271936
332224
118160896
1724288
12213824
487040
533888
2012224
383552
2200768
345664
53136128
305856
307200
528896
154240
390848
844928
2923968
706752
594624
425664
1140224
1405440
31283200
340480
805120
9874496
4308096
551808
902400
511232
3311360
12570816
8351872
343040
28140480
344704
1442368
1444288
32857600
338176
887616
347328
3054464
270848
6587072
579840
1428096
528640
605824
1179328
1791552
2440896
333632
793280
318720
45966272
332608
6094272
6304576
19762112
466496
418560
1102272
494016
5408896
357120
1401152
34642560
321664
286208
500288
327424
29580608
2137792
35291072
267328
5006784
2445632
2352960
340672
426496
456128
972672
420416
5620032
8317056
16004544
522432
406656
437184
592960
523968
843840
23619904
9775040
27517888
395520
394752
695488
328320
520704
309824
28276480
276160
24057664
700608
10481728
414016
424256
1813312
352960
461760
1071616
1769728
34519616
10578944
375104
349760
815936
576192
1772672
283904
1155072
1178688
244288
120679808
278144
264128
586880
445632
467392
1860096
3082304
2479168
392192
420096
495808
326272
5985536
636288
1966720
9775104
33386752
382336
340352
1158976
278720
1239168
276992
3559552
10725824
330880
57979136
285248
333824
7397568
462720
62430592
531328
28767744
1257152
427008
469440
445376
751360
344704
26651520
308160
845312
26997632
4325376
366912
679552
232832
2519744
387520
436160
6427200
289472
1171136
4092480
315264
1241280
1094656
315712
748736
3407168
37053504
336832
308288
1369984
329920
988544
1270336
1347648
450368
420480
664128
326592
55504384
205056
503680
378752
682304
3083392
1408064
1155456
340096
420800
425216
45541376
1118528
5269824
2526720
1346560
302528
365440
3926848
871680
401280
281600
85385344
253632
833664
547264
453632
894528
1217984
6837440
809344
479744
696384
714496
1721920
59028352
281024
366848
28286912
349056
2171712
53026560
573184
8767808
432064
842816
266432
4616320
315264
311488
4256000
306944
2749952
1619712
2209152
451008
2396480
294976
473344
525632
45587712
299904
29209536
916224
6991744
397248
584960
401536
560640
877376
41293824
290304
255552
734976
472704
453120
961792
272704
577280
1071360
14464704
4206208
427968
617984
742016
713280
2428160
12536576
842944
334400
1092800
636544
394240
1326080
1481600
3556480
15025280
25773696
340352
441216
565312
6797440
21071808
427904
329280
2979456
323584
948800
8124608
328704
543744
428416
29725760
1188160
379072
610496
283776
1528064
1659584
21364352
679488
755200
3821248
315840
3009344
30100160
327232
325248
9859136
564480
312640
7742528
285440
3417920
5976768
355584
667840
477120
404160
288256
41632448
768896
8601024
315520
759232
46666048
274944
547584
320704
504640
972928
2315264
3324800
4265472
319616
505792
713600
31791360
7447040
324928
328640
720832
318528
1184640
799488
31530112
13712000
322432
400704
711744
3688512
17584192
320384
331456
497152
313280
39065408
247680
957568
524416
10190080
435328
2189440
1915392
365056
360512
9276736
325056
439680
405760
36406336
346688
4014592
600128
14338112
337792
503360
415680
387008
839488
1409536
448512
1331840
4017408
426176
37839616
443200
585472
679616
412480
562560
392896
22043968
536064
288832
7087552
724992
824064
421248
333376
36434816
282688
1977856
27091264
343104
312960
422144
349376
1628864
747904
43366848
296512
1644096
9115712
320256
272512
1448000
910976
288576
938304
30465856
3193600
11071808
318208
459136
349632
316096
1324224
746304
59880320
60601792
295232
443968
599232
45360704
315328
279872
3664704
262848
847488
11140288
280000
958848
1385088
370688
1653120
1531008
343552
319936
286080
18655808
854912
4480320
267072
318208
4268352
308800
32552128
1080064
5994688
300544
451648
976896
486528
275456
48203200
267136
932352
10767744
410880
498880
667392
293696
1177536
508800
2922048
352000
824576
42620864
322944
977088
1176448
253504
2239808
2040896
283776
314560
23994176
409088
365248
531584
6178240
2469952
511296
316288
362816
484416
341568
257088
37596288
269056
4436928
2739072
414464
289792
702336
275840
385216
425536
38579072
278080
485440
7252672
298688
439808
1015360
717504
265344
4306048
249088
1138240
252160
1369280
29613056
257024
286848
656064
1432512
7692224
292416
275904
10573376
282176
487296
15355584
321280
3060544
8009728
356864
4074112
6851456
258688
308480
2983744
317312
265536
5206592
250048
1008000
332160
1356288
1175168
1636160
4235520
280640
291904
17722048
6498432
10121280
621312
529536
348992
750400
961920
43543936
449664
293824
646208
243840
1587392
755968
4541696
252736
263616
2921152
432384
6231808
14403776
520960
338048
413696
294144
413504
6746496
18502720
34861184
300160
303680
366016
771840
20985856
273856
923840
2840320
274176
262720
8314432
347456
1215680
3006592
394176
357696
390976
482880
1085184
3179776
63400768
355008
448704
458560
315072
324928
884480
1381312
2658432
228352
2002112
1415808
17186112
405632
328512
32936704
268288
328896
436416
70827264
1097920
11453888
398848
488256
503296
373824
1317952
276032
30666752
354752
344640
64952256
278720
515840
805312
302912
397952
1145472
248320
334464
943296
14891840
370304
1428096
12738816
513920
290496
336000
251968
854656
1543424
6841984
5776064
286656
379712
581312
2340096
255424
1155456
265984
775168
2202624
7183360
280768
260032
1543424
357952
319296
15350528
465024
9668736
684096
2010304
4917248
422528
288704
296192
385792
264256
64068736
276224
661120
25262592
262272
231744
421888
21842816
760640
669952
361408
2861248
316544
468544
293696
9288320
239040
1477504
872640
7030848
320704
270080
868416
250624
421056
443904
1285952
815296
1040000
997952
252672
3137664
1045248
33905920
286016
263616
673728
380096
284352
2033280
2747136
272832
97292288
265280
402688
18998784
303680
288576
936896
225600
2285312
941760
2158528
238336
2490752
3056256
352000
243840
9667840
443520
392576
15131328
245824
6324928
14481472
491008
258304
11861440
277824
376704
4504384
424768
1376128
7003904
443776
266496
21770304
330688
272256
2800512
298496
614080
1374464
378432
2327872
8059200
623232
256640
1933056
403520
443584
780416
17611456
298752
10029696
1194688
869248
328064
283072
1044928
231168
476160
604992
22980288
341248
437504
843968
274112
1965248
19556096
291392
232128
57419648
284672
299712
5036224
387328
1179776
11056960
249856
311296
541376
42187968
202304
2276096
1945088
399040
663552
435200
275776
498624
223040
12556160
234624
250304
21591616
335424
245376
556800
5144064
1065728
246848
295616
692928
25142784
1726848
13137664
432512
415424
260352
353920
8202816
1048896
2000960
27564800
423424
269568
404544
226176
14205696
628352
1256640
438464
472448
326272
349696
377792
363200
19047232
8149376
1495552
322432
308672
324480
304128
716032
10087296
1565760
34621440
355008
309568
636288
356672
2344448
238400
442688
802624
88479936
278464
258368
691392
319360
506752
693760
310336
568384
1620032
473216
287360
1722496
299712
4745152
241472
360576
2004096
635008
2543168
1395392
1178560
290624
356928
268672
7126656
460800
19888256
394496
350976
1232640
232576
539776
4606784
37980736
303232
257728
35054912
246912
148928
9677824
259264
494528
2261952
262016
1717760
664704
272064
289152
22063488
202688
458240
1690304
4733248
390080
382528
281600
2229120
254528
57328448
199488
8391488
6141696
434880
293568
834432
263680
316736
183488
44630272
293888
1297664
744896
274688
335936
980288
238656
266496
4249984
429312
407616
1166976
1012992
247552
785600
1427008
238464
563840
432128
9102656
313216
809344
470720
163328
810688
2337280
20663808
365760
278464
475648
295424
15018176
424448
211776
25987776
565120
5894272
620224
2797376
282048
329408
366208
823552
5528192
20378752
285760
318656
317120
1043840
463296
17807680
314112
270848
558464
292160
236736
13738240
281728
467072
2831680
301248
833536
6695744
332608
1368384
4068736
400384
17417408
3962688
280320
272384
23815744
306112
555456
252096
8465344
382528
921024
282112
523008
816384
1996800
51628160
353856
283904
713728
241920
195904
3245632
60087616
941632
7528704
356736
356032
1206912
371712
756928
241152
38609280
226816
651328
10767808
1736192
638592
441152
232832
1132736
915136
3271040
3350144
505856
1019200
211520
902976
576064
25468224
348608
390656
9630848
245632
515136
41971776
272384
4289280
1822976
289344
221696
49153600
248640
234048
25819840
286208
1573888
693888
562368
315008
455168
333760
304320
467008
534720
9264704
297728
803136
1113728
207296
399296
7657024
1786880
1248896
327168
460736
293504
343104
458304
511424
1855296
53297216
2051392
269440
294336
542976
205056
31760768
260032
411072
317184
467712
1332928
238400
321408
6178624
260736
1422464
6468992
276480
294016
775360
210880
6912704
409152
17351936
561984
2022144
9068672
444736
307968
278976
649792
720256
216960
21159616
410624
625088
3900480
408128
1898496
13312768
362688
2583552
24352128
297664
529472
6133824
348928
9376896
1196096
311424
280896
351552
250944
8096064
420096
261824
1275584
619968
9787392
463488
637824
498880
459648
44451712
299136
16979776
2983360
4514624
463936
360960
310784
300352
309376
575360
475840
61969664
270656
725376
330176
229696
366784
5345920
46305216
2576768
283712
269504
412160
1478656
844416
57132608
309376
345024
272896
282304
784704
640448
6841152
740416
774016
285056
214720
631552
1656384
8880960
5957632
279488
3905472
214976
278400
4055424
434880
5674816
6464384
356928
283904
330176
283968
380800
922176
146816
381184
7400896
70344384
340608
319424
546176
534784
331712
273280
336384
19901760
528384
25189184
616128
398656
362112
422336
269504
360512
220416
37385472
559488
550656
425600
707264
277504
622080
347648
1220160
18889344
236864
231936
19533568
257024
215552
547776
264960
333696
272192
956352
23730176
755264
1711552
298304
1001280
569408
277248
276800
2418304
1421184
8544064
21429504
272320
340096
316480
221312
894912
231360
288000
501120
1189952
1486784
258048
24177920
240768
6390528
69287488
1311168
393728
353280
533696
377088
2512832
222144
5295680
384256
2337728
259008
3106816
4629952
483520
256256
541760
218880
1607104
229568
20087104
226496
5249600
498816
394560
290560
620224
249664
375936
207552
2834496
437504
632256
45139392
6938432
238336
262016
195072
13384000
319296
415808
222848
35433088
207744
2325440
9291712
943616
766976
471360
234496
201664
951616
254272
14720896
193536
678592
17089088
470528
2548928
5028864
272576
3293184
1452608
298560
357056
292608
297024
1254464
4441728
56904704
257920
324800
523648
224832
222528
876032
320704
704768
1629568
459520
21968256
347008
6217472
236416
7709376
223360
1814976
232896
250176
1671296
319104
887936
202688
244672
58043904
222464
596160
282944
360768
569600
497152
1215552
550656
2001344
302528
788672
221312
2675776
214464
1025024
234560
1435776
698560
6203904
232320
313536
33375936
570944
781952
2050496
298880
471744
2930752
212352
3380288
3840640
300864
363008
368256
209280
13081792
174016
461696
299520
2397696
345216
968960
8106432
321472
3259008
15268160
289536
350464
5421632
406144
257088
535360
178688
9684544
208896
518400
32953536
840832
13646208
288896
4211904
286272
348288
292032
746304
212800
2601024
627520
488192
209152
68394176
212544
22376704
585984
28259648
297792
410240
1050944
262016
452032
562304
1210432
365248
3026368
218560
7818560
353728
4653312
237248
236352
1060096
625856
29959296
279808
3445952
43722688
14201856
237312
272832
677056
343680
18216320
257984
734976
498816
186112
1751104
234944
3757824
1551104
230464
1900544
425600
9148864
2552576
38918592
324288
702336
370048
471808
3585344
818304
222784
32363776
15137024
224704
322304
212032
25457920
176192
291136
114497088
232512
12156160
573504
435392
434240
2894656
538112
1131840
227072
466752
656192
1187584
83341824
235136
134272
678080
686208
247808
450944
180224
4895552
201152
1621248
2853376
9849280
275584
370304
264704
1086336
160128
16256320
272320
618432
6704000
247168
681728
3427328
247296
229632
633344
4776064
930496
230080
28905216
202816
418496
423360
31505472
7585920
22553216
334144
636032
404928
225152
1856960
292032
18138752
256128
1030464
83309056
10623680
188480
349824
329536
334976
248000
30472128
154816
447744
1108224
7830528
515776
432448
731584
214464
482176
5353408
4450496
983296
270144
3750016
6959232
165312
608640
168448
33920448
233152
529408
18532416
411008
1599296
5189632
247680
184256
973120
270784
481664
25306304
177408
424320
780800
2053568
361216
3331584
328512
58314752
229696
582912
323008
148608
31343616
185600
20040960
411904
28457280
282112
43562240
293760
495168
2344128
217856
293440
419456
704512
32531520
1928192
1268352
327040
384832
500096
344000
16169728
202944
231552
1888256
707200
527872
31869760
305280
341312
735680
645120
408384
169792
26414464
402048
1515392
3534912
404672
275520
345792
197952
2169152
695936
1401216
272512
282688
16316416
225344
6412032
557248
12290048
262784
45202496
25926656
324864
292608
859264
337280
344704
1328384
382144
229312
41014848
265984
3968512
446464
640576
3993152
17888768
2444160
210112
278912
847552
486080
1694528
65238208
260928
373376
941888
2118144
228352
249216
30872000
255936
326208
10052992
2065152
1166592
478784
205696
330112
2765312
21678848
2848832
262912
508096
240832
315392
758912
261888
14870592
388544
4273344
53745152
617856
186304
351552
230976
5575360
218944
313024
84220864
200320
9944832
1937856
9814144
302208
1902272
217536
241856
1787520
202240
718144
4955712
12511168
1782656
252992
1096000
183936
416576
220480
21495744
342912
416256
451008
506688
7113664
267264
638592
44687616
265728
29492800
352640
522496
255808
5753216
272768
275776
14996032
219008
177024
54449728
228096
963904
29028416
325760
312832
354752
441984
170560
62093952
274304
225984
309504
217984
510400
257216
961536
2388928
214656
239296
1131776
197376
262592
161728
8572544
1388608
390848
286592
329600
1697664
197760
3925952
3109120
6211200
278720
3977280
211072
203712
1542336
428928
347072
712512
38642496
234368
215744
932352
227456
652608
951488
222080
283200
3091840
463040
30539968
271168
204288
38835904
223232
22060288
711104
301824
287552
25422784
325248
283136
464832
342976
201728
7387392
873152
99106112
443328
338112
1328000
255552
483776
825088
130795456
232000
273920
395264
158272
656384
180352
602816
1121024
696128
229824
272640
749120
79168
273664
7458304
12931776
410880
754048
274880
335296
213824
583296
61944768
812672
8613504
256448
14919552
1647360
316032
265792
846912
203136
764608
405824
15700608
276608
379584
12632512
19799424
496320
40984576
231936
369536
24025984
681856
225024
389696
163712
614912
601856
1092736
38827584
233536
497856
486848
1567680
246272
222208
36783552
206720
8566848
2940416
495680
256064
6027456
302272
294528
252800
250304
1336896
1173824
3913664
423424
249792
10397696
219520
264960
7438208
3941056
968384
565440
198080
242112
11181568
40919872
49026176
286656
558272
272320
305600
235968
216128
40586944
179968
325568
449216
2815616
747648
513728
877696
207872
127808
5952576
504960
658880
45379264
178112
381440
58075584
339136
774848
351104
223424
303296
5707520
61252096
367808
238080
4268736
272768
187840
458496
357888
11575936
212480
491584
416832
12158464
359680
394240
832064
233856
223104
124800
37554816
416704
210112
1037376
220800
372288
7491328
292992
437824
875968
147648
5990464
1213312
14332416
444352
280256
1121024
163904
54708672
165824
309632
2290688
6882816
2175552
260544
36933440
462336
463168
3769216
594368
5397440
427328
196992
359872
10712064
17109568
1928192
638528
18004224
255104
212224
431296
518336
500736
190336
100518080
244864
6262784
395328
44343040
260480
318592
274368
964864
585792
716800
252032
1138432
2152576
202112
242176
33894656
953984
258496
419392
205376
212608
173952
6943232
240960
528576
947520
545600
2621312
202624
554368
1384256
15061632
206912
206016
159680
37646848
952640
364352
218432
209600
211328
14256832
11137152
576128
245504
159872
67922176
223872
12182080
384832
886912
318784
5819968
4982464
467776
236416
387136
497280
6081984
355264
291136
480128
201728
299456
27110272
227584
766464
25976576
274496
213760
380608
300288
59852160
323584
3449792
2651776
226112
290112
828544
218176
222976
2917120
281856
981696
63093248
355328
104704
1331648
241152
1261312
13304384
2159616
234880
212096
366656
230720
14660224
1230080
444800
167744
997440
236480
172672
9433728
489856
5960320
343616
2327808
18489920
210944
183040
48080512
402240
27311808
777216
321856
220416
1204288
342528
198912
590848
165568
3051008
174912
596992
842240
6136768
389504
522048
916416
170112
48502400
141312
2446976
204864
162176
31105600
143872
286784
21785920
326144
581184
225152
950144
948736
232704
324608
253312
543488
1885376
663552
54816576
830528
288000
381248
178944
219648
152576
6929664
20815616
219712
5799360
216320
1320128
239424
245120
255488
202560
550208
556224
26243264
10274304
222592
301696
201536
520320
568576
70745152
174336
360128
75417664
323840
150272
21526272
214848
175680
1218560
185984
264896
408128
200704
337280
198892864
470784
196864
331328
596992
160256
558720
3674112
1110912
180864
233472
2025664
174400
176640
580800
22310400
25843776
622208
201984
1676480
270976
202368
1467072
163712
4180736
474944
162944
1696832
148736
44963136
179648
902336
3153088
215296
634240
1172992
166848
392384
1196992
3447296
2341056
192384
483200
188288
279040
734144
100540800
263232
182400
249280
177664
2569408
401408
505088
6834752
237312
370048
167296
177984
204352
36672
557824
191616
2566080
314048
537728
282880
402048
287424
168192
6942784
1650752
1642496
208064
670784
1088384
4914368
3024576
175680
176320
1782144
252096
187008
18013440
11750400
1391616
605888
196672
343808
305664
227712
1141376
512384
47668224
275328
175680
228352
612224
2762304
171584
306368
160192
20828800
170368
375040
716416
639104
227008
181632
1926848
185216
235904
1112128
11082944
281408
169024
331072
588800
455296
134720
7528256
242368
158592
637248
308160
275008
26870912
435072
2630272
32340800
457152
185728
320448
170496
286592
198016
67062400
392704
231488
1237120
284544
337600
357120
163648
82849920
737408
1414592
166592
6149760
1103552
165696
169728
1873728
190720
423552
7999616
194560
156224
1136960
156160
172736
305536
228864
7108608
601856
8591680
218560
268608
639744
474432
447040
154880
171392
412608
6459392
38336768
554432
341824
473536
253504
140800
28491328
169088
592896
372864
253952
167232
280384
140928
540352
767296
1238336
424896
177024
694272
151424
199360
211008
182272
135104
55101824
149440
612480
183168
209344
442112
396736
919488
187584
370304
164992
429248
385728
7991680
155136
216704
162816
29763200
898624
220992
106880
606848
184320
303872
1134464
165184
158528
883968
3079872
1073152
281600
200000
249728
239040
152512
1840256
485632
3006784
443840
152640
6282304
9934208
189568
204608
140352
100596032
178624
14727488
291392
347200
195456
485248
522688
156160
429632
256960
968640
204672
588800
486464
143104
1692800
805184
3109248
169984
152000
2295872
222848
611136
27213184
171200
171264
37274048
167616
247296
460544
434880
592320
401664
219648
509312
733376
3857984
293312
957376
278272
152128
460288
3008896
13629056
1103424
183296
508416
230784
234816
159168
29223680
218816
177600
300352
576256
5875776
154496
149632
38080448
160576
249152
384128
277312
653568
330176
170432
160512
120768
41716032
154176
148736
304704
723456
157568
387776
373568
564352
450688
2581568
1048960
164928
263808
15261440
3420608
153856
127104
16708096
156352
134080
752256
273216
1204672
192256
142848
72514048
157504
119168
7600832
193984
163648
307136
18216832
392512
422720
177536
1045888
225856
166592
718528
626816
882432
146688
561088
225088
38541248
197760
228416
26144256
167488
822144
569024
164544
146304
737664
146176
184576
123648
25784576
205888
167808
757056
30722240
370240
248640
254656
274688
554368
3118400
1991488
434048
162944
307584
142912
307072
145088
71886912
227968
143040
454784
150016
168896
300480
494400
2248960
187520
651840
171008
294016
226560
447360
130432
453440
149696
7905216
127552
183552
8409600
43589824
11749824
145280
197440
200384
332608
8329920
652800
2229120
147520
1263616
139456
422784
173440
3227520
53172096
188736
231936
133696
1474240
134336
310592
823936
7779520
241856
143488
344896
230592
191168
431040
7592960
195456
394496
257664
136768
393216
28458624
1480000
3662720
167936
250112
204352
348288
237376
203840
298368
30407872
182208
192320
348032
130752
158080
40691136
130176
254912
413504
21269568
183872
138368
306944
577664
3012992
540416
494016
119872
510144
147264
140800
9496192
159104
692928
33323968
16247360
122368
345856
128256
310848
199424
678208
216832
714304
599232
131904
116480
1521664
127488
267456
222976
573248
193344
543488
2712000
483200
700352
128000
142272
143872
41459776
674624
25110848
209216
2003328
13513472
153280
133440
317568
193664
211328
116416
2537024
181440
388352
21189440
200192
4181824
885376
127872
221696
209984
71872
246592
477760
527744
334592
238272
548864
281216
427328
267584
463488
2582784
145344
118784
641920
122176
169024
124928
697920
7742528
9442496
2450112
145536
300672
157952
239232
155008
979008
10725632
629120
987072
146816
245184
140800
236352
212736
2803136
40438592
37716992
5051712
185472
406208
141120
214080
175424
25187392
191680
32033984
165696
149888
344256
390016
515328
383808
617984
132480
237824
112448
10384448
942080
509184
1511936
235392
124672
13333376
129856
142720
162048
34396736
120896
748928
11788800
187456
157440
703360
454912
137728
246784
832256
29831488
234688
160832
210880
124864
1361472
393280
38833408
340672
254336
178432
159360
996160
120320
21538368
162688
127552
2128640
663744
4255552
6323200
140800
126016
271232
124544
187328
278848
15610688
160512
177856
237568
130368
333376
1020672
877184
319424
129664
251456
213888
197952
96576
7556672
188352
254400
247488
121600
289216
121088
8525376
116352
141696
1866496
10407424
248640
157824
597056
123264
148224
13171264
1694976
23796928
135680
462528
150272
206784
125760
283008
2970624
548736
190720
172608
604864
158336
135872
602880
126272
25294656
137792
147904
157184
480000
80345856
135424
339712
269696
457856
172736
218304
225600
244928
1095680
6687744
272960
127232
244160
143552
253440
461440
49081920
197376
124480
5012800
135808
135616
170816
6752512
864000
202944
143680
14123648
138112
172864
166144
222656
273280
168896
76248832
208320
128640
199168
326528
5312704
164992
188352
111488
20971584
192384
284352
305216
202112
394432
213440
449280
1182912
621824
260160
115520
2925376
133184
213376
15989440
188160
106688
15907968
135808
253184
314496
321664
130880
183104
64128
541120
411008
519424
588864
445824
170368
1296064
8737472
2120320
2761280
112256
129664
204800
53053888
396288
601664
136448
16798528
131072
144256
226048
110208
30892672
168768
143040
247232
155584
165504
414336
148800
16963456
175040
162432
1080896
117824
240064
1051200
12635200
320384
127680
233600
136576
123904
359104
231104
73881728
2296512
123520
148608
105664
434432
165120
181440
378624
6433088
299520
241344
293376
134272
227264
1632192
941632
1942208
123648
449088
292352
131392
142912
209792
117120
268032
353536
50134080
387392
147328
180928
150400
463936
298432
1030848
137152
121856
40301504
117760
1163008
1674688
130176
119296
590336
1031808
200000
86784
1060288
135552
160768
22960960
117376
131200
99200
7768576
128000
8004608
676032
173632
134144
569728
195072
122496
249728
198720
2210752
150528
158400
135808
543488
418048
117760
216640
1340288
130048
291712
190016
208128
427968
2791104
103744
1042816
104192
622848
114944
187264
100096
25235392
232832
25903360
137408
106176
20842496
335424
593088
34329472
157568
120000
148480
1080640
135424
96960
2481152
1843904
4257728
176640
117696
113792
1434240
117056
147008
3143936
171136
14584128
111616
138816
117696
173888
79035712
102400
3076928
156864
45585792
130304
216256
178432
203840
236864
538432
785600
117376
966272
706176
117056
115584
3082688
132160
318464
28606208
146240
186368
3339072
120896
319936
318208
125760
118784
5692736
124544
216384
10839232
149440
275008
259264
110016
150336
77824
1082048
143744
920832
168960
106816
443200
21087616
13838912
138624
153664
518400
206272
137792
296512
107264
8585152
112256
137984
387392
4930624
155328
119360
2831744
127168
107648
15218496
237440
112960
29080128
108672
11046400
352512
132928
125696
476928
128768
123456
171776
110656
32074240
217088
17422528
174336
11504192
180288
153152
128768
400192
1711488
547520
158208
104640
202560
4903424
370304
160448
8204288
127552
389824
122176
220352
111232
1759040
175552
128384
139008
1000960
158592
114112
13305152
117568
4352000
32499776
136064
125824
362112
128384
110528
14991808
115264
457280
298752
114112
25385408
384064
8827840
107008
534592
199808
54778496
106880
226880
4233792
215872
119424
252032
7398720
348224
153792
1631872
130688
41987072
155584
110336
400704
106944
1148544
106176
14363456
119744
129856
1043328
322560
188992
3208064
215936
126080
797888
210752
124992
1442560
6566144
5414144
152640
118016
3104448
115968
164800
151040
75332416
1076608
148864
189952
106176
4893568
166784
12557376
221824
99840
93796992
250176
640000
231680
130560
248128
629632
87680
2291136
110272
244672
2136192
1216960
1891264
115840
144704
101248
57768704
2327104
3936640
123520
111680
352576
110976
128256
120384
3719616
339392
308608
259648
105856
537856
5184832
59904640
144448
113920
292928
144000
109504
500992
101184
444480
218880
1087488
151808
18407168
143872
130240
607296
261504
215680
333056
101760
1831616
96384
2661760
124032
502528
8384896
15698240
560000
276288
125056
148160
435328
117376
292224
36971840
4034048
2273664
124928
9996224
126080
259648
164416
154944
116736
3912832
253760
727424
192256
135680
25965760
197056
105728
1799360
113600
5169088
113920
303680
19530496
251840
395648
137728
830336
314112
118464
283520
100992
201280
107776
60739072
114880
101312
37750912
191872
529792
1331776
164864
177920
298944
102784
158208
2507200
174912
1392832
8048448
99264
90496
1285504
105088
160064
101824
660096
155776
94144
8940416
1077696
131008
52101120
108608
484160
26411200
184384
102464
1003712
87104
370432
15634048
316224
135872
174464
131776
9949376
121344
104832
388480
257856
24640384
97216
220096
449088
2129280
149440
112000
658368
112128
173376
64951040
101952
289536
283712
92928
445888
9951360
144320
300864
413504
97600
113472
91776
25510016
252352
98112
4592832
112768
922304
447360
223680
238080
618560
96448
871232
7519744
124800
102464
249280
95680
277888
3803968
737088
1096512
108288
2689408
186624
102016
251648
97664
3662400
154688
253184
31096960
165824
203456
584256
489216
107264
284928
99328
147456
153728
89088
742336
424448
535744
133888
427072
121600
911168
1207104
108224
324672
98240
1688512
291584
26163648
97536
119680
5251264
15834880
100096
96320
6747968
193088
157696
338176
204992
189888
44320960
100992
181568
1326400
6168192
1235712
117568
107456
2724608
107776
153472
35162048
111296
113152
6136768
232000
212928
408000
96640
772480
555456
99200
68305792
209344
385216
3249408
158400
103040
246464
83712
1587584
233728
1099968
1241024
14101760
94912
107712
116480
121024
405120
204992
108096
100672
286592
179136
204224
263808
527616
121280
136576
268416
3653824
84416
3106816
717248
1379328
585792
73920
359488
100608
122880
3383232
84480
19802176
562624
783808
97728
136640
304640
21845952
308224
18513664
111488
48706688
117376
183488
156736
183296
548416
99264
136704
128448
245696
454976
30512896
118528
808320
404416
106624
94208
50153344
107264
103296
331904
198272
7317504
111680
153984
1167168
93120
253568
386560
956928
148032
733248
627328
89472
69109760
3500672
557248
112192
3726336
158144
106752
186752
109696
195840
812800
3398912
123328
108096
2817152
426368
99008
201920
118464
48252224
104256
130176
335936
3981504
287616
152512
129856
34303168
114048
175488
253248
174528
452608
118208
187584
6352448
98752
718016
464576
7599936
147904
121728
1589696
116352
32896
7756736
183744
2607488
723648
335232
239680
269952
123264
354624
92992
38706752
182848
1281088
8418112
104768
93312
15847488