35904
62336
187584
181760
163520
116992
156928
308160
562368
110592
192960
396480
470208
683264
1128256
1196800
1155136
1690560
1490624
882880
1139520
869120
829696
1413952
390208
1758464
767744
859136
535872
348608
2057472
1145792
531200
1847424
2420480
2183104
821952
2224256
639744
1155328
616448
270016
602432
1369344
3833088
1434176
4223488
1997760
4032576
1424640
5809280
781248
1794816
1104512
1047168
383232
1378368
2202496
371072
1154368
4904064
3108800
2084416
1526592
5229952
3807680
3446080
999936
2305728
1878912
811584
387904
1267456
9067008
5259072
1371456
4756096
3694336
3604928
481408
6901120
8413696
911424
838528
9499456
3252928
6534016
5151488
5579904
1145536
1663936
6065536
1305472
763136
3056256
3180288
2770880
2526016
3530048
1851136
1872960
346496
14474048
2167168
5792640
7362304
863296
4062144
1833024
2985088
1503104
5433024
3183808
680768
3131840
7875776
4176576
2121344
1167616
2947264
4000384
3570624
516160
4583360
871552
1858240
5112960
2713792
3202944
6000960
696448
3590976
1957504
1015872
3373056
7408960
1041600
5226368
14977536
3513088
1156864
1168256
1087232
7131520
4463808
6903872
495552
1612480
586752
1189248
552000
2822912
7520896
3055872
959808
8044480
1847360
611520
5451392
6176256
5576640
1976192
13645760
3774976
1323712
745600
421760
1516416
3226304
5629568
3674240
655616
7490176
15791104
10518528
560896
460544
7990144
1466432
6631488
1709312
357824
1078976
2513088
19434048
798208
1721152
1160192
7626688
1027840
300352
15179840
910016
1361152
1503744
2480768
687872
3483392
2567232
7385472
3351168
11103744
829952
13809152
360256
2353920
485120
7515712
852800
3431168
3888704
504576
10408448
333248
1909248
5138240
517696
449472
4669632
12649600
694656
5934464
271296
6191296
5376448
1365632
8859968
750208
1055808
1210560
3074496
12950976
45363712
5912704
6110656
1825856
835072
2492416
494592
627776
1076416
567488
2879808
4699904
11898688
7819200
554624
3138304
445248
2062400
10806016
13120896
736384
6538944
1314432
14467328
1047808
3031040
2238464
2066880
310592
273216
520960
393984
2910144
2183104
1475264
607552
436160
2181824
373760
3224128
412160
2701504
376960
693504
2216256
1580544
5180544
2106368
6115200
1356800
310848
11915584
428032
1251904
5539904
805376
3661568
3938752
4915008
1398208
1183424
5873280
917888
224064
712064
2304960
337152
315328
1617536
2555904
4455936
15478912
1123392
5206144
9695616
818432
316992
404480
467392
14415680
533056
6336448
2956352
1788288
2075648
5138624
944256
1365760
1133312
3855936
1283712
446464
2455616
3054272
931456
679040
4155264
262272
436544
627968
4353280
728384
2779200
9051072
6574848
1556352
2287424
679104
878336
2643840
456640
682880
901248
505664
534656
847744
314880
1518400
2562816
471296
6431616
3646912
1940416
23861760
8398848
14913152
37610112
398208
676544
9490048
10877632
243072
2206528
511360
3241728
2317056
5852416
1132352
2844672
10653248
8550336
286336
1163520
1251264
761344
6824000
1602432
342208
1076800
1663936
13816320
1206400
560576
281472
1146816
1102272
9145472
1549632
12432704
1128960
1694720
3744576
3510528
1166592
357504
580032
1373888
381824
724992
9873856
478272
1425600
485632
1323776
1069376
3796992
734720
2192064
12319936
276672
241472
461696
6144000
1897728
809280
9857792
7692672
2044672
1773056
537152
275904
1162240
4037760
275648
6082176
682240
3355328
349440
13535552
6179392
7767808
3613696
406720
2605056
1922752
549440
1581952
1927808
284928
4167616
1201856
2413568
405504
299328
1379776
551168
1703552
6768448
7665664
1079296
312064
1005952
844736
1210560
730560
259456
1059008
1161984
336832
1542720
3970944
305472
2025792
617280
8713984
5713920
1473472
1784768
840704
7359616
5277248
6721792
717760
32286464
599488
857536
2297472
9614720
13445504
1669760
851968
4909824
33749952
8354624
8106624
8908992
2647040
2172032
1986752
1763008
764480
302144
4148288
487040
7454208
333056
15370880
1729344
1893120
684480
448896
404096
2241984
1114304
988480
944640
480704
662592
2439168
1085440
358528
630656
648320
359552
768128
781504
396736
2807680
1040512
977024
7153216
2750400
357184
951296
669760
8012672
1131136
668672
2929088
4773760
2773760
1908160
939520
688320
632640
254848
1235328
1529536
866048
1645568
908032
8062656
1159232
4413248
15287808
1510400
5512192
1867008
915648
1094656
732160
426432
323712
1526464
303040
5072256
14854528
813056
547456
559424
667584
3604288
735936
1307712
1960128
4510912
324288
10624704
4486976
960448
7718400
791168
252224
1051840
787136
1468544
2361024
4937280
789824
435904
1082304
2601216
2446080
1192448
386048
547200
376448
648896
2560960
1436672
549568
1177280
4449664
1168640
12697024
1325952
785344
1222208
2340608
924736
3407232
411136
392704
2215616
2837568
1468864
1103104
430080
1129472
1477632
895808
1406720
3651456
528896
692608
3282880
1358720
3902912
481536
1460096
3913856
3850944
732672
1581568
345472
513792
838400
891776
1415872
1750208
2250944
3969280
9380352
923968
415040
2491520
464704
6547264
446784
13000768
4750784
1343936
1060800
6850816
1088960
6571392
9219200
16253248
1849408
11441024
3566144
760064
3453120
1025600
3905280
1626176
1072064
7187904
727360
714112
690304
1787456
2677248
1277760
4212608
1434880
6114560
1023936
1067584
4641472
1740224
4146304
2439872
5444800
288000
460672
439616
417216
1310784
614272
1099776
2002048
1326528
1645056
852992
7459520
692224
510400
1052096
1934336
4917824
1288128
7590976
961536
1134272
3246784
427520
523008
298176
4377408
2504896
2056576
15983616
776704
6613248
12733632
6743040
9011456
711360
11365376
1787648
813952
912512
833152
1712896
303552
15270528
508864
8846016
4303936
7942208
5021888
4491968
3343168
5824000
1236608
7529408
702144
2099584
749056
3738240
8285888
1912064
685568
1008192
2406016
1539200
2026816
2299328
1190208
428864
1002752
1551872
5791168
6060160
2150592
3675904
1105152
1067776
2324800
9341248
11093952
8360576
7374400
9093632
659392
6578560
3051008
2948672
3045184
2757504
1662272
1673536
7974912
974848
2863616
11685440
8915392
1428032
534784
7668608
1433856
1783424
458112
3337984
1877312
4839552
720192
2255168
2428608
11529024
1642560
1268416
2856384
867648
568448
4770752
633472
1320000
2207872
4809792
783488
938816
3436160
2560768
3497088
852736
818560
2171136
375616
3010944
1868160
589760
960640
744192
829120
587456
3040064
497344
4323584
5396544
5298112
6184512
3962048
3967296
7906752
13773440
8957376
15903744
2084096
3592704
10431424
1544960
5044864
11042048
1687616
2476608
1934400
5728704
700224
1623552
6406336
3243456
1026688
1781184
694976
1738880
1686848
1010496
1705856
986368
1429184
5102080
727744
8768576
3271872
6074432
2178752
4779712
10422208
2196416
2091264
1144896
3913472
2631744
2962432
1910848
11847680
1957760
5215040
3398464
1679872
989440
14998400
5365632
4333056
4474176
13867968
9865600
12206528
2504768
3322752
4321088
2776192
8053504
654336
4027008
2815936
5232128
1321024
2638656
5258304
3803904
1293184
4796800
3462592
921152
1526016
754496
5235776
3790656
1726144
7898432
7991488
1106560
1383872
2849984
5640640
8115328
757440
1145408
374656
2429696
4555008
1966208
1246080
907712
1685696
4258624
2089024
862528
2620864
2049664
2287744
2198592
3398464
1768960
3281856
1680512
836480
1838208
3401152
1519616
2921920
4455168
1028672
829632
3167168
6491136
641344
4523776
616256
1580096
2899264
2898112
2841280
1046336
4910784
1076736
1190144
673792
1328896
1266496
571136
885376
2251712
592960
1159808
3720576
5571008
1558464
8754176
1229120
2838912
4521408
2401728
2431232
8906112
753536
4472832
3152448
1306624
3851776
1153984
1612352
3328128
1759808
4661184
465856
6943744
527744
1140096
2363584
902848
5784704
6431424
12022464
10364480
1183296
8782464
1774656
1219712
1760960
1894976
4733952
8375168
4265792
2696320
3929920
4351808
989120
992064
12630208
4464768
4166912
1160448
3083904
976960
2332928
1719552
1650816
881856
1651200
1424128
4888192
3389376
8330368
1746752
1726592
7645888
2320640
4543168
565568
5219584
5697536
2416512
2086656
1137792
2514048
848448
2368320
833920
2113664
1907968
2896320
4386880
2186304
1823040
2296384
1156800
452928
1201600
1105536
2653376
1022400
2652928
4167680
9035712
4404992
8091776
8868992
10317312
1561344
1092864
4759232
1165952
5144320
5129664
1227072
9081152
15325952
2773056
1513088
4487168
1798976
3456064
714176
4363136
1002496
1523072
1030272
5016704
6842048
5058752
2791488
1164416
3668224
1068480
1969344
875072
1437312
1767424
2137664
8114688
1129152
982848
1347776
3302144
826624
4287424
2747776
4914304
2339456
2182720
11469312
1132544
9071936
2632384
11946624
2516352
1742656
461312
1515840
1396416
5412544
1012800
417024
2092352
2316224
603264
1536960
6293376
6098688
2408000
4846336
6597504
9434048
1020864
2220864
1496768
5068480
9258752
2149888
3160768
1556672
4411072
1677184
755072
2855680
1358336
1425024
2043392
2199360
2727232
6446336
4125760
8400576
5007552
2002304
7703744
806656
8578112
3548800
12917824
3002240
703232
16375616
2094720
2092736
1679104
2841216
1393600
1345024
322112
3852160
1112448
1508608
4298944
4750272
2948672
954752
2321216
2202880
5320896
3482688
1168256
3668736
1345280
2445760
2381824
976640
2161984
4311616
1569920
5091904
615808
2420096
5700352
2991872
1950080
2522304
3937664
611456
1600000
3499456
2588672
4342272
3192512
1616384
1745920
10957248
416896
1401920
3792640
1030016
1226048
1935360
4769536
1207296
2006272
3867072
2537024
6199680
5805184
5070464
905024
1967360
1960384
1917376
10956288
1876160
1684992
2562496
4030912
794496
1017088
558208
2265024
1001664
661760
1760256
2246720
992768
1629312
1347456
1526080
3761536
2503104
5384000
14233920
7989696
12278080
2616576
11540672
12847488
2393216
11932480
12320320
8021248
6607744
4893504
868928
1582656
1247680
2796736
1735104
5279936
6925888
16053440
1091072
9916480
4441728
1571968
3501376
4438208
1504704
625600
8648384
4706432
3882368
2005376
3957184
3904192
13997440
1302336
1048512
2454720
766720
4036672
2940032
1766144
1134080
1964096
1500864
1289472
1883264
2329024
14306048
1558784
1984768
8488512
4425792
6211712
1556992
10467264
3354304
6633536
2753984
4913024
777856
4784448
10020352
5247744
12458816
3452160
7941248
4219328
1403904
1242752
6000320
950912
3773632
815168
1491136
5057216
10779904
1138432
1482048
2697472
806144
665984
3895680
2675712
1072960
3461632
745728
2254144
5951872
3661248
2729536
814912
576256
3943488
10362752
9737920
8066368
1109824
2083392
887488
2053568
537472
954880
1370368
1459584
1239360
2188160
4164864
1900288
3640192
1400640
1365504
963776
1866752
3665472
1962880
7217920
1124160
1697664
2073856
1202304
673728
2100544
5047104
1971008
1127488
1765888
741120
3484416
2061696
808512
798336
1291200
5153664
1300928
976640
3285376
911168
1687040
3447104
1041280
2008896
3855232
2193216
2943808
1225344
4329536
1279040
2049088
5913408
1674240
3153024
3965376
1434368
1817280
4239232
9130624
4578688
4983360
4502656
700032
956736
1693184
1163264
3878336
6081344
3041600
3466816
3090048
1339200
6373888
12092992
2944640
4140800
1814080
2236096
1367808
1240832
1451584
2640896
1471104
2336192
3264000
868288
2840320
2262912
4677696
16632768
1609152
840128
5675392
569216
538624
436928
2639872
5686528
1151040
4463424
9170432
13093120
4453504
5536640
11399680
7229376
1635072
10098304
2940096
2155584
1018112
1137152
1656000
1186688
2117760
1083840
11960576
1246976
1116160
8506688
1260352
6230272
5913728
4545536
11710656
5709632
1255872
2665216
4000576
1779392
4966784
8035072
4647616
1606848
4037696
4023104
1231296
3531200
1317568
6284096
1866432
2830976
1255872
6457344
4528832
2682560
13004352
9782656
6223616
5451648
7622912
3019264
3145728
3853376
995328
4675136
1525184
22456384
3120576
843456
1796800
7116352
2618432
7261056
1879616
3958528
1879616
7424512
666560
2996096
862912
1123328
5892480
8313920
1351360
8428736
1718976
2153024
1115456
2387584
3863104
5804672
3609472
1113792
3622656
436224
665536
2518400
1600256
3509056
1115520
1439232
1679680
4344192
2479552
3627712
1262784
5152640
592704
4194304
4587520
1762176
3388928
5116608
1281920
2155392
7943296
8652992
702976
1319040
1252800
4520000
1903808
2804992
2352000
1819776
3256576
12641984
3666944
2622144
2157248
1473664
1756672
1959552
1619456
8096960
2519040
1005952
1411520
802688
3635008
1591168
1944064
8356736
11149120
2339136
2655360
804672
4501376
2623104
14859968
4539328
1634688
2167616
6257472
5277888
1435840
14605760
2830272
3065216
8789184
1667008
10163840
5783360
1639232
1505856
2646272
934336
2659008
949376
2771968
4206144
2302016
1487744
938432
1660672
15728128
5998464
1392000
1108032
4128896
992256
5403776
2733120
3720640
4667968
794368
2592384
9545792
2918592
2077824
779328
1207104
848064
1178880
2360000
4085952
1141824
6988672
1619776
5539904
1323264
9797504
517952
2004544
1772800
2115840
1839808
3241408
12102976
8022080
3334336
3423168
1137280
1209856
5183040
3161536
4612800
9828160
1398464
2795200
11854080
1960832
1888960
936064
2948352
7834496
4838848
3372672
3998656
7416704
794688
463488
1270080
617408
5108544
1621696
923328
2582976
3027584
11198272
4845760
16657280
2344896
2844928
14920576
722432
7647168
4571712
3590144
1122752
14789184
4920384
2623616
2101248
3734336
3868160
1959488
2068864
1138816
5345664
1040384
7142400
1771264
1683392
906624
2946560
1115520
2291328
3366208
2022336
4179392
1753600
4072192
2375680
1677696
5895040
12902336
8681024
7119872
4355136
9215936
3927744
3482240
970432
2712704
893952
1491712
1174656
875456
8933056
2118848
1144448
1465728
691456
8755648
1587008
4848256
5730560
973824
2607232
3498304
2627264
2257792
6681600
1323456
3939072
3022656
2507200
1330368
719360
892480
984576
728768
1188864
1038528
1023744
1463040
1355904
5966144
2926656
5759872
6577408
4428224
3364160
2393600
3082496
797760
1361792
2688448
5093248
3891776
2240064
6939776
1381120
1241600
1705408
1186112
1106048
1214272
970496
1496832
5574272
1335360
3140096
4809344
1774656
810304
1857984
3057408
2039808
2469120
1325440
2559296
670720
1921728
2533952
3183232
1596352
3678016
3607744
1063552
5149440
1411712
9104704
843328
7044288
1919552
3177152
954752
3309824
1413504
866688
706176
3378752
6776832
1748736
3588416
5902656
841152
2676928
6855744
2655616
3016704
2251648
1289408
1521728
7647360
933888
970880
2553152
1537152
6938496
750784
1768512
1769216
1262080
6910976
1126336
2638912
1049216
715328
2666944
2367168
1796288
841792
1491200
3447296
1208128
819328
1293696
5285248
9089344
885696
1068416
2558592
3247552
5224128
3374400
16642944
2763776
3141056
1642112
5049024
7193408
3536704
5890752
8403072
1437248
2511808
5752896
11955072
1069120
2817024
2791104
16124800
9814720
1480256
8588224
1572864
716160
3399936
1357248
3374080
1015616
9708032
10643008
12986880
1402176
11649664
2647680
2078720
9205056
898560
9279168
2089088
5504704
1771392
2943808
1755776
2486848
3249152
2224256
1942592
895360
3813120
3611904
1137472
4429504
1571392
2231616
749376
2935424
2756928
10332352
5952064
3460416
2026752
1559232
2994816
3096000
1455552
14684416
845376
2517504
7069760
11532544
7906880
7249216
2748288
1718080
2106880
4143168
1485248
3415552
2542656
2313088
2751296
1849856
6657664
3254720
4222848
6178432
2643712
2329280
5115328
9846720
6374720
1604352
2310208
1580544
3589312
5635200
9168320
2796992
2333184
4250368
1933440
1758464
6689280
3823552
1079424
1169280
1724416
4740608
1257024
8785024
1408320
3480640
521792
1769728
1092672
2219136
2011968
1309056
491584
2013632
1077824
8072448
2852608
1374656
1642944
883392
2790336
4815552
966464
1381888
6022272
1431168
4325056
1112576
12446016
8552256
8041088
11146752
1401408
2311168
3644352
792192
1672832
15829184
12162176
7586880
3566016
3441792
5001344
6282112
2888000
2581376
685440
3524544
3567232
2478912
1429184
1873600
2374720
8436224
5717568
13437376
1273344
1182400
902592
3358080
1544256
4165696
1159744
10583744
7739008
1471616
1408192
1237760
6673280
829056
7642432
5273024
2754432
7686272
14512960
1195072
2335360
2502464
1188800
4491008
14593792
1029696
2653376
1753216
3162880
3065408
1975232
3227392
5310784
3150464
15726080
2843584
1055552
3105024
6584960
814272
471552
2356992
3205312
2531776
7685760
1547264
1654592
2701056
2105472
2702848
1484288
8021952
3267264
4749440
4423104
1579904
2483840
6183104
2071104
1164096
800832
2492352
3761984
3524928
4355904
616384
2069120
2956736
5529024
2762112
2499264
1818752
4230208
7149824
1382976
2636864
1015680
2506816
3449664
2190016
2534848
7528064
1247552
1972288
2123776
3795072
3807872
491968
3547456
2413056
13220352
2607872
2660928
10421888
1202304
1063424
1329408
1901440
3197120
1436416
2537472
2650688
593024
1924352
3051776
5573952
1514176
1592256
4059776
2589760
2458944
1142336
8580544
16232256
2159232
2806720
2000832
1645120
1982976
4523584
5043072
1491840
1349696
8919232
2179840
1012032
4588288
1224192
5703552
1551488
997440
1930112
9441408
1764416
1106880
4603968
5691968
3107136
6568896
1524224
2424128
9036416
3996224
4685504
15146880
2157632
9102336
1019712
8029760
1202944
2981376
2022016
6709440
2151680
10369920
2025152
3677824
1675328
2193536
4643264
2489152
2513088
1316288
3131520
1370944
6956800
9698752
1121216
1789184
2786816
2563200
8080512
1418368
2504832
1691584
8431936
1284864
1844736
2434496
697536
1314176
3389056
6194368
4150144
3696704
6553728
4585856
8342272
2734272
1832704
1244992
6561664
1456448
1609664
2690944
1654144
6985408
5988224
6513536
1542400
2126208
1751936
5773632
2160640
7164224
8027840
3756352
3933824
12314688
1652672
2838400
2602048
3519424
3215808
3958336
1634816
13450752
752768
1911808
3654976
7008192
1917952
1698496
2075840
2483008
1371904
1942400
2082496
1379008
1694656
4309312
825536
3219008
8812800
3892864
2974976
2676352
2589248
3291712
5189568
824704
2229248
1416768
1197952
3797632
501440
2476992
2957120
4935936
2503872
1952640
5416320
6280192
2227008
7619712
1615936
1573824
3173696
16506496
5594432
1662592
3570944
13481152
1855168
3204224
2447168
6369984
609984
9182080
1455232
2728576
5100160
1341504
2930176
3837824
2040000
1976320
603200
2223040
3076352
3857472
6565568
1323456
4106560
1427904
13705536
2364416
15480960
919040
2657664
3745088
1386496
5170368
2428992
7457472
818496
1515392
1472064
6127872
1664256
2076480
11855808
3349888
1136192
4349312
1831808
4835968
7998464
11055552
4759104
2969152
1632064
878144
1300544
2812480
3352256
2207680
2040896
5961664
1900096
1327936
1835520
1738240
978496
5946304
1091904
2335872
2946304
6871744
1177856
3052352
1102208
10129472
1695168
1506880
4041024
5268288
3845696
3070336
3602432
2490176
2331584
5596032
2286016
694848
2945792
5720640
3985216
2641920
5261568
6395392
1306816
2944256
9437248
1481728
2648064
1068480
982464
4483328
4917120
2539392
2864064
2059840
657856
2155904
1401408
1380608
2820928
960576
3395584
11088512
2181184
2982464
1527296
1736320
790912
1619328
8808768
1938112
2807936
1098176
1528640
2323584
11415872
3517568
918464
1616064
2078720
1715392
2512960
3395520
3937152
4813568
1360320
10997248
945728
10696128
1984768
2157504
1701248
2616192
2039872
3673664
3280576
11587904
1006144
3749632
1677888
9546432
3811968
6879680
6420864
6483904
1406464
1657792
2275712
1919936
3121728
3748288
1790976
937536
3853952
2079360
3457280
6906048
15021952
4331392
974144
1863936
6747392
4146688
733120
1809728
4250816
3879168
823936
3022080
2808192
10221696
899776
923328
3185216
1193792
2457216
2784064
901504
1089280
1054400
1843584
976640
2479808
1789440
419008
2543168
3898752
2283392
2208128
1862912
3934144
2684672
7370432
4605760
2644416
6537088
1265536
10148928
12306048
11784384
1885120
8265152
1174464
2343936
8765696
1739712
786176
3800192
1706816
7242112
3457728
5381376
1641536
702336
6194304
4153408
2701248
1606656
2591168
1002880
6110592
6677952
6393344
1198784
1816384
2702592
5304704
1740352
1661952
13374720
2281024
6678720
3526592
1527232
844928
2016000
3798848
2465280
6372928
786880
929216
7886848
1295488
2668096
2299584
4744256
1135296
2194048
3559744
6087552
1408064
1011328
4608768
2436800
2573312
728128
5186432
1624384
2273408
2153792
9692416
1963392
2039744
3658816
2283648
4809856
8665472
1047104
4615488
953728
3419840
1909376
1744704
6070784
2688512
1579904
4868032
1782016
937920
2963648
854912
4099648
1943232
7593216
4749312
13271104
3969664
1680576
2117824
1845952
884864
1476736
1907584
2974912
852992
3637888
2341696
9482304
3899264
3881600
2088256
10065920
2387968
12468416
1377664
4860928
909952
1393024
5097536
2627840
1153152
1440192
940416
2662144
2627264
2723584
2395648
4812544
6919104
3102336
906112
12406144
2213248
695296
1556480
2512384
2233280
668928
5328256
2425856
9823552
1292416
3705536
2701888
4884736
4236992
3550528
1734848
11387328
2870656
814400
4253888
3476800
5987712
1189056
2131264
12845376
1448192
7578624
1356672
765632
4424320
10945856
1715072
1820032
975296
3790720
3233600
4530368
987776
927424
1210304
2023744
4973376
3255424
10544512
9254144
9574848
3221248
9022912
2812288
1034560
10456128
3306944
1837312
2745472
2954688
2040448
6194944
6649728
1602816
1191680
3143040
6731904
1844736
1832832
3936064
4102528
2604480
1133952
1253504
4087488
1107648
2209344
3076352
4377152
2140800
1640512
973376
3531008
1390400
542720
2426688
2777728
1722112
3083840
6017792
1546816
8886528
2625536
732224
2852416
3976448
1177728
1675648
4944896
2489088
945216
2660608
6421568
1579520
1590464
3266816
6626112
10489984
4013248
1001536
2377408
993024
2985600
5359424
998080
6153920
2604864
4064640
13766976
973184
4524480
1088064
4587648
838336
1437696
2832832
670336
4243968
4570880
1060032
2040640
2947776
8815488
10122560
1237952
2715584
9450624
2574976
4397504
4364800
1988416
9041536
978368
887552
1315520
2780928
4838912
589120
3954368
1245120
12826560
801280
926336
6883776
962624
1653504
3694272
3205440
1384896
3308352
3736832
1435904
856768
2561536
4027392
861568
2920576
1976896
2363712
1145920
4631488
1086080
7673728
1907712
4297536
933440
4669504
7313216
5373376
902784
2321152
10718784
8478016
1073920
6563200
5683392
4040256
7229504
4009280
2388864
5853120
2111104
1909760
3926208
4307200
8468288
4090432
2772736
4639936
3192640
1384960
2217536
12401984
1417728
487232
2057664
1546112
512960
1971968
4930240
4788352
974912
7636608
3167040
2727744
813440
5840000
2102080
4794752
7963776
868736
1901504
3343680
4798208
15255424
1371136
1597312
1502656
1064512
408000
4059840
1824000
3028160
8557568
1577152
9434560
909440
2267968
9197888
4839424
1210624
7058176
941824
3768640
3626752
2371008
1565120
3863488
2497152
7243264
2819520
7182528
12922688
6990400
1532864
13350016
3214848
8003968
2332288
770496
1645568
2594688
13122944
3753664
866048
6703552
9083392
6391488
1450496
3449728
3854016
7970944
1302336
12574208
1953856
3874752
2661888
9088384
3836800
1482560
16158912
4951680
964416
915200
7428544
3840576
3422528
2131392
2215040
3701760
3731392
2748032
1473472
5027392
4627712
2415680
4162496
1331648
8408896
2465472
2621248
5794240
1425088
2232768
1052608
941184
12719488
7813312
5643968
9410048
1022976
3156416
7296832
1768832
7734400
1675200
1622336
1949376
12427136
6528320
1693120
2737536
14083136
2590080
1370048
2457664
3226304
3301376
4266048
1253952
3534208
9560640
2606336
3027584
4605312
3990016
1647232
1748928
2295936
7482176
1862464
4361024
3256704
2003264
5493824
3797632
3631104
3398016
1572928
1087488
1054592
6515136
979520
5057024
1686592
3610304
3891904
3427264
1127936
5733312
2012544
2832320
3928128
3583936
13531776
2174656
2620160
7995136
2201856
1916224
2809216
4715648
3182208
2056384
6725952
5890432
4788160
14457984
8303424
2169984
2015744
3116992
1889344
1073344
4362368
2099072
6325184
3795392
2533824
1283008
5669440
4908800
5427328
9987648
2536512
2231808
1882048
3540672
3328576
3122304
1982656
2072640
3488448
2872256
4523264
2710272
3408832
1660032
3317696
814784
2351680
3897152
2600192
14615488
2013056
2499008
3378880
2680512
1520384
7365760
11542400
516288
2521536
1601088
3649984
1617280
3986560
9450112
1751424
1423552
2263936
1148672
2360000
4566784
2912576
1932608
1045056
994816
4064128
6287360
4272128
4093056
3011136
2666432
12290176
5600320
15940992
1721536
1203584
3958400
4831936
6596352
8114432
1889408
2847552
1721856
3820096
2929408
2084736
1077888
1187776
1996160
1747712
3128192
2043584
1637504
2227904
1455232
6812096
1105856
2559360
7973696
5749184
3163264
1790528
5360896
8993472
6632704
6579904
712000
5114688
3254272
3260096
3184384
3508352
808704
3081216
4497280
1272064
8298624
972672
3452672
3066048
1467392
1330368
7109248
4236416
2854912
4753472
2071168
2635008
4472128
3781760
3632896
5382080
1200704
2749440
1825408
2575680
4244992
6641216
6564800
10816768
863296
1559744
1311232
1707712
4343424
1573952
582528
4892480
4098432
1176320
4044224
2035200
973504
2035328
1892352
2403712
859840
6885504
6421504
1774848
3766208
8891776
1549504
2339840
2436160
5490176
4842944
1948096
4295104
1107840
5967872
1599040
3138624
5264192
1667712
6061504
600320
2292608
9828096
1023168
5098432
1327232
1771136
4549184
6087936
3298496
3097216
2109440
2089664
2308864
9225088
6722752
1403072
5683648
6654080
3322496
2910592
3173952
4140992
2493248
5507776
1100608
5353472
5339904
2434560
3332736
4697216
708096
13128640
2019392
1917056
2808512
1548928
3301376
14800640
7160000
2099840
1469568
4637760
987776
6171904
1257856
2438016
1927744
5359360
2476992
5055040
2199872
3226240
6072512
3778048
2402496
2196928
3350976
639104
2986880
2442624
3240448
7332608
930240
3355264
2326848
1312448
2033024
5140224
6018816
972672
6488960
1451776
4743424
1733056
2470720
1144896
1329216
1142528
5813824
1173056
1173824
1663808
3121984
3463296
1694016
2777152
1364928
1921280
8458496
5759680
2931520
3782848
7954176
1654336
2354880
1540672
14251072
1769600
1702528
1138560
4122944
8824128
6256576
6283008
2659840
1357696
3800320
2401152
8339968
1823680
1241728
2826688
2419456
981184
1490176
5246464
2497216
1592896
1735680
996736
6929536
9073408
2997376
1130368
2466816
1238336
5228992
2227072
2137728
2145856
2032704
998208
2240320
1130752
5060032
2435712
908480
2234560
6775936
1367104
13766272
4424640
7016640
2219648
1219136
2004096
2297472
9210368
3811328
5573824
2429952
11519616
3006976
2163584
2468288
1121600
2462400
4144768
1722048
3603904
5137344
2191232
6364928
5078272
5986816
7146688
2029888
1445632
5749184
1245440
12046272
7400832
3885312
15415680
963008
2072576
1182144
4445888
2070848
3261440
2552896
1186880
2081344
1948032
3439616
4778624
5543296
8337792
2824192
4676288
3234240
2179392
11934464
1903808
2080704
3221696
1017920
1144448
2340672
2481408
2863680
3361600
8566592
6805312
5434368
1981952
4166592
2601408
4627072
3654528
3636032
3648448
2214976
2233472
3570304
1648832
1329664
5980352
4167296
2602176
2476736
5987456
1142720
2015296
2288768
534080
2589952
2798144
1517568
9726208
2752128
7150592
1129664
1615424
2778624
2435072
2059456
15587328
1048640
9752960
2686656
834752
2246016
11740352
1297536
4538368
1897408
6844480
2166784
5506688
3388800
1430656
3745408
1911872
2355840
7988224
4033408
6200064
4063104
4335936
1901568
3041600
994304
691648
1997376
1221056
2318848
1777792
4141696
3672128
1749760
5176768
2450816
4897024
1670144
3515008
2200896
1607808
1644352
763264
3391104
6980416
1462912
3219712
13398592
1711808
10366272
10173696
3563584
2174400
14585216
2399168
2400320
4764416
3157440
11902784
2599360
781504
1747648
1072896
5944448
3865088
3984576
1552000
6522368
1762048
3387200
1104000
4118784
1712320
14712384
3344000
2686016
2359104
3055872
3113664
1712960
1691840
3702656
989888
1322688
5285504
2846784
2210432
826880
4300160
3051520
3553472
3368512
3297344
4862464
4650816
5895296
3511552
9478912
4190656
1490880
7208064
5333312
5427328
3841856
6704448
2596800
1914624
6403136
9045312
2239168
8506816
3351424
1204608
12551232
3552512
1525760
2495872
6082432
3412160
5629120
6629824
10227328
2546048
1447936
2274816
803264
2749504
1398464
3527680
3928832
5281344
6602624
4219712
3006400
12731776
2138688
14805312
8151296
757504
3002560
4159744
4331840
890752
3489728
4889984
3241280
13335488
661952
3526720
1908672
1005632
4609792
997568
5915008
8848512
1535424
2079872
2092160
2365760
3411584
1063104
3553984
2394112
9520832
1663104
1624384
753984
2355328
5003264
1151616
2337728
957696
2794944
2359488
4865536
3713280
4569792
2744128
4793536
1506368
4837248
3594560
1798336
886592
1591232
14056640
2321664
3164928
1187136
8277952
2461760
739776
4375040
804992
1274112
791552
1544000
4631552
14734016
666688
1865792
3020800
1832704
1537600
1914944
9718720
1788608
1283328
5106752
4002944
4348352
1047040
5473664
12007040
4985216
3144768
1174912
3714880
15217728
4844032
3274240
3882112
3958656
1846144
1069504
1517632
3379968
3212288
1480896
6194752
1222656
5395968
11038784
949824
1445504
1168256
1228480
2826560
5512000
5849984
2349248
2532352
1159040
5216320
8046016
7190272
7655744
2705024
1411840
4715584
2065856
921728
10062144
2709504
1324288
3128640
4130624
871360
1053568
3533120
1269760
2074432
1976960
696256
2785024
9503552
10904576
1051776
1233984
747904
1770240
1158336
2497856
2672704
4276288
10966208
2046848
9863616
12987392
14987968
3820992
1237184
939456
6397376
1398592
10490496
3756160
11931648
2482624
855552
3622784
1747520
4023232
1765568
1233280
8256384
9362112
1804416
4149824
3062912
3998208
12167936
1425152
2425984
2174784
2830016
1396480
4747136
1591744
4785280
918976
963712
5168192
10427072
5904576
10804032
4038720
1770816
5422784
4583680
1464512
1412288
4522304
5570496
3886016
1037248
2842112
2318336
4193408
3555840
3698304
1033728
2915648
13294656
1802880
2256064
8278976
2766848
1984896
3359232
2781248
1547136
3763648
3203200
1147328
5304576
7960128
1608448
1631168
2437568
2469888
609984
4836992
2646592
2508160
5279232
8572288
1451200
2968128
2764224
2457600
2476416
1678080
2196608
4880320
1467648
7684736
1031040
2783040
1661184
1092352
12354944
3087488
3678720
3178560
2533120
3579776
6140288
4635968
1122496
1097792
895872
2161920
15828800
1672192
1614208
4643200
6850112
2435968
951808
2823872
8561920
3056320
808384
5018048
2123712
335488
1480448
1163328
3569536
1229504
1715840
925376
3692800
927936
1128512
1821184
3603264
2484288
8659008
5502080
5012864
8505856
1611264
2404608
2844288
2802304
1854272
1015808
2250944
2391680
2226240
4212608
6003008
1381504
982656
729280
2577152
10664832
7866496
1781632
1729536
1315264
4491840
580544
3952704
4659264
1963584
1742528
14104640
1728768
2590016
13705728
6378240
8327296
1881536
1165056
2533248
1165440
10377024
11604672
12482944
1387328
7498112
8167744
1296960
5418432
1771328
2309056
1262144
3620800
2068992
2152320
1383616
1352384
3661184
6519168
1582528
543680
1364224
3656512
1240832
12205632
699328
992640
12810752
6172480
4089472
919424
1322304
3368128
1236288
2053248
812224
7517952
5908288
1361472
953088
1515456
2416512
4708608
3944512
1307776
1286464
2824448
1611392
1844416
4582656
2794752
12059072
2379968
2537600
5118144
2462528
5579200
5224512
1738752
4520000
3613184
4870592
9010176
1535296
515072
1365568
2558080
1391936
8488768
1616704
1377536
1995008
1406656
5838080
6388992
3787328
7384256
1445440
2565248
2776576
11646336
3360448
3316800
1886400
1411136
724416
1848512
1918080
3868672
3108544
3247296
3405568
3379904
2111616
4419968
901376
14783808
4912640
13087040
2057216
10078592
3785344
6064512
2804608
1050112
862336
3952448
3041408
3749696
3148096
5440576
1195712
1762048
1701952
9759872
1299136
1537344
5699392
8254528
2063936
8356224
3955328
1556736
3748480
3907264
2203008
918848
6887296
3747264
7383360
6875648
7490048
2723968
2024960
8238400
1297536
1787008
3671872
1702976
1784448
1527040
9149504
2222336
3449088
2094912
3055680
10986112
3436736
1442816
1192960
1990272
3491648
9024768
9222976
10524672
12950528
1090496
2039424
4669760
4260672
3985664
1574208
2982208
1533504
4010752
3364672
1308608
2144448
5111232
2759616
1337472
2518656
11350144
631744
9627456
11709568
5641856
2467136
5306752
4388864
1404288
1014976
935936
1148608
5364160
2862272
984512
3004416
3967808
2167168
4635200
640704
2937600
5262272
3497792
1983232
1946944
10802880
2027072
1559616
1340416
3644416
2501632
1785600
8493440
2770624
3257728
1926336
4969664
1920064
4702080
2478464
5345664
14639808
1572608
2260096
7382272
1104896
7142272
1212416
9091008
3672960
1796736
2956224
1345344
5264192
10139328
580160
4312960
2339264
3627584
7796800
1746432
1353600
1589888
5799936
2838912
5238144
4161024
9487872
4621056
4371776
1459008
2273216
3341888
2996032
1758656
1464448
3644224
10568960
3841664
1256256
791488
2916032
8348800
2027136
2151936
2181568
4178560
3518720
4402560
1380352
3068992
2821312
3706368
5404160
759744
1729408
1990464
6755456
6654848
2972608
1438336
5492224
11777984
5450048
984128
6599296
4547200
6849600
1954176
9877888
1335424
3152192
14967424
1692224
972480
2565696
3745472
5812608
1104960
583296
1029248
2710208
4921536
11835200
5639616
12658944
2303296
5759040
6914560
11821504
1527104
2059200
3144512
4246272
8920320
4568640
6659648
3081216
2335616
1385600
2712896
2080064
2393408
678208
4235968
1218368
5123200
3644032
2782592
10442816
2336192
1206144
1697600
2537088
3939328
2802048
2819136
4954112
1138112
1411200
3224960
937088
1968704
3644992
2299008
2159872
2607680
2694464
1406528
4517888
1211392
4249536
1227072
2530240
1593152
1784576
7145600
1052928
1011008
1453824
7530112
2146176
9358400
1514688
931008
1920768
1828288
2183872
875456
3170240
1599104
2601664
4610048
2868864
4773696
3338560
2899584
4448256
1102080
1646080
1853760
1697344
2463040
3854784
1593792
8451520
2387264
2562176
3569664
7535232
3865408
3749376
8765696
6860416
1672256
2197696
1098752
8673792
3556288
2425088
1235392
7009280
2505216
2285952
5494592
2523136
2041216
4816000
3587584
13604352
1810176
6090048
4695616
4025216
3018752
1121600
2124032
3485568
3587712
2885120
5911168
1889408
2891008
4483648
2224256
6973632
1456000
2096960
4025408
2271616
2949760
3152448
3143360
1134656
4254592
1149056
2438464
2703296
6140032
817920
1805888
2190656
2885056
1607104
3794752
3773760
5980672
4124864
3057920
7790336
1991680
1240896
5078016
2818240
5148096
1376448
2184960
2443072
1319552
2161088
1489152
2582144
3538112
2172480
10191872
6607232
1717376
3513280
8746112
522048
1765568
9656448
8454272
4739328
1843136
2128192
2074944
1776640
5067712
4737920
12932288
1311616
7443136
3447616
4165760
3288384
3282112
623936
1043456
6085120
1452416
713152
903040
2680128
1121408
838656
2283072
1917568
2180672
1554560
1560448
1423680
991104
4107136
2842176
977536
4854144
2213760
2911296
403200
1030720
2246464
2544256
841792
1012224
3620416
5008000
2331392
1362112
3496704
4916672
8881216
6205888
1308992
1510912
5196928
1036032
1407104
3776000
1963008
3577664
1204864
11886336
4210304
2509952
1423168
12891264
7192064
1007232
1674304
5478208
2072640
4844992
2298944
2280576
2670656
3031296
1777280
1823040
6376000
7925760
767872
1446976
12496448
1540480
1365952
907136
3460224
1094336
4563136
1492608
1628736
2420864
2060352
2544832
2055104
1187136
1006784
7639040
4633088
1329984
1645632
2658816
3348352
1002816
2285632
6038272
3180096
3409792
1692352
2952384
7169536
774656
969024
9917056
8294976
1417792
3164288
1067904
2351488
9758400
8587136
2467776
1995392
1141760
1633024
9519040
582336
1990400
13482752
5739392
5791744
9046592
709824
2100416
2825344
1589632
3801344
2987840
1133760
3901120
7463232
4615936
5065024
2400448
1010048
11199040
12675584
10397120
1702400
7939520
3898048
2064384
1559232
2008000
13668288
2911936
1230528
6684672
4579072
11165696
1293696
1438400
2421504
2300096
928576
1221248
2119360
3515968
3123712
2303808
3982336
6367872
12949504
3549248
2235264
16778752
3414720
1190272
1615104
5678144
1964544
3140992
11598656
7251840
1960960
3284672
843584
3825088
1457408
5246208
4594944
7355008
4620928
2845696
3773504
2763072
7535104
1693312
2381952
3956544
10641472
2100608
2893440
2105984
3696704
6985984
2538048
1156288
2002944
4649728
10203072
706304
446976
1858560
3840512
1101696
5801984
2057344
1828160
4077312
2200960
7776768
1184832
2121024
2494720
2438208
1901824
1250112
2350592
1355072
4476672
7034432
3792512
1485952
11178624
2064832
2140288
7437120
3513152
1264064
2565632
2594816
1554048
827968
4354688
2520000
1880896
13805632
13723392
2182336
5070528
1541888
4174848
1318272
3176704
1174464
10003584
2977472
4289536
7740800
3492480
1969728
6528768
1464640
1780032
6077440
1547904
12086080
9709504
1281984
6710208
1167680
2320576
6537856
2195712
2760960
1805504
3101888
3687360
1133952
5262016
2703936
3552192
3161472
11750656
1639936
1225728
737280
3269952
3214208
8331776
3990400
1051904
2600768
10133312
4852800
1156224
2510720
2353408
2894592
6548608
2391168
4080896
7850688
2907328
7477376
3895104
1525504
4279168
3842624
2768768
4440064
5911872
2404608
1277056
3883200
2598720
1771392
1150144
5026944
1377216
1054848
2119104
2514624
2464192
1843456
5201984
2164288
6112128
4726976
6992128
2578752
2085824
2689664
1241856
11353600
1326400
2946304
4634624
1442304
1146176
4435072
4297856
7795648
1268992
3547328
3852096
4558464
5545984
1940992
6227200
2786688
1196480
1589760
3785920
6849344
1535488
1409152
999552
3191616
1433984
6074240
1593792
1857792
2134144
4936832
4254912
1492096
751104
3146048
6352384
1907904
2639424
817216
1122752
2584960
6200448
4614016
1148608
10424320
1318912
3571008
2695744
1180160
3098752
8587328
2047744
8194944
740800
1470720
5509504
12011968
2268672
4939328
559104
1752960
1563584
2764800
1044992
4564032
2305920
1005120
3399552
4875648
2375488
2469632
999744
3144192
1221312
1627008
1004480
1866496
1125440
3433600
4237312
8491584
1227136
1839552
10352192
9498304
2705728
1560448
2207040
1147968
7787968
1983872
2355712
7779776
3987904
4893696
6342016
6899712
1033024
2153088
7733312
1472384
2442304
2291968
8859136
1946560
3333312
969664
2581440
3045248
4462784
3560384
1056448
14194368
15856384
1018560
2130432
2579840
4703296
738368
3146624
5864384
4087360
2562560
3630528
2444608
942336
3306944
1849856
2578688
1474688
868672
3240960
1596224
2078592
1593472
3572032
1321600
10688192
1005952
9225856
1601792
1241920
5830272
5179968
623424
2033024
1860864
2955968
1273600
9664704
13341696
4635712
4145856
8023808
13788032
6340224
929920
6795968
775936
11839680
4664192
3051264
2003008
2886656
10789376
6523392
1310656
3308672
925504
4960064
3331072
1306560
3849536
1345216
1360960
2574144
1626304
3141696
3060672
6723392
958336
2287744
2003392
2435904
3323712
1500608
1895808
4493184
7595520
3402624
1365312
7463232
13575552
2719424
7075392
1204672
1492608
2867392
1049856
1882688
2055296
1858048
6979392
3020352
4032000
922240
3486080
6411456
5155520
2643264
1431552
4882816
1172800
4561728
1508736
3796480
1912064
3082112
1223424
2066880
8578112
4655040
1266560
2463488
10029248
9380032
11986944
2036032
3741824
1738752
1212416
1071040
9518528
5602304
1194688
2491584
3166720
2643136
2078720
2731456
1124672
3074112
8145856
7503488
3521536
2174976
2079680
4747072
1093824
1177856
8017728
6573504
2419968
3495424
2138880
7582848
7585408
2452160
14443584
1368512
6228352
12158400
2827840
1475712
1450688
4668544
885696
2679424
1816000
1490432
1227264
3741056
7006848
13844992
1264384
1297984
5797056
2707328
5050752
13197184
13967168
2153664
2479936
8181248
2134720
5279040
2188736
1263168
3695168
15428544
1380544
976000
1745216
6727680
2382016
1983744
2821504
3460096
5958080
9284160
4041408
8549312
8420160
11696832
2497280
5477696
5849152
13357248
2544640
2907712
14626496
812352
896128
1398784
6498112
1400832
3483136
1686784
4254080
7814272
3306688
2757056
1806656
1198464
4037056
1192192
2318592
9817536
2252416
4639168
731392
2680384
9037504
1877760
1493120
9053504
4887872
5123136
1078144
1510464
4859200
2456192
3658432
11816128
3256128
1083968
2339456
1599552
7999872
3546496
5719936
7535296
2350976
905792
1338560
1863296
4017664
2484416
7984832
1139776
1849856
2704384
4462528
4913600
3744192
4673728
1230592
4409792
12961280
5850304
1698688
1087488
2572736
3847552
2178880
1202176
3718208
6001216
934208
1630208
1320896
1596608
1515136
2603072
2362688
1224000
6879360
5830336
1084480
1123840
1374400
5288448
6469312
5113920
15815360
3344064
2678784
3234496
1757888
3793088
1226240
5879808
2105088
1101120
1608320
2841984
2607872
998208
4971904
1961600
3371200
5029056
2483392
7275008
1360192
1163776
2052352
10786304
677248
3114560
1947904
649664
3229248
7396288
1476672
10214016
12577344
2013376
1037568
666176
9849856
5000768
10773888
2076416
1912448
10944128
3476864
1550848
4216896
1696768
1821888
4440960
7283520
9184704
1044928
9193536
1661632
8461888
7530432
3792192
1574912
3115648
1194240
4330688
651584
4154368
5470592
1144448
3738944
6099840
769920
694272
4634048
1118912
7146048
2414400
8557376
2325568
2022208
1405120
11779200
1865280
678592
4489792
4176960
4354688
4575040
6658688
3840960
1350400
7692416
1557888
1360000
1804288
1164352
1743488
3195904
5500480
13245440
1130624
910464
4396352
3506368
2007296
1412416
6287168
1955520
1121728
1290112
4353600
1284864
1804928
1178112
1858880
6251584
2796096
1388800
1206592
5426112
4558016
1232640
1059968
4036608
6872960
2668992
3891456
1821184
2281472
5209920
1981248
2432384
1741824
1361408
13891008
2136192
858304
2070976
1889152
3702784
2152896
762048
1743040
4391296
8080448
778560
2034048
2349376
740608
2596288
4209600
16073536
955392
3848448
6784640
2284032
4973184
2309056
1022592
2506112
2849088
5134080
4452288
1804544
11554112
799296
2419520
2497920
3173440
3910976
1960576
2711104
7865856
864832
5822720
1621376
5278720
1654464
3082560
4220160
1228992
1826560
3429568
12182976
2343424
3253760
13826432
10768256
1517760
2564288
6454528
9314688
4393472
2104704
1526784
1589952
15665984
3096256
1727040
13003328
1021824
989312
8182912
3778752
590144
6517248
7329600
6530304
7633984
3648960
3718208
1037824
1492032
1645568
2937408
1893696
4027264
4494016
741760
2793472
3096640
1161600
1093312
7324800
5261888
2969472
1888384
3435072
16110464
570304
2406720
3640832
1523136
2768320
2816832
4599808
1969408
4071360
2271104
1156928
2324224
2923520
3666880
2371328
2768064
4017088
11331584
3778688
3596224
3185024
1657792
5787328
8493056
1808960
3765952
1666688
5949888
7363200
9868480
2082496
1699072
3167808
6632768
5378944
1039488
1335616
3567680
5746112
1566080
9386752
1010176
1082624
2529536
4831936
2549440
4751872
3097920
1201792
3066688
5873280
1816128
966656
1722944
4349632
9704832
3047424
2019392
6555776
2922240
1957056
1798080
2630336
5424064
3509312
1332352
4874624
3575296
4763584
731648
2847232
2453760
12931840
2134272
1189888
4242752
2647744
2557184
1165312
4521408
1509312
2421760
3361728
4463616
5465536
1047104
2519616
1085760
10611584
1204416
1939584
3691904
1902720
2107584
1132032
2398592
4915648
5874368
9771136
1061760
2082560
1489856
1570944
995520
2153600
2749056
2408256
4997696
1906944
2064000
5467712
15111808
746496
5413952
6272064
1470144
716864
6654336
4705280
8063424
9792576
4332352
5809792
1460928
2609728
12322432
1750464
6570496
4709760
3319552
1789696
2476928
4618176
6104768
14505152
11573056
2619328
1923328
3888384
2942784
2483264
1216320
2397632
2738496
4591488
691008
1833152
2352320
2234112
1830336
5575424
4966016
5632256
1797888
2403008
4603776
2683264
5469056
3534208
7270016
2018560
6102720
911872
1646464
1877056
4126848
4889344
1364224
2388800
3229440
3090944
1233664
1197824
1099648
1144704
3170624
550144
1482240
2402432
1495104
10459072
5699456
1819840
2248768
2956032
3631552
1741376
10707456
5435584
12208064
1519168
7745344
3187840
1259072
2590464
1608960
7281600
521920
3866368
2554496
2015936
1284288
2575232
1945152
3564032
1868352
2969536
1343040
1429312
2337472
1719936
1862976
8446080
6337728
12398848
2311424
3143552
2228864
2333440
11685376
4760832
3779648
4410816
1319488
1427584
1524800
10369920
8651264
3580672
745536
2981504
11080448
1890176
3240640
6737216
5254464
13257088
1583168
831104
4071104
1902016
5389504
1637440
4090176
2797568
7516480
1094464
2032832
2478016
3011648
4543360
4297728
1331776
1513600
2250112
1589312
5408768
2346368
3772544
2291264
1299584
8630720
3284288
3174144
1345024
2079232
2347584
6670272
1783232
12034688
3907328
2152448
2228352
2177856
2275520
2057664
1372416
2746816
1768512
2701120
3161152
5181504
1749568
2568576
1524992
1373056
7276288
5733504
3510592
1712128
2863360
6504704
1817088
1397888
5084736
1677504
860416
4451968
9300224
1534912
4872064
16345472
1312960
2957824
1693952
2814848
8524352
1646656
1263040
6622208
4162688
998208
6737792
1513664
7336320
2020992
3189952
8331200
3121024
1850560
2233728
3196928
1280128
643904
2588800
4053824
5166080
901632
2181056
4887232
5498560
1231168
954240
3289920
3398144
5188096
1480640
1561600
13479872
2209536
4073600
1266816
14526592
1213120
15355584
2505856
2699968
2015680
1742464
3839680
2326080
2588224
3132480
1655040
5588736
848128
4212928
7708800
3158464
8493248
1285568
1105024
4171648
1350080
3732288
5342848
1187968
1115776
2339712
5263232
8231744
5087616
3911488
617152
2404672
4835840
1172160
2679168
1309696
3384192
5494848
1089024
13481152
10559424
1652416
3959296
10846208
1777216
1166976
7687936
4006208
4049472
4874112
2147136
3157120
4798144
10334976
11590848
12539840
2423808
2151232
14185664
3071680
2160192
2681344
2453120
3499136
3885568
1254272
5361792
2838208
1091264
1945920
2752064
3728128
2242048
2705792
2986048
1862400
1992064
7838400
6451200
11201728
9723008
1704576
905664
3444928
7868608
2717504
1234304
11083008
2679872
3289280
4722304
3300480
1597824
2844032
1787200
3670080
4499200
1615168
2245632
1205056
1661312
7224832
1361024
836224
4101888
4429952
4768512
1716288
1546176
1238080
1990272
4083328
3323584
7808128
14386176
9038080
6479488
4447936
3353920
1326400
1997376
3714432
9651520
807296
1682432
2778624
2370816
1022784
1584128
1909952
2004864
5359744
1754816
5285312
2324032
4214080
2764224
747648
4787456
1794432
4473408
1496640
1318912
2343104
2725248
1125312
1371328
1393984
8643904
7971712
4646208
1070976
1343552
2697088
3413120
611328
953408
6161344
7189760
1200128
2192448
2013312
792704
2896512
1803968
1623552
966016
1699648
3141760
2380032
1173568
4423360
1074880
1288768
1962304
6680384
4330688
3490112
3092480
1510848
1855680
3590464
12894528
4064512
9705984
3903872
9629568
1151360
9117120
3722816
8085184
7509184
10859648
4473536
8446912
4542272
2332032
3899456
8783744
2662656
2064576
4687488
1059328
2408448
1283456
4085376
3113024
2003968
1580544
2356096
947008
3124288
6496256
14266240
3301440
1416320
1502784
11014528
6480384
2623488
1479936
1958400
1077056
3739328
3154560
2799680
2842432
1897856
668096
1591296
7543296
6487104
6447936
3808192
1963520
3430848
4839360
7212288
1255808
3066624
1904000
1524672
2440192
6679424
1282880
1693248
2863168
9542208
6983040
2434944
763840
2874752
3275072
4015616
3014336
1910400
1187584
1016512
3913664
2052032
1174144
2339648
2905856
4455936
3547648
2138240
3566400
2080256
11757888
747072
2195904
3922112
3984960
1281472
2535680
3581760
3800384
1646144
3760384
4158272
4014592
7830144
1476544
9211392
5418560
4113088
5881984
2305408
4852032
987200
4044288
2598464
3762752
2316736
1573568
1336640
6369600
1815936
2026496
2558080
2400768
2141824
2448832
7029248
1421248
2273984
3273216
6032768
8247360
4233472
4074112
1770112
3107072
1419520
1076800
3909440
897792
11773760
3384896
1327808
1369792
514944
1293568
2891456
2692608
2232384
6649600
1295488
4799104
1735680
2145216
5529792
9576896
2643776
9027328
1252800
8172032
2306624
3284928
1166464
7326528
1320000
1025664
3450880
13450368
5235328
3085376
3585728
3012224
6079744
4504576
2290624
8445632
7657984
10732800
5384192
1943552
2187328
2933120
5392576
4521280
10258880
2858560
2250944
1777984
1539648
6103552
2553472
1746688
5104384
4852352
2692096
1891200
1546176
1404544
3941760
9475136
1853504
1888192
2073088
9984064
3375680
3795904
4143936
3192000
1723200
2076672
1299072
3321408
6497472
2319808
11741504
2729792
1897920
3098496
10233280
755712
6508288
3739904
10346944
2450624
1886720
1342976
4468224
897728
1488448
2757184
2842432
1438720
1768640
994112
2902976
1594816
5450048
2708736
3018368
4161984
6897280
4907520
1904128
1846592
2654336
1955200
11640960
1734976
2142976
15755712
4434176
6929536
7585600
13867776
4905024
1506560
828992
2558976
4226240
1763904
3788096
2011392
1449152
3616640
4389504
4098304
684416
2318912
2932352
3167936
3437632
10361664
981056
5892800
753664
1973568
7491456
3003968
1012032
1278656
5304128
2765504
2363072
1908928
4327296
2438848
1694400
6502656
7667584
4297984
1108160
1168768
3893952
1910528
1016128
5715072
4093184
6271488
2647680
8586368
1733696
5357568
2677120
6538048
732608
2227136
4369408
1680896
1459392
4425920
1153216
4849280
7303232
9466368
633024
1442176
4664064
7511488
1512832
13251008
1229632
5612096
1220992
2924480
6811328
776768
4757952
2002752
2530560
1440000
3410432
12936768
1480896
14337600
3053248
4125056
1675328
9199488
902976
2685120
1488320
8768704
14276160
6695232
2541696
3748160
1216640
8464896
1572864
1631872
2652416
1870656
3348480
1089664
1938432
7911552
10634880
1218880
3157696
997824
2570048
6199168
5267840
1322368
4500160
4546304
8674688
2596288
2374336
1007168
1499840
3416896
2886592
593344
970176
2702080
3036672
1611392
5023808
1197632
1707584
1039360
1961472
5047296
1533888
1315648
1314688
847104
5985216
8450048
3237440
1552640
2647872
3008384
1491904
1294848
6529088
11655936
736448
2596224
2274176
630656
10893824
1196608
11759360
4455552
4226944
1645696
5603456
1184000
1062016
10820480
6601280
1047680
1236096
1626240
805952
2577920
6345024
6257216
1786112
8685632
5338496
2915520
1436544
4740672
2760256
1570176
6028224
4443072
2803264
2385792
7822592
2255680
1638848
5040576
2958080
1030848
4548608
8207296
1465472
3634688
6705856
11983040
1141440
3871360
2010368
2013056
8859968
4093632
4174848
5700096
6953152
3205056
1818880
5189184
3574464
3605824
10783040
8061504
1190848
2087808
1962624
5468608
1211648
1046080
3054976
1683008
827712
2313152
2381184
5166336
4915776
5241408
1790336
797312
1850368
5974656
7484480
11537216
2442624
2516096
4596672
1880320
5118208
5307840
2131264
2278336
2198848
3694784
4545664
1645248
3501440
6391808
1690048
3127168
1186304
4390656
9224320
5233088
3155264
8740736
713856
1405312
2642496
2495104
2085504
4320192
1317248
1461696
2944896
4188544
2122880
1716800
2735808
3074176
7778880
980416
3719680
2971392
1677184
3966080
9084160
3040768
2757440
1423424
4197568
1404416
6557696
11673216
4144000
4038016
2377280
4014976
4147072
15094208
1103616
2744768
2850560
2896384
11915520
1966272
1284224
3441216
4827328
1404736
2175168
2030080
1946624
2276736
4302464
6235264
1386944
866304
1804416
6396544
1257984
3358592
3240768
6334528
2074816
7313536
1665664
2531584
1323200
2132992
3230336
3188352
6898944
3450240
942976
946112
1839488
2302208
2298432
530880
3920448
1626304
6052160
2121408
545600
3945728
1169408
2357248
1429248
2885568
814720
4025728
4165184
3259392
2214720
3316416
9546176
1954560
2710208
1220416
3320960
7247232
1240768
10491264
2189568
6255040
6913856
2644032
2328192
9160384
2310464
5330560
3657728
8254336
1890624
12143488
938752
5944320
2161024
3878080
930752
1726144
3975872
626368
5870848
3146688
3787072
4907520
1720064
1383104
5136256
1679680
4009216
1712832
4535232
15132224
2366720
8036544
1646528
10494080
13405504
971392
11603712
1236096
3300032
11812608
4619392
1838080
2379456
14192320
869824
8464896
2329920
2914560
1755520
11297344
9652096
6018752
2701376
4071488
4089984
1377728
4391040
5088896
909504
2855936
1304128
836416
2728704
3302720
1133120
2270016
2359936
2235520
1082624
5809472
4160960
3300736
1138240
2034496
1194432
3993408
1061440
7861184
1311616
3945728
7490688
1655040
3312704
520000
2300224
3959488
4014976
3251328
4722304
5466944
3024448
1510976
2016512
1140416
1446080
1609280
2097408
792512
1222272
3264064
9535360
3625344
1196736
806208
1576768
2873536
1826368
3974400
3841152
1458560
1482880
2582272
2243712
1477760
6173312
3792832
1162240
3529088
4606208
8248064
7771072
636928
2512576
1408896
2739648
5397440
13800128
3343616
3101120
2039296
4157888
796992
1230144
2055808
4391936
7787392
1246464
3010496
1056448
5661952
4115392
8551936
1837440
1329664
6481152
829824
1190016
5773376
2225856
3570176
3011712
13363008
2344768
3709504
2561472
1582400
933184
10678592
2240448
1290048
6890688
1643776
8688512
1590144
4776320
2617728
2368064
2151232
2485120
934336
5117440
1496640
4953792
2791488
1636992
2276224
1899136
652160
10778304
1994368
3418688
2144704
7259264
2102080
7466240
2452928
1526016
2398080
2210176
2811584
3986688
6007424
2654592
1945472
7029632
1896960
3771712
2208832
4911552
2048832
10572928
1845504
912512
4906752
688576
3093056
1937792
3098368
1205120
7358208
1943872
3389056
714752
3238016
15197888
7872512
5091200
1736960
2158528
1778560
4444608
2343168
11345024
1307648
6558848
3747008
5253248
1657216
2250688
5875456
550848
5464192
1801664
2993344
13598976
3726976
5186944
4191232
4350208
812032
2446272
4056576
4867904
15560704
4836672
13409536
14140224
3055168
11128832
4064896
9287552
2110784
4836672
15245760
4155840
2710080
2499136
1093248
14335616
1649408
2742464
5092544
1901824
974144
2718528
7919872
8450176
3312896
5770880
2621888
1708672
3217472
11381184
13928704
940032
6044288
2029184
5340288
1245632
2033088
9928512
5606976
1615680
1595584
1316992
2617728
1675520
4753536
1389184
2604032
877056
1078016
7574272
6414784
1929408
10007552
3165568
1856832
1814784
1452352
6766400
4123264
520384
1589760
4068544
6639232
1615104
1523520
1561792
2182400
7037760
2057024
992896
1193024
4431680
3060096
6050176
1838528
4060224
5430400
1388480
844672
1261504
4864064
992704
1497408
1001600
1750208
4834816
3275264
4008384
873792
2194752
5277952
1762624
1002432
796800
955712
4239744
4002112
2846656
306112
6624128
12746432
2555712
2896896
3181824
8595072
4114304
6475648
734912
2714240
2159808
937728
1405568
980480
5239104
4551360
2512256
1820224
1964864
864256
7584320
1717440
4137088
1083968
751616
3040576
1256960
10359168
1658112
2862592
5020864
2753856
1569152
3176256
3195008
4573760
5700992
4301632
3590080
2112000
4760640
3197632
4017728
598912
1429760
5300928
6276800
6942016
2437888
2669952
2159424
4475328
3997056
2574592
4102528
6221120
911360
2648064
2664384
2409792
4169088
14928640
1245248
1156928
3967168
5182528
2593472
1092032
2949952
1692736
1585280
3955008
3055040
7198592
4466432
2103744
2713920
831232
6227200
3169984
7661504
8822272
1962752
4820800
5912512
4751744
948224
1603648
7673408
6245888
3222464
1407360
1112768
2898624
2166016
1948160
3470208
3588608
12727296
1209536
1940864
2060224
1052608
3232384
9837504
15389248
1564096
13528896
5969664
1842560
1700864
3462656
3170240
11879168
1492096
1472704
6091136
14650048
976000
1257280
16460352
4194944
2209536
2613952
2951936
2963136
1904000
7062656
2249344
8141184
3169408
4000704
3481728
5040384
2675712
5321856
1571328
2755392
2765952
3535296
7635008
1983296
1764224
1547008
6952960
3627584
1533952
1399232
3413056
1778880
5612992
814080
2310976
14801600
5716288
4651264
3098752
1359616
1798528
1618176
2382016
2717504
4789312
2358144
3197376
6561856
3178304
11271360
12691392
748544
7218944
1974400
3689728
3703104
3776128
12061440
4192448
12496640
1491200
8616576
2542528
4511936
1572352
543936
4815360
6293760
5375040
2789888
11649472
3799680
8983488
1313664
3366464
2537664
5401536
1853824
5226688
2269632
2078592
1762496
3550528
3909376
2442752
1461312
3597696
2241920
14306304
9484032
3189184
728128
2640832
3775040
1974080
2526976
2489216
9546048
4490112
1532672
2573312
9425728
7200512
8593472
1612032
5094848
7461952
2366400
1039232
961792
1799680
1599168
3120832
1494400
6084608
975808
2133888
1835200
6624640
1094464
1812224
6305856
2557248
1248576
1870400
1659520
2400448
4131648
1392512
1500480
3969664
4784704
856448
1765952
2879232
1746880
2380352
3670208
1065600
1952640
2808000
2914688
1833280
2865728
1803840
1312960
1559552
3088384
4915520
4243648
3782144
11553216
1849984
1784832
4247040
2338560
2465600
1009728
1898112
5533568
10069888
1132288
2238464
1620864
2180032
2090752
4463680
725696
3771968
829504
1577664
4228992
929536
3718336
733888
2473536
5778496
2179904
6267456
6372288
2295552
758720
666112
2070592
4840960
2067840
2969216
1228416
1687296
1315712
2435456
3947776
3215488
4990016
10538176
773824
1926400
2384704
12471680
775296
2555712
3682816
1021696
899520
530304
3592512
2515200
5520896
2957440
4241088
2803520
4106624
2038400
2907520
2745344
3332480
5050944
3874560
735552
2406080
3793280
1590848
6524160
4868416
4398464
2818432
3179776
3321408
1698304
2622400
2078208
783168
1763840
4352128
564416
2140672
4422528
5904704
2249216
6100288
2376704
895680
1274816
3732352
1972416
1136512
2866752
1848320
1673920
1876928
9151104
1815488
1073216
14736000
4237376
717504
11418368
1875264
3063936
4347456
773376
2549696
4186048
4566976
3272576
1720128
15069312
2115520
3909184
12052096
911104
1919296
15221056
764608
1793600
3849728
12912960
1781312
2270464
1417216
5005824
1751744
3657792
826944
4282752
2536896
2693440
5871168
638592
2306432
935744
7011136
3289920
4224704
4148224
932416
1074112
7534592
6397440
4373760
6213440
1406336
2038720
5646656
1034560
2481728
1853504
1381248
1333120
4148224
1089344
2684544
2110144
3805056
2150528
7486528
1003328
2762304
1674944
1300096
2750976
3485312
911296
5345984
12896256
1868864
2286336
12183488
1662912
5710144
3437440
5668864
672960
2209984
1803264
2290368
4190464
2507520
1773760
1448256
8355072
7161408
7390016
2090432
1768320
4916352
2135040
2946624
4482432
6242368
1127488
3509248
1735168
988160
1348736
4525184
1004736
1428032
10956608
2680704
3794688
1572992
1318016
4841792
2264512
2686016
3348160
3153024
834560
1540928
1275264
6506880
3028672
10759808
1647232
730048
1897280
811648
6062016
11165056
2365632
2348864
1631488
2555200
2475968
1101568
1408384
6882752
9656896
1659456
4430400
2461120
2484672
10047168
2429760
5698432
4441088
9095424
2174080
2972736
11879808
1758976
2851776
7503488
1109632
3344192
9401280
1067712
3132992
3156160
1844864
7293184
2045888
4262272
3032448
3832896
1290176
10917248
2248960
3516928
4381696
3675136
835520
1122688
3787136
10384256
11357952
1294336
1462336
1475328
4766848
3031552
5274112
2162368
413376
6185472
7766528
1183360
2381056
3792256
4140032
3469056
1775872
2137536
1809792
1636480
6284928
10282880
2516480
1211264
5223296
2145024
15326464
2793408
12580608
800384
2948992
1138944
1736384
1800320
3873536
2874752
9676928
864768
2307776
11450368
2516928
6747200
9062976
1480320
6949888
7596672
565120
2992320
5817728
5735552
1790208
1119168
762048
1275968
3002304
523264
1636736
856960
5688000
1023168
4859392
1100672
4350080
1455552
3355392
946112
1716928
2114112
3497024
1220992
841472
2015872
2961152
3085760
6128320
4662976
6401856
1447744
15727168
1991680
2392704
1833536
11894272
7395200
2041600
3942528
617216
1507712
3031808
939264
12862912
1337600
3206144
1690688
4009216
2275136
6014784
1930048
6822784
1215936
5673536
3872640
14005504
1044864
2159744
3062976
2046464
7611264
14842112
775040
2409856
3261248
1702912
2109440
1576576
10147264
1973184
2534272
5614080
1917568
3694208
3306240
700864
4516032
876544
7309376
6357824
10869184
2596928
4078016
2049152
1503424
8155840
8004480
4190912
2357312
2132480
1255360
2751616
2898304
714048
4250240
2310720
4204736
2993024
4224128
1503360
1857536
3875456
6624384
3394176
5085696
2074944
3511360
5763200
591424
1266368
944256
9910784
1131392
3196544
1216320
1775936
6553856
2358336
2909888
10412096
6981056
10963456
1703808
2281728
1605120
3697408
1115584
951104
2593728
5857088
1350784
1780672
1375552
2676672
4869376
2174784
4496256
3205568
3134656
4124032
2555776
2997696
566080
1190720
528128
3638784
2914560
6509696
9661760
6743808
2072000
3219712
1132608
1301376
3644544
14488960
8327040
14302336
3175168
10587328
4862208
1840704
4503296
2413440
2279488
10039168
1938496
6804672
2305408
1961600
1744320
2372160
3469568
2158592
4688960
1956800
6600064
1404544
8781376
2146496
4073408
2633280
2475712
9493312
2811904
6889664
12368576
2148992
2214656
1723520
3757568
1258112
5939520
11639360
4366080
4285312
861184
3739648
1495360
3131136
1035200
3129664
1134976
6116096
3315648
10285952
13172800
501504
10332800
3064576
989184
1492352
2086720
2297472
3309312
1486592
5058688
1580928
2059520
2458816
5967744
4934848
4327616
3156736
542016
1932480
10413120
862784
4693440
2646208
1456000
6017024
725760
6285504
1500608
1624576
3834304
3792896
2719808
5510016
1622400
7448896
4826880
6899392
2004032
3999744
4288640
2980544
2970368
1680384
6231168
1130432
1884736
10593088
1083584
5810432
1267200
1683904
12523968
4777920
3481600
4481088
4238336
1649920
2457472
4996352
2311296
12138112
2287424
2058560
3988352
3063808
3609024
1285568
1951488
5987584
1176384
5174336
2478656
4055680
3307840
3536576
5280960
2384512
5127488
618304
935232
7651904
2500864
6173824
2307776
1923968
868544
3243968
1459456
2110976
10466368
2507968
2418304
3386816
916736
1859968
4023744
1906048
962752
3183424
1693952
2857344
1226496
2117312
1676800
3515648
4655424
1883584
4156800
2964992
3206272
4175616
5789760
14240704
9251840
8025280
12581568
2058304
7373120
10746688
4149824
1617344
1426368
3377600
1406016
3119488
2699904
11887104
1641088
8225280
5534528
12850944
1495872
1186048
15063808
2960640
1960064
782784
1937472
3633664
6839680
4778944
1792448
1228096
1659904
5523200
3299072
5743680
15979392
4494208
7633152
1887808
2962624
1344704
2667328
2031424
4294720
1338816
5231680
1274560
13262976
3712320
5813056
1137856
1286784
4106112
4377792
1920768
2341120
1904768
2028992
5112832
6458688
2531840
2784960
2323200
2137920
4479104
3138304
9535680
1902016
1626496
2017984
657664
1825280
1779200
3183744
1571456
4987456
4182592
2178432
1363648
1037632
2834944
2472576
1135872
2977088
2374464
2711616
8872064
912448
4942720
1963456
9973056
4127808
10550656
13795584
2772032
7202816
1777792
8165440
2133056
7289408
5658624
1374976
1842112
3602240
9304896
3371456
2940800
3736320
1017536
6920768
4374016
2887488
2782208
1646336
9105088
13659200
4035712
3247872
13475072
910144
2814400
2565632
3924608
2864192
3808768
13472960
4856640
4373568
3538944
9862016
2830720
11887744
11239680
2429376
1971840
1956928
3557440
2108096
552320
2573888
3063744
2006848
732864
645056
3263168
1445440
2251328
3795520
1666240
930304
1223488
847616
3960448
3210752
6029376
3223424
5429568
5809280
2276928
936768
2343872
1175104
2213440
3860032
4010432
3803264
4939328
13816320
1931648
2008960
2781952
1814272
4036032
4946432
1824576
1834944
5497408
465536
2946240
9361088
10683136
6367680
1595392
4511552
640832
2667392
2007296
1852352
3675584
916608
6741760
1359744
2574144
1283264
2688512
2714304
1662336
1864512
5109120
2988928
5626112
1085184
2059840
1752832
10417024
2750464
2022144
5789056
7416576
1183040
2644992
10093760
4408512
13776128
4446656
1682368
1825472
3257856
5716288
1316608
15327744
1798336
2914560
1880320
1507584
7042304
3551552
7922368
10871680
2778624
2022976
15006592
750720
3212800
2606848
1430016
1492800
3642432
5481088
2662592
3158784
5810880
9378496
1741568
14227648
1448512
6148224
1788864
1323136
4771520
6127488
2111488
4692992
792064
13340608
2103872
2137664
6812416
5931904
2516416
957120
3293696
3767680
3525248
5939968
2164096
1273792
7711872
1410368
4792384
3836544
1672000
2358592
1069376
2683328
1873856
9040192
2080768
2283136
5230656
4312704
3800512
2248704
2745856
3442496
1696960
1532416
4781440
2143936
3542976
2999872
7612224
1240320
2420608
4213056
1666560
1980288
11102400
2017088
750720
2125248
4432640
2409216
11433536
6930432
1427840
6288896
9462528
757120
2792576
3302208
4582016
3861376
3339200
3320448
1525824
6043328
14538240
2044288
5562624
13082240
3028096
2235840
12512576
2034176
2525440
2419904
1614976
2130688
2878528
1577600
1059456
5374272
857152
3438080
3087488
8730560
1124288
6974528
1905344
8912768
1865600
2624960
987776
2110080
2263424
10214080
6711744
2127680
10332992
11786368
4232448
3586176
1597760
6024000
1589504
1524352
5360512
4765120
3018944
7380224
12244416
8230336
2885312
1376320
1091200
1765824
11286400
1710016
6632192
5839424
1951040
3430656
2407872
6692544
1829568
5093824
2413568
3346560
2014848
8679488
1994688
3250304
901248
1748416
1338240
1197888
8110272
2284864
6579200
4840384
2710848
719488
3326080
7711680
2625088
2050112
3618688
2310656
6838272
4088640
1645056
1365952
1992704
1938688
5950784
6086336
1406656
10909376
1371456
13481664
2924288
1457920
3366016
7138816
3849152
2412032
14661952
1275776
2253248
4102528
4175744
2949824
1541440
5037056
3582464
1521408
1740096
3579776
2016512
5801664
4252288
9468416
2800192
5828416
1047616
1246208
4049856
1899776
7579200
4077312
7822784
3804160
3819392
1340480
7788928
2372480
3897152
4814592
5664768
3242496
8158784
1792832
7510656
14363392
1418752
1864192
2992320
6285504
1219072
7093568
8064064
5132608
4100288
2620416
1651648
3681088
1249216
2733248
1282432
1869312
2857280
3827072
4058240
1077888
2417664
3353856
2108992
1947200
6229376
10713600
5103872
4111616
4334400
1490432
2280704
3348224
1829056
4113856
1571520
994432
1236416
11411776
3376448
2799552
2391296
4802112
8188672
1195072
2981760
2753536
3477184
1841856
6219456
1141248
12853184
5391232
1183040
11060672
980736
1616896
942976
1638720
2654464
5155776
2668416
4106176
12541760
3560704
3138944
1891136
1973440
1113856
1405120
5173440
2676736
3846272
3543424
1176640
2425408
5693120
5441472
8983296
1255872
5122368
667712
3352832
1128448
1955904
2777280
2795904
3132608
1216064
957760
4018944
12620032
2610496
2214912
2326848
6754624
9341056
3458112
9442688
1070592
1992064
4797248
1332672
2131648
9046720
5353920
3056256
4873856
900736
6181888
1731328
1674432
3489344
2084480
3807552
2185280
2111744
2066304
1620032
1439680
3764288
3868416
1449088
4158784
3582272
2696000
9623616
3625984
1159424
5359488
1429120
3542656
3199168
1132800
736704
1554560
1430912
1314432
3435264
4150720
6645312
3143872
3664128
4142848
1160000
2303040
2652224
4382336
8138688
1560192
5852032
14549504
8800896
12666432
1187264
7466816
5020608
2664320
1752128
6231296
5100352
4731008
10109568
2605120
1394304
3265856
1775040
6362176
1861056
1382080
5743488
4422464
1127104
1131904
1273280
10229440
4217920
3199040
974912
2717184
4287360
3484480
2182528
8999104
2143552
5531520
2591168
3827072
2804480
8692352
3444864
2683776
4921920
1265792
4238976
6739328
4528832
2351104
3968320
2198592
2174592
834944
7694400
6450816
10406976
2279808
2302848
1727104
3061376
7153856
1399936
2120832
1785088
6957248
4224448
3520448
7621824
1715712
2551232
2282752
4448000
4469184
2603712
1651392
2061952
1325440
7417472
5327296
2175936
4301312
3760704
1448384
13496384
5180096
2212608
1483840
3509120
1200576
2601024
4200512
3616256
2240512
1374016
6968832
4187584
1528960
1701376
2594304
2749184
824448
1864384
3467328
13853184
2232896
4540160
2757120
9200320
674752
3005504
925696
1784832
1992832
1672448
5844032
913600
5862912
1359040
1715712
1643008
5226880
7772992
1113152
5487104
1160512
10389184
1126720
5606336
668032
1929024
2509696
1716352
2342080
761408
1499392
1520448
4473280
1275904
8542656
1099520
3718464
2389440
2674112
6532672
4655488
785984
9051328
733888
1822592
1651008
3157504
1520896
3681216
1236096
2122496
2080640
1469824
2052352
5344704
1035008
5919104
1487616
1185344
5956736
5149248
4882112
1662400
3616832
5591680
12031104
4421056
4263552
978176
2375424
4686400
1118720
2094784
7148160
1772352
15619648
5016896
3737856
843136
1949888
6017152
1118144
2340352
2434496
1747968
4916224
7976512
13608832
1713920
4747584
1372096
1445952
3787712
2582592
3551808
685504
674496
688960
1694144
5969408
6396096
6225344
5194816
1790208
6759104
11785664
717120
14159360
7819712
2104832
11713728
4458112
15870528
9458368
2002304
703040
5927744
4980096
2836672
2538304
12879040
5807552
3040000
5780416
2067520
2098112
1912896
3479872
2213120
2558080
5426368
1465856
7125184
801408
2093440
6752768
5608960
3666496
569216
2165696
6252544
1144320
1767424
1140096
2683200
5066816
4392640
794688
4040512
10028160
2209088
8772736
2018304
10159808
11745408
4938304
2085824
4160192
11229376
8120832
1581056
2588288
2094016
2772032
7775936
6302016
4071424
1461632
3068608
3863488
1287040
1559296
2524096
1734272
1382720
4503296
1252928
2154496
5488000
8362624
1153984
5276928
1450496
2825216
2837824
3014464
2627392
12170048
941504
4838400
5946240
2008064
6389312
981568
989888
2835136
1174272
7316736
1111936
2834560
887616
1896768
3526976
3115584
5615360
4439872
1284288
1208320
2853184
5925760
1169984
1428096
14260096
4295808
4071744
663360
3388096
2979392
2626048
1689408
6322048
5043136
1582720
4106240
718656
2347264
899968
4259392
6369024
4630080
12790656
1504768
4129344
2824384
2178112
5562816
5438848
3468032
3921216
902016
2399296
5489152
1382848
8840000
1609728
6072448
2686400
4781952
1423424
10832192
3409280
1580416
703040
4853376
1071424
10448448
3024704
1222784
1369984
3425664
3768320
11349696
1400576
6056256
8063616
1121856
1726016
2577664
6401920
1312448
2466752
5186368
807104
2425408
8502784
4439488
564096
3035392
2100800
3337856
6075648
1835712
2424256
2061632
2916416
3379072
3306880
5039296
3967360
12062848
602432
4325824
1125504
3376576
3317312
15778880
1309952
6710272
2111296
2858688
1705536
5644096
2208384
2393088
10879552
3782976
5164992
7323776
4555072
741376
2916800
4740736
1415680
2382592
1924608
3289024
2478848
4898176
4895616
9622464
2118656
1874304
2637056
4955392
1815552
6569600
1535424
2137088
6760640
5600704
3386560
1729472
5337600
1631168
864192
3710656
2241024
8061824
6015744
1749760
2954752
1599168
1173888
1018624
1023168
2756672
2046976
583680
2103744
4292096
2088960
6609536
3863808
4495360
2420288
1299136
1238080
1838016
5936320
10788800
1907840
3605952
2548864
3191424
12234368
2220480
2913472
3230976
4982080
3305664
1155712
2692800
1911488
2070528
9033152
8537472
959616
1837184
1785408
9091648
2919744
1200640
4302144
5192960
5601536
9255808
2495616
2189312
3319232
7462336
3749952
1509248
10614144
2584960
1078080
1752512
6253440
5674880
863040
2785728
593472
2941248
1572864
1503296
1562560
1240512
1770368
2900032
4680960
1913152
14964096
1594176
4312000
2529280
1387904
4548032
3028480
1623360
1671040
2342400
1261440
7773312
2473792
3677120
3826624
2083072
6738816
1571136
8612864
2070144
1065216
3267136
937856
5316160
15100352
3657216
2880256
1734720
12266304
2245504
1185536
1116800
5292992
4713600
3386816
1578112
5055296
1227264
3548096
1701248
4199488
1781440
4785152
3134528
6922176
3752960
985216
1806528
6571776
5697984
9306944
741952
2938368
3902656
1681728
1812096
1445504
7432640
2811840
2706432
4640064
4290240
3095424
1462272
5828608
3526208
1697856
1598528
2020288
4026304
1028992
4577536
9920000
1434880
1984384
3364160
1407424
3039872
1636736
2741888
7634752
2046400
3648896
2393216
1129408
1051584
2717184
4245376
6325952
6076928
13131648
1105408
1490112
9720576
965312
1785536
4750080
2190016
1465152
4016576
3380800
15250112
9579200
8065280
1131200
5989376
1740800
8136704
3931200
5691008
1790720
2703424
3195648
5638208
5072768
1957440
4072640
2659456
1248448
2147968
2981568
1186048
1886080
2164032
4505600
11362432
1971456
2534976
2123968
4154048
4820160
4206528
1935424
3175296
2156672
9812288
11687872
1047040
1644544
2610240
10139520
2798720
1240960
1237952
15532928
2214208
13050496
1119744
9444736
1723520
1534016
4517184
3261056
4110528
1278016
5067200
5877888
1527104
2396864
6716736
2430912
4873344
1019264
1038080
2222080
2218432
1037312
5596160
5996736
8175552
7888128
2135616
1152576
2278464
1389888
2395584
3791360
2166912
10366080
3043840
2218624
4477120
1888000
1221248
2672896
9244352
1066240
717824
4054720
761472
4069632
1404672
2034048
11000128
2757696
1417536
3772352
3390720
3069888
4815680
4701696
1930496
2699456
12011200
1873344
2910464
10501952
756864
5037184
11927232
5317632
5811776
6365632
1632128
7218432
6865280
6527424
6123072
7570880
710784
1857792
1027456
3859520
1012672
3901696
1463360
2281856
4362432
3005696
1821376
786240
2116160
4966656
3432512
1713920
2652992
1024128
2309696
3518272
1181120
3805568
1335488
4147328
13140864
6505728
5655360
1672192
15433472
4381312
1560064
3600000
1622336
8810688
5558272
4988032
2577728
1157440
3622976
1513728
1765632
3006784
3395264
2289856
2240256
4048896
2869760
1264640
6242304
1361152
1090304
2113408
6348928
3441088
1557824
2176064
2471936
4042240
6880192
3545728
6723072
3153280
3491520
1673472
1592832
2296000
3600192
1596608
1808256
4663744
13499968
6483648
6489152
5862016
2097920
2301632
13017920
846400
3786304
4532160
4908544
1800832
6997696
8224256
1447680
2184512
3938240
10881280
1826624
1669824
3061440
1399488
3900288
5039168
8912768
1648576
3321280
1827968
1618816
2237056
3502592
2342784
2138560
2939520
3960064
1271488
1767424
1210112
6438848
3579520
2824832
2283712
5153536
3061440
495744
8075904
2122880
2343360
7215424
3474816
2421568
2056320
4920512
1040960
3822720
4139456
1344704
3279808
1439552
1290432
1579072
4347200
1631808
6495552
5100096
5688320
5516864
5669632
10153728
3213760
7545664
12727104
2990272
2804736
2797824
3382080
3611776
4353728
1823424
3939328
3857024
3885568
2623744
10809984
1151104
1101632
1485952
1203008
1728832
2035584
2618176
1546112
4230016
3853824
1735104
1616448
1881664
933248
5040320
1215360
9370560
1156736
3909760
1214144
2180864
6175872
1751488
13751680
962176
1213632
5366144
11503744
4576896
4074304
1027200
2164096
5714368
1346112
803328
11612672
6254208
5262464
5729984
4025472
4578624
1441984
5260800
2216384
4943872
849664
4222592
2103040
5850432
1388608
3675840
1354880
4784896
1421120
1921024
947200
11441856
1812096
5198656
2291712
1239552
2268416
7715520
4142592
1372736
1184000
1537408
1429248
1306816
6805056
1188352
1916672
2598912
713728
5213824
1594112
5950976
7765632
3478016
1324992
2773440
6784320
1016768
2404416
3505728
3468352
12532096
7010944
2612352
895424
1167296
4423808
3066176
2344896
6914304
8528832
6162240
858688
3116160
8271168
3585664
1221056
1553216
3296512
1936768
4595072
4321984
803648
1305536
1271040
7595392
2256000
4915264
1458496
3294528
8466752
1060416
1249920
3967680
4382464
1688960
1318336
1992576
2643776
1199104
4092224
5188224
2727488
3649792
2450368
1539968
3153344
9131264
860608
4863552
5432768
7274944
10939776
3197312
6154112
3412736
6939456
2216192
2436864
2034816
5728320
1359808
2337984
2229952
3413824
978048
9797824
3278464
5782720
1045824
4458368
2152448
543680
4423744
1187456
1086592
719616
1759168
1734144
1555264
2822144
5764672
1453888
4026048
3957376
1833856
3251712
5465024
7321472
555968
2420032
1010816
7839744
3077376
1582016
1404544
2573760
2820992
6449024
2949504
6073216
7394432
4945344
956480
2578048
5780160
1383232
2356544
7824768
1467264
14881152
1874112
747264
3071040
6070912
963776
8842752
12806656
2347008
1109184
12603776
1328512
2995136
8734784
10008000
1117248
12067008
1148480
3650496
2228416
17032064
5091584
4749312
4118016
4419328
2140928
2358336
4595456
7307264
3609024
3033088
1675456
2171840
1927232
6995712
2305472
12327360
1499776
2073088
1451584
986368
7419776
8368768
2003648
14483008
1271424
5312000
2443520
1115648
6855552
2174336
1276672
3679040
6138304
9348288
3669056
2722560
3249280
2858688
1131584
1128000
674368
6013440
2220800
4188544
5706624
5649792
2431232
1909248
2773248
3349952
2340800
4401216
875584
2714944
2951424
3372736
1308352
4275776
2679488
3435776
1545920
2043328
4793984
10231744
3120512
2179008
2282944
3243712
4414144
6253248
1696896
2025088
2256832
4652544
4131776
1179200
1611072
1973056
1873216
1669824
2949248
12274304
14217152
1423424
876352
3489728
6438656
2523328
10269120
4073664
2127424
4902016
10152448
8557760
2780096
9743872
3544384
1149568
4077504
4815040
4766912
13537088
2245824
6416896
2035968
1979392
6096000
1344320
1592640
4857344
13139200
2110336
6366528
789440
2316928
4733184
4055424
5905856
9729024
2824320
4347008
3448384
2337024
6647040
1341632
2742208
1488576
975360
3413568
6921792
3370560
2895168
6171328
1873152
15261952
1784704
3142016
3505216
5839488
6686208
1326912
947392
2288576
3492352
908224
3975168
4048960
1491968
2188480
2092672
8560448
3674560
2098496
1929536
11862016
7837760
2273984
4518912
4459776
4756800
1953280
8730048
745152
5444288
2552704
3330624
3199936
982208
10202368
3924864
3819392
2329984
3922048
11304640
2247744
8713344
6161600
2944576
2519552
3791808
1500800
4053760
7674368
1325312
3338816
4761216
2696704
3709312
3395072
13794112
4343808
2229120
717568
1808064
1697024
1552192
5289920
3956608
1782912
9523520
601344
2210304
5294336
2081792
3448768
962944
2065920
11320960
1305152
4418880
9277440
4538496
1750976
3593088
11516224
10896832
1748864
3295040
1626048
2297792
2318912
2681600
1457152
4025088
1235200
3422208
2574144
2934528
6100416
836032
2532096
2069056
3248448
1847616
4258368
1367808
2683968
2028672
1599360
1939264
1803968
1863488
1770240
12951232
5244224
2254592
2630848
5779264
11786816
1449280
1760064
807616
1670144
7214848
1688192
8958528
920192
2931136
1209216
14454080
4207168
2032448
4645760
2654720
2832384
801920
10637184
1465280
2749952
3707776
800768
3977216
11947328
1679296
6650368
11601088
4192192
3870208
1650560
5235840
4428352
3851328
2595712
6675584
4313856
1753856
2139904
1707072
1191424
3041984
2461632
1139008
9316928
2005184
2622784
3059520
3207104
1095360
3392768
3117696
1091648
3364160
1392768
5441728
5209024
1265664
1784896
1954240
11804608
1756672
1947200
2019456
1138496
1104768
1703296
3404032
6105152
1385088
1001856
4058880
1058944
6985536
3328960
1932160
2288704
1258048
3564864
7364416
1648704
6432320
818368
793408
2916544
7127104
1017280
1482560
2697728
1805696
541440
1322880
1513216
7987776
6232192
2417408
5147904
783040
1003200
2992064
2390720
9986752
3439488
1934976
1331200
2096704
5995520
1777088
7981824
2746944
1576832
3022144
6419328
4568768
6078656
7325952
3313984
9118784
1638272
4245888
4805248
3587008
1545600
2497664
1654080
3149312
1799488
1257280
3018688
3978880
9171840
2795584
3446336
1284288
4513536
1255616
5977216
2330944
8206144
1425024
6214976
4097792
4963072
3118912
2085440
13146816
1587200
11277824
2406464
2032128
1412608
6577856
3004800
7931840
4863296
1337088
4186240
1168512
3144320
4442176
3946048
5652864
12491008
2252480
1622080
2975744
4187904
9759104
2748352
1251968
3115456
1227072
10446208
8408832
4366784
854848
2407552
1028800
3230592
2680512
1904896
4416896
770816
2598592
9285568
2157696
8150976
1416896
2217344
1834496
2224640
1038272
4298560
2924608
2005696
8356224
2075968
3330944
3572288
2481024
1225344
5017024
2263936
6129920
1830528
2233216
2966016
826112
2424384
1062528
7928064
4414144
3660160
10693696
2304384
12489344
4307136
1537792
2842880
1282944
2503360
2044672
1656448
13613376
6851136
736960
832448
3827712
2420352
1158656
1787264
4561408
2823488
1828416
2994304
3101888
1299264
5243200
1594496
1132736
1160192
2935680
1541184
4037120
962240
2583424
3393472
2532928
8390592
8020544
6753472
2249984
5162304
6307456
1721280
2352832
7313536
713984
6172928
13745536
1716928
6588672
3191680
1445056
3588480
2535424
1340864
3856896
5065280
2856576
1635968
5738688
1387904
8548480
4687552
3204480
5557056
1253184
2563776
1970048
4701376
7054336
1265984
3039360
5148864
4402944
6282688
3436224
1743360
1642944
1081344
5644736
14750272
6775360
1635072
2702336
1561344
7269376
6584064
11176320
1786304
2261376
1561920
2459776
1338688
4314112
13350336
642240
1546432
5344192
1968768
2010816
3584064
2492800
13138176
7607872
2279744
806656
2141440
3389824
7200768
5805440
5759488
9583808
4602112
1107968
1236352
3687488
1347264
3406720
2066752
1433920
10808320
2480128
3448640
3147648
7211392
3635968
1855552
2749056
2373440
2261312
4064896
2595840
4995776
10620864
1528896
3987008
3241024
1856448
6627520
2479552
14806656
6559168
13865408
1742720
1372480
1474496
5366016
5153728
1289152
6423488
3424640
1412864
1882240
2080320
4244864
884928
2336704
3988032
787456
13281408
4098816
1502592
1531520
1448128
1198208
3174272
4841536
2008256
5727360
3419456
3770368
6142784
4466688
1208384
2712832
1085504
4902336
6521152
8947648
13680192
579328
2622592
2323520
2826688
1361152
2420416
879808
4338496
4483264
5088960
2050944
2693824
1989120
2027520
1301504
1452608
3609216
5715200
1426624
6010112
1527232
3667840
1320960
4487424
5116672
3168192
1721856
4409536
1493696
1242112
2300928
1348096
2677760
3555200
5388544
1131712
1376192
4485120
2505280
7350976
14076352
1179584
1140800
9179520
1605184
3038656
3388672
11736768
1517440
1715200
1416640
3330368
3705856
10628480
11530816
8091264
3029824
10993728
1257152
1558272
3782272
2042176
2410816
1701312
1521280
1950976
4918784
3820544
2244416
4721856
5074112
2886144
1185408
1774208
2124992
6173120
1461184
1912704
694656
3521280
1945920
1825728
7209536
2553472
3338560
2703680
1992064
796096
2251008
4918400
2034112
3114880
2772672
2639296
2394880
2201984
2610560
6585600
3369536
1040640
839360
2390592
3655744
1537536
2113792
1763520
1219200
3737088
1648960
7580864
1913984
4341248
1663424
6551680
575168
3209024
2028672
2689856
7957312
4098240
1200256
8125120
2814400
6768256
1388992
1952960
938752
2131264
2444992
3322816
3517184
1063744
1414208
1126016
1968320
1962944
4441536
15446592
8576192
1556992
973440
1398144
1645504
786944
1309760
4371264
3418304
679744
5613056
3634496
7826944
1777792
1492096
6226944
7592640
7447488
2209600
1014528
15242048
1510400
2001536
2097216
2599808
537344
3638336
1171392
1944192
1513216
5556928
1659968
5882752
5245312
2682368
1936768
962560
754752
1496320
3576832
3272384
2457344
2208320
3471872
1202624
3389696
4667776
1560512
5238272
1709568
11974528
1350656
2743552
6902720
1019904
839680
1851968
1093376
1201152
2402944
8449216
1455488
2712320
4576128
3680064
1897472
1116096
938752
2447424
10725632
2715200
3565952
1473856
2260416
2133824
7329280
2674304
4066560
6525952
10104512
1319232
3410880
3334976
1739904
3110272
14904640
1933632
1227712
500416
6684352
1852288
9118464
1825728
3786304
4837248
1397312
1577920
2795072
10069888
1047168
1664896
4302592
1336704
4381824
2094400
2648640
4307008
4324864
1860416
888192
2411456
10440512
1208256
5183040
1761856
4307648
2677888
2225152
4695040
4003712
8481472
890816
2275072
871360
2087232
2790144
3756800
4720896
2679040
2987648
1471552
5859968
2074432
12185344
2357760
3626368
3261568
10118272
3791040
2248128
1690176
3627264
13980288
3306560
7883456
3835264
2284608
12168704
1802304
3044864
1670912
981248
4272576
2680512
1245376
4454912
815616
3853376
6945728
5472512
2068864
2955008
2255872
3279616
3082752
11456768
14585664
831104
3806080
5014016
2438080
3565504
2556800
2772928
5221632
2657856
1207744
1267968
697152
1826752
1061184
3663424
3352000
1992512
1640384
3203264
1494464
1860672
3774912
7708288
5124224
2335680
846912
2587648
788352
1981760
1227648
2668672
2630400
1179584
2866048
5539072
1546624
4820544
5323712
1230848
3970688
1783360
3198464
2156224
1355584
7228032
5164224
14439296
9112512
2867520
5632384
1692352
2401792
3573376
5710784
1061824
3813696
1044224
2863808
3777856
1792960
8230400
14633920
9038080
6197760
7841536
870464
2469184
1308160
2096704
2894656
6580160
4536192
1136640
13726784
7846464
2436416
3347904
4978176
1718976
2235648
8716608
4557568
4984640
1479296
2332992
6240832
2148736
1739200
7662080
11113600
1393344
7562816
4731136
2405952
1588032
1777344
1718784
697984
4652736
5935488
2190720
6305344
5315264
2701312
6995840
2664704
8016640
10481344
8292864
1620672
7161920
6677312
1756736
6405120
1151424
12061632
1438208
3101760
3466432
6758912
3687744
1294464
2272768
1441088
3125312
3360640
2608896
2934144
1814848
723584
3269952
1819968
2197760
2424960
4297920
1432384
5909632
3538368
2937088
6051840
1322496
8357184
2221952
2332992
2906048
1149952
1691456
3413632
2165760
1773632
1911936
1476032
4398464
1742144
1738944
6085568
2725248
3045184
2545088
5502848
11742720
2087360
1070528
2329536
3529600
2524224
1325248
2200064
3563968
3487552
2328768
3321344
2358016
5527808
4683328
2131200
2506624
10582080
2266432
2331648
4590784
6005632
1822528
1371520
1942656
6550400
2785344
2711744
6514816
1883136
1020352
998528
2379264
7952512
3765056
1419648
2387456
1860480
11658432
8992192
3248960
1864448
9054976
2429184
1898688
3139712
2177152
4552832
4657792
6692288
1744448
2458304
4123520
2593856
1698752
1457792
2014656
7326208
3394688
585920
6210752
2574016
1698496
1986304
694656
1223040
1403904
1644928
6253760
789888
3757248
1832128
1256640
5498240
6201856
2147392
7151936
6981376
11915776
1210432
924608
4227072
1373888
1510016
1423168
4034432
1027392
1577536
1889408
8295424
1536576
1614848
3474944
1055424
2520832
2589440
4982976
2156416
11533952
2777280
2045184
930112
2699840
5491264
6194048
852608
1280128
6117056
979136
1312192
993600
4990976
1171520
1648384
1166400
1576768
2241024
2030272
2385856
2071232
8656128
3549568
2929280
2636992
720448
3582016
1700480
3422592
3711680
2978112
6646848
3119104
1015616
2616256
5961344
9540544
904448
4173248
11543296
2045056
7816896
10024256
13782464
3233856
3426368
1336704
2203264
11289600
8601664
2768832
2976640
2348800
5380224
3137280
2507456
2293632
2859968
1802880
2775040
3350144
1629952
4507200
3574400
1656960
1441920
1834048
7268992
2260992
2825216
5819392
4448576
1524032
4229888
2035584
2298688
2037312
5547264
2807488
1166976
8178368
10899136
839296
4268544
1035840
10421056
3021440
2147776
3148288
1397312
3892736
2763200
1678336
824576
7001920
1586816
3241152
6367744
4692736
1715904
2262976
1852416
1479488
956032
2073088
3356800
3761024
2349056
1462592
2069760
4704832
9649344
5537536
1444416
6357120
1780864
5183936
1037120
2131776
4874432
4840832
4336000
2966272
2263616
2500160
2530368
1655488
1488512
1787712
13129728
10238080
1543040
5273472
9782848
2881472
1976000
4385088
1192256
1167552
1955456
3887488
4029824
5889472
2379968
6212800
3553024
14665728
11400640
8757888
777984
13755584
7780096
1372672
5558784
5664000
2232128
3293696
3292608
1340416
3043008
2657088
1940544
3250304
2760000
1525632
2577984
3039104
1398208
9446912
2772800
3251968
5103808
2057472
1626240
2387840
7740096
7944320
2096640
5395648
4086400
1391552
3183616
4522112
4241664
2382464
3138880
4132288
880640
2505600
2711872
1375296
1631936
776512
4897984
3258368
6410560
4850368
11114432
2357440
2062464
1908608
2309952
6634880
3468160
1874816
16081152
1907008
2241152
5117376
1954880
1971008
4093760
3025600
15512832
3276736
15684544
2227904
5038528
2529920
2504000
12790464
2934144
915264
1250112
3494784
2735872
4895040
3398976
1348224
998528
4080576
1895744
3345600
1441088
616448
4733376
2321472
2431424
1170944
813888
5622592
5417728
2208896
1989376
497664
2416448
1682816
4802752
2570432
4580608
10037568
2397888
7728768
2111232
1680448
2494720
1228800
3326848
10006784
1631296
2661312
7719104
1285824
3409600
1288064
8228928
1720768
1670208
3266624
1583424
1621184
1370048
2794560
3077504
2379712
8864000
7686528
12344768
826432
6718208
4929152
6520320
4803840
1484672
3160320
4280192
4124096
2622656
13116928
6938688
1971008
688384
3085184
15583808
960832
3250240
3421376
679552
5134400
1037888
3601728
7394944
2647616
1486208
3293888
766976
1689344
5949440
4323264
8281152
4566720
3580736
1980992
1935744
5939520
2996928
4089920
4735424
2701632
4694016
4504320
854400
4852992
9988416
1993920
2176256
1479360
2028352
5690240
1549056
749824
1068864
2330304
1988544
785216
4078912
1766912
2560448
8099520
3492352
7495680
3975744
12110464
907520
2104640
1500544
3359616
905344
5619584
2231680
4815232
1186816
1258048
2832064
2223360
1145152
845504
4177664
1061056
2611648
7399488
5930112
1654016
1098048
1618752
7414208
13219712
1449600
9367808
1137792
1405952
4428224
6871424
1769792
8849024
1338304
1685312
2819072
2715584
15417856
2822464
3764096
958080
2529984
692352
4983232
15701248
1633024
5772928
2054016
4395648
1483584
2624320
1248128
3687616
1064192
10069056
5136448
453888
2930944
3392960
1313152
9416832
10505600
2801408
686336
2865088
4315584
935552
6089344
2133568
2214208
2544960
4133696
4519488
1907712
877440
3137920
1337600
2572480
4993024
11669504
1784512
9640576
1536064
9433280
2406848
5126912
9655936
2780160
1461504
1034496
1816896
3211456
1126720
4402880
8506944
5852928
6958656
3092160
1181952
8957568
390336
4182400
3025088
1432384
1263808
945600
1223424
2798080
2326720
2004544
1394944
2121216
2349120
4031808
2414016
5480960
2125376
2682688
1510592
2693312
2202432
738944
900096
2394048
3129216
7102208
9920000
5706112
6342016
3667520
2091136
929408
4624704
1148160
5357952
5246656
2512896
2522944
1044032
4403968
1712192
3906240
1938304
12315072
2804288
11809600
2437376
4853440
4691712
15169792
1555712
14789056
1808064
3592896
2771200
2110784
4089728
2993152
3192192
4245952
1917440
3983552
1765056
4439296
1490176
3974016
3386240
1069504
3143552
2957568
2514240
1300032
2253376
499840
978176
1949952
2519808
2405952
4944576
1411840
1310208
2078208
5634496
10550016
1351488
2533184
1207744
2626944
2461632
3045376
999424
1158336
878848
3422784
1579520
7093824
4775616
4663744
3149248
2600640
840960
1696512
4416768
3237312
13425856
6250880
2420864
5539584
3356224
1386688
3237056
4066432
1549824
15998784
3477888
3965248
6422016
1923456
4431680
915712
1489088
9455936
5079680
964544
1198208
1468416
5873344
949376
6305856
7561280
1107712
1521664
1287936
2326336
899072
3454464
1180032
1743040
6095104
2207616
10022400
1691840
1126400
4160000
3649856
1885376
2638976
1843200
1449600
958336
1273856
5635648
2188288
3051904
1971968
2148800
1606080
6103104
4884160
4495488
3900096
4738560
4804160
2123328
1899840
7144448
2022720
7713280
1287744
645824
2749888
486848
3699136
2940992
9204800
4243520
7067328
1204544
1431616
4121472
1664832
1366784
6456576
6327680
1192192
3671744
3079872
2295872
9392192
3044992
3071168
1830272
11040256
959040
2722176
2872128
5132800
2187840
9622656
1158976
1418240
6431104
1402176
3543616
2180736
3954752
1333184
1565056
21294784
997888
924352
1727360
2377664
1305152
1106176
4678784
5506176
1872512
3611392
1147584
10841600
3532672
1989632
2867328
7995136
2740736
3806272
4928320
2598208
3382528
10649408
2462592
2736640
10095040
2595264
2868672
6391488
7846144
13514496
3448384
10922176
3945920
6290816
10528128
9661632
13740480
1942528
1368896
2856704
3858304
1005760
4785664
5999616
2037056
1773696
2944000
1785472
939520
1375296
8437568
560704
2862016
7371776
11742336
2023552
2479680
6104960
6504640
6861248
2113472
2763072
4013952
3416512
9529280
2878656
1630336
636416
845248
4936128
2595200
7031552
3347456
891328
3679744
1976064
1369664
3035200
2209792
1582272
5777664
2617664
9180416
2684160
3089280
4189824
3440448
10055360
8657344
1928512
1294272
2276672
3826368
1318080
2147392
4353472
6098496
780288
2880832
4430976
3004416
4483520
3918144
1228352
6205312
6880192
7693440
4330048
12986880
2776192
15718080
9798144
1856640
2608640
1506496
14916864
4874432
1042368
1316416
1252160
6452288
1203968
4706240
833920
655488
5137024
1784832
1042240
8432832
2439936
1644416
1280256
4441536
1237824
3188928
1648128
1476544
3391552
2262720
2419264
525568
3263488
4108160
2934912
2915456
7303552
3340352
6198016
13598656
11069888
2508352
2562944
2071808
1427264
3411200
1680064
1810304
5846400
4219904
1373888
1920576
1430400
2818624
2105920
3443456
2527872
6505216
7030976
1904896
1245824
3671808
3640768
2294784
8561344
1041472
4756032
2948992
1873152
4344640
1135040
2606208
1251968
10520000
6138624
6485760
1308608
2302144
1315648
1415808
2638336
2138496
1399552
2308480
2618560
4643648
1875904
7045120
1540160
11548864
1362304
2483200
1296832
2021888
11915904
545856
5502784
14658688
2348032
4086464
2390336
11471552
3654016
6318080
1907584
1659008
1287296
5377472
6711040
2162240
815680
6182976
7346304
3488128
2969664
7270016
5038272
2888320
2665024
1526848
4180800
2531840
3965056
1452672
3820864
1787520
4178240
1995520
1742464
13888064
1173376
1160768
3052480
1354944
4703552
1366976
2277504
4236416
911424
2506112
6548736
8677888
1517376
942400
5660352
4145408
6629312
7174528
1495424
4559488
2625344
1985664
7507776
6143296
6998592
4673472
1597376
2029184
1190208
4325760
6123520
3747264
2714752
1097728
8470400
1946624
9112384
1440832
5535168
12251520
1932800
1214976
11757312
2071040
3686208
2358016
5687232
1349696
3274048
6587904
1814144
2888512
3498112
4518272
5944832
1645312
1656192
2916032
8744192
1614208
3766272
942720
4588800
4848448
1180608
3154048
3699264
12400128
5582592
3519936
1404928
4445504
3064320
3266560
3157568
7489088
6912960
2115328
733440
7288256
4947520
1476160
2254528
2731328
763584
2897216
1561664
1006016
8986944
641216
1462976
4510912
634880
2092096
4006720
1026176
3175296
2610304
1742656
8911360
986880
1892352
4849600
4767872
5543488
6088640
1366848
477824
2578944
7724864
11781248
4626048
5119040
948032
4007232
14151808
2404672
1115328
2103936
737920
1682176
1728640
6402112
4336512
4053952
3203584
2361344
1295808
10302912
1061184
2679360
2598336
5322432
3720640
3074880
5455936
3140736
1964288
3205184
1130176
4659968
2872000
10654144
764864
1914432
1872320
5759104
1747328
1488192
2211456
9117888
2129536
1505472
2242944
3277504
3726272
2861184
2840064
2030592
5232064
5448512
1987584
3559488
2976064
1842624
2794560
2911744
6132224
3068160
5374272
1644992
3150848
954560
2480256
1395968
860160
1624896
2054592
828736
3309888
3171776
3408000
3180288
11668736
5726016
5897088
1240896
1458944
1804160
6184320
2119936
14206528
1547072
4332480
8685632
4052800
1943104
1034304
5138048
3233600
2960128
10755904
905600
1504640
3400960
11585024
541120
4017792
2135168
3094272
1623424
5011584
2969856
10032512
1812672
2921984
7525696
3838912
7825344
2010944
1556992
11160448
2247872
2654336
1400064
2324288
8265984
2017600
1436672
9186880
6128576
1578624
2266240
1146880
7662336
2606784
6836608
8483200
5002496
3729344
9959040
3736448
973696
2739904
768576
3546048
4723712
2858688
2583680
4662528
4352384
955584
944704
1254208
2655680
9252416
3237696
7222848
901056
1758976
2370496
1318080
1311488
2327808
2304064
7996032
7553600
852032
5121472
4096512
2638336
3985472
2060544
2874880
6611392
6288768
1325696
7046976
6632128
1043008
9101760
5751680
2449984
2112960
14169728
4820800
2010048
4392512
5846656
2066112
544128
5695744
2826944
2825984
6842496
1770944
2700928
2824960
5410880
3890688
1866944
15144960
6780736
1361408
3716480
3269376
2746368
890240
1837376
3041280
15181248
1736064
1866688
1511424
2504896
3001088
2375168
1701376
1924288
3687616
2003904
2976192
3397504
5128192
974208
4657728
919040
7537344
1847232
5651072
1294400
2430400
1294784
1791680
1037824
6199616
2794048
3400512
1167872
3886592
2019648
6123840
8767808
4379456
4200512
1953152
1970496
2162304
5725568
3584064
1995072
1479616
1147840
2789248
2970432
2525888
1174464
2195328
1335680
2426176
6320896
2027136
4877248
2081408
5786048
1717952
587072
6110848
4992960
2990656
7287808
14402432
2893056
1436480
3774848
2093120
4201280
4350208
10695872
1510528
8646336
1655680
1031488
2119872
6480576
3982080
995904
9807680
979584
3061696
1648448
2430720
4270656
12315392
1451136
3222080
1209472
2149440
1683904
1713152
3590080
4492416
2162304
1527360
7270912
2229248
3611776
2333376
2274112
4642496
1682368
3451392
2870720
1032704
1392000
1632960
2341760
658304
910720
2016320
1426752
16739328
962624
4208704
2025536
3577216
6817920
7251584
2392576
1562048
1417472
11261184
3125440
1600192
8854016
9634112
1447424
6428544
1967168
1385280
2693760
976256
5279808
10475072
6301248
3126144
1953984
1440384
2152256
9904064
2732736
6945408
4144000
2807168
884736
1438016
1589376
855488
5093504
1486848
4531904
1038464
5690304
2532352
8015872
1064960
5643200
869760
2709440
2817472
926144
2068416
3186112
7292480
3835392
1217152
1739648
2559424
2475392
1045760
2215232
13533376
3202304
14095552
1493376
1087232
1726592
1332928
1858240
4956480
9648064
1405824
742464
3696384
755776
10755904
3979200
4825728
1456128
3641472
1784960
2905600
7333248
861312
1091712
3261056
872576
1154176
6593792
1967488
6848832
1260352
2246720
6860672
8552896
3912064
6007552
1799936
1420224
2771136
1920320
13890240
5300928
3859840
1407616
708992
2778496
1691200
5041152
1470528
9366080
4010304
2407872
2804288
5143296
4133184
6909056
6034816
7432704
5852800
7561856
3176128
2457600
750592
3879680
7623232
1447488
7516864
1289280
861440
4805056
1415808
4683904
2596416
2728192
2935424
1642496
4922368
1784000
1090240
2488896
1089088
2140800
5669184
1360512
8297728
750400
2167552
15083904
1960640
2333440
1686080
5220480
1228160
2301824
2568512
2316032
2524160
5624576
1446720
2771136
1559488
3745664
4564416
730944
5485632
4263488
14928640
1206080
738112
1724800
2590144
1158464
9422400
5595584
1378944
6005184
2875264
1691200
3036096
1234944
1027136
4011392
3006016
1842176
6915200
2126656
13259712
4509760
689984
4338496
1807360
1543936
2649728
1863360
1398592
964736
836544
6443200
1513088
7896256
5136256
2545344
1986432
885760
1023936
11106432
1281216
4885760
1619968
3160896
1057536
11799040
1069696
4967552
1878400
3325696
3373632
3688320
1188224
3549824
4212800
1570368
8606976
5666368
1213952
3467968
1687424
1694016
963776
15157632
904768
2079936
1765888
6031488
887296
5957376
3728320
1928896
755328
2854912
4441088
1368960
10031936
4398080
2294976
1743552
7138496
5218368
2981312
797056
1376768
11984576
1804288
1000128
6205056
1083200
1638528
5041920
1393664
4707328
2114880
2075264
1615616
3887360
1233792
5421568
4155584
1402688
2563264
5414208
2369408
1332736
999104
3225216
1563328
4513408
8447232
3880896
1082432
3169600
5754752
2879232
959744
3171008
1580096
4868096
6814400
1223808
1721792
5916672
6705920
4138432
6391296
5619840
1409984
1519360
10591040
1169472
2154688
1674496
14370240
7423744
8015232
834944
4908544
3987456
10808384
1581696
1019200
2372288
6781632
4327360
1367488
1676096
1171456
1420800
2532352
5811456
6250752
821568
5579648
1186944
2790592
2885248
2554944
849856
11566784
2599104
773120
4882560
576064
12113472
557184
2242624
3099456
1808128
1182272
6330496
1063936
1438208
6291648
4296320
1481984
1104640
2328512
3254336
828992
1702016
1743424
782144
1853248
3038208
8838528
6712768
2143296
1848704
6819328
2922304
752640
1420608
7474688
3077568
771008
928000
1781696
13655616
1439744
7561664
1850112
2808000
2333184
1387584
1026880
4063360
3417856
1395008
1257408
1042624
1919232
4302464
2560512
2457280
1221824
3697536
8476096
8845952
15281024
1281664
2430208
12441536
6527168
2467968
909952
4084544
1603776
5061440
1404608
1793024
1935232
1807808
6401536
7540096
2254784
1143488
1273344
1683520
3683200
3598144
2946944
3368192
995392
12361728
7495040
1079872
1486208
3384320
2091968
1929088
3184640
3119040
3877376
2040960
1926208
1841344
1866240
3977984
2471168
7770368
12268032
3006400
2169280
1865152
2595456
15350016
2501120
11266752
912320
2932928
4383040
1680512
1382464
1545408
3312704
555072
4989056
1472960
6514112
3271104
2089664
2211776
905280
1577664
5345152
4420032
2192256
4875392
1580288
11019200
11642432
1183488
13623808
1203584
3137856
15461824
15050688
1048640
1798400
7701632
1604736
3878720
634816
2990144
3816256
14689920
2211968
1106112
813056
1812096
4112640
1806656
2520128
4290944
4665920
6617024
1859328
4868224
12474816
3095040
3162688
8422656
1343744
3763968
1121728
5272192
9263936
10473600
2190592
1388160
1627200
1237632
1401280
3849216
5152384
14519168
8231616
1770688
1327296
14084160
1359296
2472576
6267840
13879360
2453952
4732160
1350720
3648576
1580416
3472128
2390016
13111552
4459968
2285120
14408000
1326016
2361024
2821824
1880832
7561280
2025792
672576
3881920
4999424
1591168
1622336
944192
1327616
8611776
2628224
10227648
10827136
2896832
8387968
2202944
6440448
7709248
4117440
1784576
5213568
1637248
8304256
1516928
13505792
1596224
1154240
2638912
2257216
1564544
11963648
3870592
5361152
4928960
3948608
3086656
4574336
12793536
1908800
5017344
2028288
2272512
2111360
3171008
2640448
670720
1143424
3482240
5405440
986624
2006784
4756416
943808
5356608
1478656
809088
6447552
10076032
4306240
2635584
933824
817024
1968192
2797632
2057216
2692160
1166656
898304
1452992
3202816
4556800
4280320
9146496
3119808
5301632
1625920
1731648
3677568
1902464
1797248
1653248
3699456
4034048
1063744
1021696
1465024
4798656
6736576
13921280
1449472
8817984
2564928
15465600
1282816
1366208
3138112
6631936
610560
1691840
3478912
3036352
4771776
14762304
1521280
11957504
3595840
772928
3594624
2515264
1117248
3206336
13501568
2689792
867072
3151488
1057920
1252288
3032384
1364544
699584
10780352
2333312
2577280
1539328
3660288
1581056
5211136
2026048
2657536
1690048
2582912
1197120
1496896
2752704
2406784
1030080
1689984
4078400
2231424
2060928
4172288
5106240
5095168
1415424
17295808
1815872
1593024
3753024
1371840
1720768
3778304
12605504
5998336
3867520
811904
7040832
3150208
3362624
2608512
1850880
13634112
4331136
1396288
5123328