11835904
17258176
27590848
22738496
28097984
23074752
20269376
19540992
21151296
16094528
17767424
15584320
14708864
15605376
13185728
15320512
11326656
12171008
11782208
10489920
9811328
10968704
8933376
9509952
9714560
8517952
8329792
9402112
8195264
8023616
7885312
6795456
7990976
7654336
6748416
6922432
6060032
7344128
6720128
6987264
6645056
6447296
5210432
5193536
5647232
6386240
5506496
7212224
6504640
6503936
6050112
5116608
5663936
6272768
6021056
5101952
5235712
6650048
6398656
5547392
5537536
5865600
7677376
7023168
4650112
4982400
5682304
6230272
5370816
5708096
5710400
5814784
5987840
5838528
5454656
6170176
5990272
5535616
5972736
6468032
6129792
5339008
5764288
4970112
6869184
5708800
5784448
5838720
6165056
5629248
6067776
5078528
5613568
5471296
5374016
6447360
6080704
5038016
5859008
6735168
4328512
4918848
4375552
4658176
4299392
5323136
4851072
5068608
4800832
5067904
4451264
4595328
3912128
4462784
3743552
3664576
4058240
3800896
4826176
4180032
3654656
4349120
4843648
4519936
3833664
3857344
4192640
4340736
3875840
4324096
3492864
4094848
3989376
4518784
3663936
3773568
4097024
4085120
4629696
3727744
3749888
4197056
3821312
3749120
4143104
4040128
4110784
3712960
3701568
3730432
3666496
3829184
4234944
4310592
4053120
3750080
4580992
3907840
4573952
4098752
3399808
3835712
3987072
3844928
4104128
3921344
4017472
3729664
3524672
4089920
3724608
3682432
3253504
3748736
3221376
3387200
3371584
3284096
4004032
3967040
3673472
3451136
3855168
3861824
3820032
3214080
3301376
3885440
3383488
3386240
3807680
3860672
3322624
3104192
3862336
3460992
3690304
3194176
3033216
3497344
3312448
3374656
2981248
3767360
3147840
3947392
4247296
3255488
3317760
4227904
3947840
3831744
4076544
3772928
3746048
3337408
3386432
3703488
3399616
4001984
3468288
2957312
3183616
3367552
3700224
3558336
3377792
3158272
3103936
3216064
2691328
3309056
3352448
3521216
3389312
3047360
3079744
2947648
3352704
3304384
2899264
2969920
2963264
2956032
3446976
3033856
3245376
3413888
3006784
2913920
3062976
3199616
3453120
4178560
3396160
2523648
2651456
2706624
2892800
2856576
2631232
2803392
2928384
3006720
2944768
3131008
2764480
2919168
2800832
2801216
2807232
2611264
2487488
2806464
3244160
2898432
2925632
3059328
3313792
2681536
2773504
2654336
2761344
2656128
2733056
2945216
2964416
2613120
2906368
3059776
2801664
3021696
2749504
3102464
2600832
2949952
2839232
2768512
3141696
2899264
2551808
2803584
2473152
2797184
3124544
2654720
3173056
3227008
3487680
3347776
3162176
2843968
2815360
2543872
2967552
2444864
2545536
2914752
2712960
2786624
2940480
3145920
2856960
2955456
2881024
2533248
2554176
2815424
2542464
2791168
2704704
2854528
2892416
2484288
2898048
3070976
3321728
2948288
2822400
2634560
2801280
3019840
2782016
2579904
2949056
2658240
2557184
2793216
2459072
2715072
2870144
2682048
2567360
2845120
2719616
2989440
2677824
2600768
2537664
2530176
2712704
2727872
2645184
2594240
2658752
2642368
2754368
2456128
2715968
2841152
2662400
2461120
2948352
2582912
2959424
2551232
2737920
2557696
2459712
2821504
2976704
2713792
2888832
2466752
2778240
2741376
2584512
2412096
2480064
2546048
2780416
2595904
2528192
2691904
2901568
2431424
2840896
2990400
2676736
2668096
2772416
2802688
2962368
2705856
2702976
2567360
2849664
2664000
2842048
3187840
2835456
3160192
2758016
2814272
2734016
2756224
2823552
2613696
2844032
2618880
2448256
2588416
2449536
2616320
2349824
2474496
2797120
2763200
2774528
2698560
2789120
2808256
3005760
2629632
2638336
2678528
2448384
2969984
2921408
2778176
2702592
2640128
2808512
2752960
2876352
3001216
2886848
3009600
2950976
2656832
2872000
3045248
2892800
2844672
2806720
2703936
2593472
2855680
2859712
2761088
2712576
2831872
2681216
2775360
3259584
2818176
2867520
2752832
2964992
2991936
2946944
3130240
2833728
3346176
3126528
3027072
2914752
2873536
3087168
3092672
2996864
2634432
2713856
2920512
2999616
2838656
2752960
2826304
3092736
2885120
2676928
3065856
2954880
3023552
2938944
3279424
3349568
2945344
3466944
3079552
2962176
2985856
2976512
3056576
3068096
3027648
3571776
3152384
2845120
3117760
2870016
3463744
3337344
2965696
3108608
2940160
2856768
2889664
3024064
2876544
2906048
3136384
3366656
3009152
2696512
2963840
2815680
3056192
2651584
2936128
2722304
2716544
3117824
2872064
2822592
2785536
2961152
2948224
3144192
3194880
2911232
3043968
3203712
3030656
3150912
3046016
3134592
3015104
3537408
3034944
3159680
3196032
3097024
3005440
2727872
2992704
3113600
3107456
3277120
3030144
3141696
3356352
3670656
3212672
3245952
3387136
3231552
3289408
3277248
3333696
3131968
3134720
3222336
3506176
3626624
3039872
3071744
2852160
2918080
3390080
3030656
2922240
2996352
3146880
2766592
3379264
2777920
3052288
3173568
3179968
2976896
3233408
3340096
2942272
3387392
3340480
3584256
3300096
3036864
3376832
3161088
3433664
3106304
3245760
3107072
3156352
3105984
3278592
3198464
3123136
3010304
3110976
3100480
3235584
3215104
3210368
3532736
3627776
3276608
3166528
3025792
3034688
3204416
3213760
3191168
3141568
3022784
3034624
3123456
3170176
3466560
3149888
3441856
3303104
3115200
3541952
3033344
3071808
3200320
3295808
3746048
3693248
3489472
3808640
3616320
3202624
3155456
3291072
3500992
3201472
3508416
3331840
3452480
3640064
3257600
3225856
3326720
3296896
3345728
3507392
3165888
3437184
3613696
3629248
3127232
3303168
3153536
3501952
3466560
3457408
3408448
3315136
3395200
3186944
3355008
3722624
3436416
3348096
2873024
3155200
3046720
3356480
3569984
3384192
3385280
3562752
3271104
3460928
3289344
3256896
3221824
3512320
3320576
3864000
3365952
3326720
3299136
3267392
3588800
3431296
3586304
3437632
3573760
3331136
3774528
3521664
3467264
3838336
3711744
3465792
3696576
3664384
3500544
3649792
3289600
3207616
3434176
3680512
3262144
3329920
3592640
3183488
3424640
3424448
3339712
3396160
3453120
3254016
3176832
3238912
3477888
3532864
3459200
3137664
3449856
3730496
3752960
4220352
3751424
3762368
3787584
3966336
3914560
4346432
3488512
3566656
3702912
4061568
4298304
3814208
3521536
3823360
3698560
3595520
4097856
4080192
3953728
3564416
3852224
4132160
3457984
3637184
3550144
3752320
3862080
3885888
3813760
3599232
3710528
3596160
3803136
3498240
3699264
3545664
3294336
3677888
3646208
3439872
3487168
3602112
3647808
3626240
3656704
3351232
3560384
3734080
3840832
4101184
3858880
3744448
4144640
4190720
3858688
3482368
3904192
3735040
3780672
3842688
3897024
3738048
4171776
4148864
4439552
4276544
4032000
3727424
3840064
4157760
3754560
4020224
4164672
4145088
5070464
4764608
3705152
4133056
3759104
3479296
3898496
3862208
3818368
3656960
3933888
3716608
3634880
3614784
3687360
4019008
4329792
3944128
3866304
3942208
3771200
3945856
3826944
4353152
4025536
3950720
4157760
3850176
4055808
4257216
4064576
4238848
3910912
4055168
4731072
4152064
4531968
3960256
4334400
3863296
3748544
3861824
3716672
3968832
4004800
4058304
3799744
3845056
4087872
3839680
3859200
4597696
3645696
3561024
3539328
3998912
3814976
3816640
3653056
3760448
3834624
4225088
3752576
3232448
3845248
4254528
4037568
4032896
3856832
3846528
4177280
3974080
3680640
4531584
3983104
4094656
4372160
3967872
4136896
3712640
4082304
4160192
4249728
4394688
4406336
4351232
4172352
4291328
4672832
4194240
3923584
4206848
4068416
4055616
4468096
4052224
3868672
4119232
4252032
4074752
3853056
3836736
3967168
3930432
3582336
3631232
4096960
3734464
3940800
3835264
4053952
3471552
3841216
3729344
3531584
3931456
4069056
3879232
3971968
3810752
4272192
3858048
4398400
3940608
4306816
4480064
4094912
4071232
4212544
4315456
4389056
4486976
4243584
4206784
4304320
4466432
4216960
4441024
4370304
4105856
4285440
5026752
3944640
4541312
4267328
4206656
4137536
4697984
4250432
3954560
3604352
4207552
4416128
4266304
4210240
4114880
3898496
4116864
3982720
4308736
3847424
3467072
3992192
3645632
3953152
3920896
4140672
4345344
4292544
3871744
4043072
4002880
4089344
4226880
4314816
4390336
4244928
4468224
4321216
4082368
4138496
4226368
4274880
4320448
4621568
4664832
4558528
4688704
4387584
4174080
4530496
4061312
4329600
4034304
4440192
4240320
3785472
4035008
3978176
4028160
4166912
3904000
3674176
3974272
4229120
4085824
4227392
4005248
4334976
4731456
3876800
4136768
4644864
4889664
4602240
4386560
4093888
4560064
4307456
4845760
4192192
4372224
4475520
4305856
4179520
4960384
4641728
5356288
4586368
4819968
4878784
4613696
4532096
5116608
4703680
4897664
5202688
4566976
5263040
5262656
4410368
4489280
4511296
4669376
4114624
4027712
4196864
4770560
4372032
3919552
4501568
4198080
4124224
4053696
4066176
4368704
4051520
4028992
4238848
3766848
4173696
4184384
3759104
4089920
4159040
4189312
4127232
4863424
4714240
4066752
4596352
4909056
4848576
5371200
4476288
4479488
4378752
4284160
4622784
5033088
4779520
4836224
4831040
5287872
5158208
4506432
5247936
4882112
5474112
4979584
4670080
4916544
4678656
4312000
4610752
4416832
4024128
3996800
3925952
4075328
4612224
4593664
4329216
4464128
4451904
4747136
3898432
4518656
4200576
3954880
4430656
4219520
4092992
4233408
4471744
4655296
4429120
4766976
4136384
4653440
4238208
4514496
4580992
4530880
5033536
4409408
4758528
4474880
4987968
4740864
4739776
4729536
4745664
5022720
5459392
4504000
4669760
4526400
4854976
4545600
3844736
4015488
4443648
4734400
4632192
4492096
4210624
4517760
4305472
4088832
3945344
4328832
4749568
4721024
4613568
4557632
4392256
4487808
4731648
5401920
5242560
4759040
4511104
4167040
4821952
4888128
4710144
4482240
4238848
4282240
4343872
4896832
4652608
4455872
5248192
4751296
5321344
4767232
4695424
5065728
4937792
5481792
4738176
4403008
4631168
4905216
4826240
4612096
4174208
4766272
4287360
4312448
4230720
4390080
3969728
4138496
4299968
4561856
4411392
4189312
4420928
4490944
4294976
4078976
4726912
4520320
4754496
4985280
4684928
4614464
4611456
4589184
4550784
4674240
4949312
4811712
4694016
4725696
4563648
4920704
5527104
5133824
4735360
4414720
5056640
5579520
4692032
5027200
4676288
5163264
5084672
4834048
4617792
5230528
5177728
5455360
4412800
4518848
4326080
4269952
3880064
4292864
4549952
4240320
4345088
4235648
4618368
4265152
4810688
4630592
4174080
4310592
4199232
4578048
4560832
4134464
4529216
4541056
4503488
5035712
4151936
4427520
5096256
4827712
5022912
4965632
4481600
5084160
4646848
4669440
5032256
5093632
5580544
5304192
4846720
4892416
5092032
5635584
4994560
5061696
5379776
5471488
5013760
4884096
4682944
4327232
4872448
4701056
5361728
4330048
4452032
4834048
4378496
4275584
4518016
4721536
4674752
4320384
4466176
4301504
4398272
4571008
4446720
4072128
4759680
4853440
5055040
5211264
5170368
4802176
5153344
4469824
5081856
4808704
4700992
4936576
5045184
4998528
4555776
4657984
5288576
5342016
4879744
5369792
5527808
4341568
5347136
4762688
5379776
5128640
5459264
5044992
4459072
4053952
4220288
4385920
4487360
5209600
4518848
4470464
4921280
3945344
4341632
4639104
3999424
4661632
4246976
4450752
4853120
4060288
4659648
5075200
4512256
4749952
5027200
4901568
4578496
4307072
5414528
4085312
5119680
4807360
5153536
4672448
4670272
5020736
5193472
5002816
5097920
5217920
4820928
4426240
4860480
5061568
5028352
4913856
4630208
4451776
5276928
4895936
4256256
3990592
4280960
4352512
4098048
3876096
4391872
5417728
4844224
4075520
3885504
4324672
4369472
4625600
4269056
4664320
4558016
4756032
5457088
4620032
4667584
4993216
4533888
5116864
4747008
4733056
5027968
5676160
5188736
5030784
4608384
5100480
5228608
4653760
4919488
4822144
5055616
4844032
4765440
5393152
5613760
4636928
4591488
4739520
5263104
5001280
4972032
4662976
4880320
4113536
4322432
4945280
4008960
4491008
4390976
4434560
4855872
4884992
4332032
4716288
4120896
4439936
3705984
4501824
3942336
4546240
4119936
4206720
5082752
4542848
4398080
4661952
4466944
5186304
5003840
4734080
4350336
5271360
5004800
4729216
4959488
5154944
4735616
5252160
4694080
4610560
4880640
4878208
4884928
5022400
5646400
5256768
5315840
5217728
5617344
5275072
4154240
4934400
5034560
4163712
4156544
4508224
4946944
4429184
4130816
4724736
4259648
4545536
4233024
4355072
4351552
4530816
4867712
4259136
4818112
5449152
4661568
4639168
4496704
4767296
5148096
5561600
4906304
4216960
4451328
5317696
5147328
4448448
4393152
4716800
5135616
5017856
4847808
5186304
5155776
4844416
5264448
5240128
4665856
4331200
5119360
5735424
4458752
5292864
4172992
4389824
4072384
4784832
4885696
4758144
4631168
4427904
4242176
4573184
4492160
4867392
4505664
4516864
4761344
4403136
4521024
4837120
4824192
5145792
4691072
4310656
4879872
4332864
4881280
4682432
4875392
4939456
4806272
4664320
5315840
4926016
4120448
5092736
4349120
4653504
4768256
4899968
4874624
5122752
4819456
5079680
5806912
5044928
5043072
5184192
5360704
5837760
4679232
4181440
4298496
4870080
4942400
4941248
4450432
5023552
4028416
4404544
3976704
4940288
4757504
4677952
5006080
4567872
4586688
4913600
4377216
4661056
4445440
4876288
4832384
4798848
4564096
4981632
5025024
6353088
4933696
4412288
5015552
5108096
4962560
5424640
5307520
4463424
5062912
5229440
4617536
5410560
4487168
5439808
5081088
5495744
5399744
5362048
4647104
5655872
5260288
4161856
4427776
4563200
4429056
4012800
4103872
4205120
4667200
4451840
4804864
4545536
4731968
4387648
4208448
4306432
4177600
4752000
4556160
4961664
4192000
4752448
4310400
4537728
4209728
4370304
4696064
5154432
5004160
4492736
4625984
4808896
4510784
5605632
5248640
5523904
4965952
5389696
4808128
4715840
4923648
5215488
5146496
5097472
5831936
5280128
5535040
5571520
4402688
4267968
4292608
4411712
4158848
4224640
4341760
3836992
4352320
4427392
5132928
4648512
4452416
4309312
4274112
4452224
4674304
4620288
4559424
5236864
4509504
4437888
4712768
4986752
4773760
4610304
4544832
4641088
4691904
4609024
4359360
4178368
4222016
4639744
4519552
4859520
4591232
5353600
5159232
5192960
5039104
5396544
5935616
5290752
5473664
5267072
4822144
5174784
4238144
4720960
4170368
4728192
4889920
4935360
4883776
4153088
4891200
4375104
4962048
5296896
5406272
5153280
4936512
4159808
5015040
4828800
4572992
5542656
4433792
3880064
4847872
4463744
5058816
5289280
5132416
5120640
4930880
4777472
5601088
4743616
5385728
4633600
4933312
5043456
5166720
5233344
6053440
5497664
5385664
5228672
5353472
4859968
5557760
5393856
5393664
4985280
4535744
4816704
4304128
4922240
4632960
4816960
4520320
4376256
4283136
4156352
3990912
4788288
3922432
3908288
4247040
4195072
4541888
4636608
4251840
3717824
4744832
4953728
4698240
5318400
4401536
4555712
4687872
4365696
4920064
5143744
3828864
5221120
4646656
4564608
5000064
4842112
4713472
4789568
4828480
4663104
5138880
5581120
4801664
4603456
4808128
5107776
4989888
6169856
4737792
4454976
4569344
4819968
5432448
4494272
4770112
4075648
4408448
4803904
4168064
4432000
5275456
4368000
4143616
4926784
4445312
4549440
5001344
4961600
4775424
4390656
5177152
4638336
5257152
5444288
4918848
5249984
4558720
5469760
4589056
5244224
4880320
5391872
5612224
4597312
5758272
4443072
4639616
5124992
5132160
5191744
5326464
5180928
4881664
5145024
5920704
5137792
4635072
3981632
3970176
4317760
3955904
4419008
3881728
4095936
4249216
4175232
4683584
4489472
4708480
5032960
4167168
5001344
4157760
4358336
4711296
4172160
4357632
5045760
4884992
5408896
4486336
4701248
5278720
5373568
4754176
5078080
4749056
4692032
5165056
4982272
5429312
4945344
4689856
5497536
6002624
5126656
5561792
5102976
4837376
5698624
5533312
4788352
5135232
5171392
4088896
3934912
4538944
4437888
3774720
4472832
4984896
4620992
4522176
4071616
4022592
3964608
4078976
4907264
4804096
4480320
4167744
4185408
4371520
4759168
4471296
4187968
4296384
4461952
4665088
4538816
4472896
4969472
4849280
5127680
4847616
4636096
4555776
5064128
4367808
4758016
5218432
5714688
4746688
4981440
5142400
5236800
4907520
5301760
5537152
4666368
5347136
4392000
3682880
4121088
4873024
4291712
4692864
4324096
4561984
4274496
4350016
4709120
4450304
4265920
4896192
4433792
4525504
4027584
4811392
4856448
4943872
3776064
3956032
4539648
5019776
4540800
4387584
4490816
4600256
4845120
3908992
5236160
4305024
4873856
4253376
4531328
4487936
5046656
4832256
4780032
4771008
5474880
4405824
6632768
4681088
5326784
5598976
4699584
4552640
5608704
3946624
4125568
4159680
4004288
4377536
3962432
3918784
3837440
3742784
3745792
4200512
4602816
4041984
4272128
4751488
4217600
3866560
4866240
4179392
4740800
4486016
4505344
4902912
4163392
4931136
4457920
4277696
4886016
4955264
5019840
5126656
4894848
5501312
4819584
5363200
4862080
4865472
4682432
5046912
5519808
4901056
4858880
5277120
4790336
5170944
5232320
5352320
5169216
4344832
4353216
4234176
4319296
4472320
5184384
5096896
4805120
4565632
4926720
5002880
5189888
4920128
4883392
4992000
4856576
4213248
4563776
4186496
4459072
5110848
4547392
4759232
4972992
4869056
5096384
4795008
4720320
5024576
4514560
4981248
4902784
4670912
4466688
4559744
5092032
4489472
5034048
4266752
5310016
5611712
5301440
5407488
5692736
5287424
4894336
4740608
5178624
4037248
4105280
4538368
4318400
4504576
3870464
4541056
3907200
4011072
4896064
4453312
4454976
4619456
4511488
4044480
4472192
4060416
4211136
4660352
4296576
5019264
4761664
5159680
4587328
4102528
4352192
4480384
4265216
4722496
4889152
4883584
4946304
4862144
5296448
4230528
4169344
4773568
4977408
5005760
5352512
4871168
5874176
4325952
4715584
5311168
4900928
4833984
4958464
4377280
3984384
4453696
3654784
4154368
3929536
4638272
4093120
4366400
4705408
4189504
5161920
5134912
5469248
4697856
4602880
4128384
4675136
5028032
4713600
4172928
4320320
4866624
4759808
4866560
4878208
5164544
4756608
4782720
4682752
4910208
5343936
5350208
5508672
5411904
5534592
5118592
5806976
4920512
5244800
5396096
5028800
5119232
5003136
6346112
5768256
5867456
6331776
5388928
4269760
5085120
4701696
4921920
4831808
4641088
6101632
4524352
5598784
4291840
4147456
5811392
5266560
4561920
4805696
4777536
4710592
4607552
5031360
5161472
4905536
4475200
5191232
4721792
4720320
5334784
4962944
4341184
4972800
5062016
5210048
5226368
5630272
5143936
4814208
5048064
4625600
4886592
5083072
5249728
6056640
4414080
5233024
5683072
5059264
5303488
5591232
4626112
4583552
4662720
4345216
4307264
4163136
4330112
4160320
4452352
4360448
4437824
4140288
4289664
4667392
4752512
5361024
5716288
5240512
4709888
5108928
5160896
4477376
5608256
4904768
4654528
5330240
5450176
5966336
5009920
5165888
5196800
5531904
5272832
5935104
5084800
5023616
4739328
5124544
5309440
5340928
5150080
5493440
5191488
4876992
4805248
5308864
5441280
5373696
4383616
4942272
5100480
4624000
4432000
4289792
5153728
4228352
4930432
4456384
4866240
4266048
5043072
4605824
4838144
5206144
4499648
4059648
4756352
4542784
4322304
4661376
5116352
4364416
4676160
4568960
4304384
4759296
4774144
4718080
4515072
4659200
5391488
4732480
5047616
4394176
4886336
4825600
5266880
5614400
5040832
4722240
5262464
5482688
4761920
5442368
4732800
5042752
4002112
4451520
4562112
4517760
4235328
4647296
4306688
3978496
4658432
4175296
4044672
4337344
4499584
4631680
4681920
4142272
4076096
4616576
4894464
4261952
4076288
4599680
4335296
4481280
3829952
4752768
4121472
4617728
4868160
4565056
4315392
4805184
5355904
4899904
4694912
5371648
4856512
5147776
4359488
4886976
4630720
5704384
5136192
4490560
5335360
4975232
4718784
4570368
4501952
4986688
4118400
4976192
4302400
4689152
4083584
4667648
4800448
4026304
5175040
4704256
3683712
4238592
4365184
4303936
5027456
4729472
5348864
4747520
5276288
4220800
4266496
4333120
4358400
4826368
4816256
4821952
4358464
4007552
4850048
5317440
5131648
5659712
4429760
4578432
4487040
5025664
5065984
5635328
4234176
4774208
6104192
5037184
4682624
4883776
4960576
5618816
4050240
4586816
3889024
4467584
4207936
4326336
4442944
4702144
3569024
5040960
4614912
4960768
4080704
4474560
4631104
4032832
5014912
4943808
5262016
4347648
4165888
3864384
4112704
4993088
4257024
4296448
4311680
5121536
3999232
4670656
4826816
4903552
4831552
5817920
4732672
5076736
5196736
5682880
4995200
4904768
4664960
5407232
5196480
5231744
5147904
5266240
4314688
5176256
4990592
3588992
3960512
4729472
3902016
4725696
4062912
4641728
4720768
4307840
4586432
3863104
4310528
4607040
4257280
4898816
4399616
4738752
4611456
4685504
4698752
4211264
4194688
4859968
4961152
4799424
4393216
4458368
4618752
4878912
5152064
5256320
4812800
5383936
4412736
4843136
4564416
5186496
4669248
5138880
5303168
4527168
5805120
5025664
5142592
5218752
4879872
5014272
4681472
4155200
4368576
4405696
4445504
5053568
4126272
3715200
4309760
4212928
4415040
3898432
4114048
4792960
4214976
5335424
4711360
4200000
4512640
4111104
4436288
5190336
4750208
4915776
4778368
4861248
4784256
5001152
5416000
5009088
5806592
5590208
4958784
5139712
4951680
5103616
5009152
5421696
5363264
5553600
4902976
4469440
6115200
6600832
5819648
6843456
5320064
5141760
4257088
5067776
4539008
5367488
4473472
4129792
4124224
4204672
4446912
4625856
4573312
4747712
4578624
5271232
4563136
4551808
4520064
4514752
3884224
4610880
4380416
4589056
4999616
4751936
4275904
5018816
5295040
4945152
4694656
4387776
5317312
4297856
4787328
4903040
4639424
5054208
4633024
4128640
5076736
4944832
5273472
5135040
5088128
5313408
5521984
4985600
5640576
5651008
4824320
3871168
4830400
4617920
4204608
4181824
4062400
4852672
4803072
4285632
5359616
4289920
5362432
4740352
4923136
5195200
4530624
4763072
5412608
5002368
5671296
4478144
4845440
5254080
5562624
5958720
4991616
4884800
4786304
4458048
5402944
4540736
4849216
5430464
5396608
5059584
5507008
5625472
5410624
6365760
5914752
5740288
4940608
5692288
4647424
5113344
5197504
6682752
4625600
4251264
4451648
4561152
4565376
4508992
4800704
4696192
5707968
4330112
3704128
4365504
4920512
5340864
4759680
5059008
5378368
4552064
4618624
4369728
4359040
4562496
4186176
5393728
4980544
4564096
5464320
4988928
4260736
4286784
4459264
4800256
4589120
5384512
4626880
4893696
4577024
4653888
4848640
4824192
5347712
5247360
5146304
5145600
4974464
5474368
5335936
5199680
3940416
4237440
4267008
4062016
4719040
4438912
4648320
4814336
4364480
4591808
4133952
5318528
4321472
4385792
4296320
4322112
4796736
4339712
4878144
5214016
5153664
4362176
3873408
4492416
4384896
5008640
4456064
5134464
4190016
4194560
4735488
4696640
4152256
4980416
4896448
4348608
6326656
5945600
5301120
5366272
5661312
4526464
4485056
5111488
5525696
5848384
6144960
5552704
3790848
4374144
4186688
4597824
4565952
4379776
4332352
4952576
4563392
4833024
3721024
3979648
3817408
4616448
4014080
4272256
4497152
4054528
4002240
4455424
4373440
4747264
4255616
4239104
5138752
5234304
5240320
4413504
4813120
4584640
4355712
4553408
4369088
4634624
5260480
4608000
5140288
4663168
5310912
4582656
4678144
5670720
5520576
4632192
4916288
4828224
5037184
5006144
3646464
5773440
3749824
4393344
4382208
3877312
4247040
3947712
4063104
4342720
4231680
4849024
4021504
5418752
4644672
4545856
5176640
4771904
3799232
5524608
4479680
4985920
4297600
4710720
4935744
5141440
4715520
4184256
4489856
4987392
4141696
4577408
4083392
4426112
4714944
5319040
4852480
4979520
5139008
4662784
4774208
4970304
5482496
4291712
4344832
4649088
4809600
5155712
4242176
4072960
4424576
4826112
3907392
4324736
4181312
4336384
3816384
4225216
4186816
3945408
4023168
4111552
4188032
4146752
4099328
4602496
3930944
3954752
4195776
3650496
3928064
4207296
4919296
4448000
4932416
4525952
5302336
3813696
4683456
4788032
4312640
4666688
4563264
4237952
4593344
4763200
5200384
4958272
4501440
4152576
4416640
5103296
4822912
4492032
4303360
5532224
3776832
3645760
4384576
3747520
4636608
5142016
4238784
4264768
4652160
4425600
3809600
3887936
3979200
3846912
4081664
4183808
4111104
4859328
4543680
4324736
4351744
4671808
4315200
3324032
4388672
4290304
4959936
5346688
4199168
4767296
4588224
4289984
4289984
4391232
4157120
4353216
5210304
4492096
4575552
5147776
5461888
4397184
5443904
5771520
4914432
5142464
4996608
5308672
4542720
4677696
4418368
4679680
4560128
4118912
4161280
4484224
4399040
4058688
4952512
4374784
4546688
4073984
4318912
4322176
5099712
4006208
4698432
5171648
4183936
4455040
4719744
4740672
4651520
4552640
4684032
4239040
4566464
4846528
4847040
4505600
4917312
4392192
5063232
5704064
5640256
4737600
5205120
5207488
4865024
5362880
4442944
5658752
5100480
5056576
5846208
5067904
4193408
4701760
3744064
4202048
4200192
4005760
4289280
3904640
4359104
4640832
4618048
4624640
4428480
4494208
4793216
4030912
3958336
4560128
4664896
4644096
4840704
5141312
5022272
5407936
4074816
5370112
4761024
5343360
5605568
4490496
4707648
4920512
4966400
5609600
5221184
5240896
3932224
5839872
5153024
4759040
5431616
5272192
4858688
4879296
6131584
5899264
4944512
5243584
5103104
5310464
4624064
4053952
4854720
4136256
4368704
4148864
5167552
4520832
5187584
4333888
4061696
4923712
5169216
3972608
4334336
3992576
4247424
4641536
4079808
4939584
4315648
4906624
4944128
5099904
4448960
4992000
5364416
4830976
4703360
5127296
5345536
5158656
5709120
5349760
5391232
5098880
4983680
4937856
5511040
5774208
5418880
5655744
4849152
5337600
5154560
5914112
5015872
4501824
4417792
4158848
4836288
4752064
4282496
4444992
3859328
4088320
4983424
4304000
4674496
4490432
4974272
5675584
4221888
3982592
4750080
4377088
4589952
4894976
4443008
4832064
4666944
4780608
4761024
4613632
4960704
4394752
5011904
5151040
4257216
4380096
4718976
5139072
5542208
4680064
6029952
4553984
4859264
5340032
4886208
5041280
5189888
4981440
5546368
4918336
4259584
4066048
4499456
4619776
3583936
4836736
4458624
4611328
4142080
3923392
4069312
4793600
4816768
3805248
3860608
4444480
4510080
4317888
4520448
4070592
3976832
4162944
4351680
4684736
4435648
4297408
4638336
3896384
4853952
3956032
4928896
3940352
4696832
4229056
4423360
4886080
4891072
4751232
5024896
5185344
5352896
4607552
5097088
4550208
4851264
5378304
5136192
5463808
3686208
4646848
3932928
4849344
3753408
3944832
3579648
3993856
4047040
4252160
3957952
4187776
4577792
3674752
4251072
3928128
4546304
4004800
3653248
5028736
4884608
4418624
4516160
4503680
5308096
4322368
4622720
4239424
4482048
5099008
5059008
4678656
5528256
4674688
5072640
5886528
6123200
4748864
4622784
5076096
5474240
4639552
6231936
5250176
5479808
5509760
4978496
5106560
4493888
5090688
4554048
4016000
5170816
4220416
4511552
4387456
5099136
5000576
5272128
4213504
4913216
4342016
4657152
4723840
4981120
5550784
4373824
4490624
4996800
5054336
5541504
5579328
5045184
4471232
4776768
4672640
4756032
6025152
5079232
5598528
4941504
4798400
5428224
5526208
5547264
5096320
4991424
5933504
5787392
5380992
5522560
5133952
5872000
4904512
4872960
5312704
4741504
5085824
4776192
4950144
4845632
4466752
4636160
4320128
5230144
4828288
4742464
4805504
4022208
5187840
4901440
4844288
5255360
4611712
5143808
4900608
4470400
4427072
4111168
4592320
4680768
4509632
4466560
5656064
4406656
4502336
4908352
4885376
4776192
5018496
4576576
5881792
4880768
5223872
5258432
4765184
5134208
5786368
5401728
5061248
5416960
5231680
5133312
5004544
4628096
4362432
4202432
4508736
4460672
4387200
4338944
4377664
3641600
4673024
4234560
4481728
4853248
5403968
4612160
4699072
4984448
4731008
4631488
4463936
4404544
4227712
4762112
5026816
5408192
4442304
4416192
4443264
4522752
5160512
3890112
4621056
4642752
4684800
4602112
5027392
5374272
4897600
5034368
5395072
5754368
5401088
5501888
4586944
5516032
4803008
4440192
4814016
4239872
3887552
4195136
4390336
4758272
4023232
4292544
4341824
3783040
4477952
4394368
4403520
4044608
4243712
4126336
5058944
4580672
4289344
4877952
5536128
4415936
4138560
4265920
4566976
5138880
4987264
4926464
4734528
4517632
5299840
5423296
5107200
4958656
5241408
5116736
4537344
3965696
5330944
5440320
4505472
5409024
4828224
5075904
5370240
5708160
5269696
4891200
6019456
3828672
4843072
4456448
4727936
4109440
5515456
5030592
4232512
4346304
4737600
4190400
3691712
4858368
4760384
4547648
4453824
4077312
4573952
4773056
3962368
4065280
4514304
4495488
4392192
4026880
5132288
4501440
4668736
5096000
4943616
4164928
4765120
4870784
4416000
4503040
4877120
4392000
4736256
5721984
4418880
4862656
5418112
4753600
5495232
5441920
5262336
5348928
5466176
4212224
4161152
4927936
4881280
5286720
4595712
4053568
4739840
4621632
4456960
4007360
4819136
4459648
5128512
4752704
4577024
4543808
5171200
4435648
5225152
4723136
4474752
4747328
4285568
5225280
4244288
5257088
5251008
4748864
5228736
5384576
4865792
4140480
5148736
4561088
4825600
4150592
4831104
4791232
6253952
5149952
6039616
4968832
4883648
4045824
4613568
5230464
4867840
3908864
4332480
4587648
4585024
4066240
3984512
3725632
4238912
4933184
3407424
4154176
3850816
5249792
3937664
4700864
4408000
5149696
3711424
4371392
4703552
5232384
4360000
4575680
4554240
4796352
4280704
3907200
4873536
5125952
4739712
4941632
5317696
4870592
5892480
4415488
4931584
4450624
4760000
4688576
4843520
4564096
5363328
4869184
4983168
4950912
4336576
5556800
4865344
4412416
4006784
4281344
4348352
3910080
4272448
4212160
3787520
4642880
4043008
4380096
4649408
4687104
4484352
4352512
3997120
4244416
4526976
5484544
4749568
3800192
4337088
3994752
4511808
4696384
4610880
4690880
4512320
4327616
4000064
4120448
5259328
4565824
4572608
5538752
4763392
4977792
4980608
5838016
5568320
5111424
4339648
5058048
5426304
5521536
5855424
5330368
4802112
4183872
4539456
4099200
5357632
3986560
5204864
4230720
4868416
4469248
4346112
4348416
4003776
4280832
4694080
4196864
4179776
5161088
4406400
4537792
5205824
4125120
4165376
5058368
4565056
4285504
4650240
4433536
4495296
5181440
4518592
4995648
5048832
4318912
5075776
4986048
4737152
5207552
4284160
5093376
5344640
4478016
4583168
6397696
5124928
4284736
4929792
5554816
5507968
3997504
4815488
4010880
3865088
5530112
4978048
4118336
4283200
4401856
4588800
4064512
4435008
4277056
4112256
3917184
4721600
4707200
3896320
4438400
4940416
4403264
4304768
4642176
5237056
5141376
5302784
4948352
4425920
4829120
5046592
4151680
4688064
5046080
4270144
5920512
4809472
4561088
5546752
4869824
5009920
5264128
4622528
5114688
4998080
5072064
4727296
4941184
4766592
3708608
3832832
3648320
4676160
4419712
4268032
4154112
4280896
4093696
4101568
4320960
4126400
4203200
5367296
4362560
4249088
4759808
4197952
4674560
4259456
4609472
4933376
5308416
4656000
4644352
4256128
3931648
4961408
4270272
4807488
4486272
4449792
4702592
5019136
3982912
4428800
4456960
4353664
5169024
4843520
5287232
5214144
5073984
5596672
4833792
4373952
4820864
5431872
4555264
4064256
4044736
4786880
4336960
4262784
4089024
4346880
4007296
4397632
4986368
4438272
4604928
4545664
4108928
4959744
4546944
4537280
4152896
4287168
4664576
5237696
4362432
5094464
4294080
4115200
4247104
4903104
4900224
4827648
4583360
4623232
4688832
4359936
4534400
5687296
5828800
4954048
6025728
5625792
5071040
5904064
4684160
4668416
4417856
5615552
4333056
5526784
4618176
4786240
4732480
4091712
5112512
4328576
4709312
4645760
5271552
4825792
4804608
5367040
4716160
5469568
5573312
4541696
4019136
5474176
4916416
4266816
5385472
3841920
4749888
5395584
4509120
5302464
5508416
4426048
4929152
5607168
4990016
5468416
5787392
4420224
5187904
5494784
5191168
4804672
5072064
5411968
4905984
4931136
5072960
4556544
5089280
5042176
5201792
5355520
4077248
5048832
4149632
4694336
4077184
4583040
4577472
4073664
4556992
3961408
5240320
4431552
4848448
4248768
4458368
4729152
4994816
5058624
3666560
3915456
3977984
4203392
5378112
4831040
4795904
5400000
3942208
4758080
4982400
4475008
5214080
5283776
5174528
4143168
4633664
5318976
4681728
5168704
5206336
5336000
4670848
4968832
5568320
4943168
6624896
5308928
5614848
6026880
4602176
4259776
3695872
3934656
5095296
3649728
4152320
4002368
5095296
3855488
4486016
4043648
4513344
4833792
4521984
4588288
4780160
4646912
5321728
4336960
4139520
4894272
4160000
4574912
4720064
4382016
4154560
5257536
4352704
4372096
4080384
5037440
5047744
4674112
4909056
5904128
5444160
4257600
4602048
5883392
5382208
4754304
4334528
4796480
4413952
5140864
4924672
5664448
3386368
4293312
3677376
3941184
4031936
4061184
3584192
4269760
4487168
4187072
3907328
3985728
4210560
4772160
4980096
4249728
4606400
4085312
4044224
4065344
3591808
4406208
4456256
5260160
5205888
4972736
5138112
4206144
4759232
5114432
4338816
4792064
4828736
5016896
4694400
4349632
4385920
5778176
5291072
5200000
4550336
5398272
5498560
4352320
5201984
5207616
6239744
4823360
5715776
3881408
4100864
3763840
3827520
4108800
4317888
4710208
4390336
4977088
5055104
4207936
4291712
4337600
4818432
5731648
4290496
4222528
4519488
4291904
3537280
4926784
4687744
3784768
4989312
5507072
4442368
3898304
4248256
5130432
4692928
4931136
5158848
4195200
4479488
4043520
4641536
4635264
5560128
4468672
5415104
4909056
4867648
4780288
4339904
4802304
5458432
5035328
5011840
4848576
4159808
4540032
3701824
4016320
4612800
4991168
5056640
4682496
4406208
4721152
4754176
4412352
4946816
4598720
5419072
5143872
5520768
4535936
4774976
5324992
4646208
4626752
4558272
6011968
4247936
5191488
4751360
4766272
5403712
5340224
5033152
4632064
5242496
5373952
5285760
5301376
5434304
4865024
6172096
5876928
5608384
5346240
5174848
5172096
5507840
5716800
4672512
5627392
5105408
4541760
5096960
4632320
4166080
4442624
4627584
4851968
4244928
4703104
4980416
4655168
4367680
4627264
4018752
4269376
5083904
4203968
5192000
5378944
5117888
4790848
4930752
4789888
4862400
5424000
4949760
4957696
4695168
4713792
5196032
5367872
5290112
5296064
5580672
5209152
5900864
4971584
5217600
4455872
5000704
4721344
5478400
5006336
4526208
5906944
5024064
4065280
3730432
4669568
4652608
4922304
4028608
5446912
5407552
4572800
4855744
4684224
4854144
4447232
4379392
5062016
4962624
4901056
5246336
5099776
4829376
4718976
4774016
4084096
4744320
5131456
4214016
4589568
4507328
4465728
4719104
5303616
5245120
5153664
5392000
4664192
5722880
4749440
5414912
4327232
4748480
4260736
4545536
5089472
5387008
5139072
5474816
4837376
4174912
4066752
4238784
3982848
4156160
4347968
4279232
5020864
4310848
4488128
3958848
3982656
4386240
4840896
3975424
4194240
4737600
4474752
4335296
4473600
4372928
4281216
4591424
4794944
5157824
5049472
4673664
4207360
4775296
4545856
4408192
4118784
5700992
4405888
4883520
5478272
4723584
4538048
5419264
4457536
6175936
4620928
5061696
5729152
5699584
5080192
4790976
6157952
4378752
5015936
4477120
4644480
4425792
4467392
3645824
4351040
3926080
4009152
5072256
4536128
4914240
4087296
3933120
3938816
4134464
5166720
4897728
4245312
4895808
3603712
4470720
4520640
4527744
4841024
4081728
4459136
5216192
4436288
4612096
4929856
4378816
4609728
5667584
4603008
4880384
4203456
4657152
5162048
4545664
6040448
4679680
4590336
5678208
5555520
5025088
5267136
4586304
4555968
4381312
4508160
4133824
4850560
3989312
4996224
4415488
4387648
4616256
3873536
4605440
4374400
4326720
3831424
4911168
4303232
4892672
4825472
4151168
4292608
5451328
4146816
4263232
4860672
4428736
4914624
5034432
3924800
4561856
4683136
4003584
5501632
4814784
4778688
4240448
4721408
5472704
4649472
4321024
4890816
4558400
4324544
4806912
5174912
5356672
5447936
4199552
4471808
5519168
4250048
4105088
4474752
4134784
5366400
4106368
4804160
4246720
4140544
4873152
4236928
5049728
4205952
4593024
4734656
3945792
4029184
3978112
4498816
4273856
4480768
4305600
4228288
5216704
4122368
3838272
4320768
5110272
4674432
4580928
5462080
4750848
4133824
5153856
4705216
4659776
4627904
5105792
3849728
4004416
4776640
4019904
6835392
5344192
5947520
4238720
4757504
4046272
4247296
3825280
3844544
4519360
4068736
4354816
4198848
3598848
3620992
4265536
4169216
4219136
4191808
4031552
4941184
4675776
4376896
5294272
4703168
4643392
4468160
5872384
4111616
4472768
5219136
4664768
4615616
4443840
4833088
4871040
4561984
4855232
5319936
5087808
4578560
4670144
5263488
5091776
5819776
5763456
4860544
5379200
4575360
5007872
5591488
4191296
4664000
5566016
4055360
4863040
4807616
3947840
4003968
4751168
4470016
4376320
5109504
4276736
3961280
4161280
4119488
4761664
4860416
3967168
3909888
4942272
5077952
4499008
4618304
5271296
4562176
5179264
3777920
4983872
5150720
3987328
5004928
5052032
4413440
5986624
4977472
5033600
5400960
4989376
5115392
5318464
5547712
5182144
4689792
5690752
4979136
5256128
4979008
4107200
5263808
4780096
4118656
4312832
4246208
4399744
4222080
5019776
4460032
4131840
4155392
4363776
4691136
4020608
5514048
4057856
5674560
5145152
4289344
4504320
5034944
5242944
4647104
4381632
4345152
5299648
4526720
5119680
4515904
4905344
4875392
4597184
4799936
4491520
4890176
4765056
5042496
4247936
4410496
4741504
5468864
4913344
6424576
5478464
4501760
4647424
5081920
5303488
4052544
4235520
4014016
4314496
3946112
4676352
4697664
4420608
3982976
4396032
4506240
4530112
4889536
4248064
4630144
3885440
4310016
4448000
4795840
4678144
4869568
4252864
4576896
4919808
4466240
4663104
3870592
4432384
4793728
5354944
4941824
4873984
5962624
5036032
4319808
5184256
5531456
4928448
5043520
4960704
5057600
5628608
4245120
4989312
4767232
5386688
4944960
4119616
4124224
4182528
4178816
4112960
4587712
4093120
4780352
4806592
4480640
4561664
5077760
3960704
4037568
4290816
4657600
5850880
4945472
3876416
4569216
4477120
4366848
4945280
5217984
4885056
4157312
5081152
4393536
5097856
4642816
5267520
4677632
5108672
4515904
5162816
5422848
4940032
3895488
5230720
6369664
5794944
5514112
5560576
6194688
5582208
4716800
4698496
5464704
4444032
4153792
4406464
3973248
4980096
4041024
4248640
4688704
4706688
4828992
4006592
4075648
4613504
4526720
3900800
4325120
4240000
4521024
4834112
4838784
4672768
5500800
4417152
4781184
4875328
4773760
4795264
5406592
4113216
4379200
5033664
5073408
5653568
5042944
5322432
4755904
4698112
5532544
4857984
5130688
4632256
4544768
6015040
5229376
5722304
5128448
5292480
5589056
3968384
4608704
4452544
4714432
3815360
4990528
4292288
4707648
4335872
3942592
3973120
4834432
4413696
4381440
4355008
4093312
4952640
3803648
5098432
5127872
4774272
4506944
4068672
4677504
4874880
5352064
4341760
4043264
5040960
4806848
5487872
5269248
4469184
3464256
4962944
5318336
4044672
5683648
4757184
5556160
5405184
5278528
5629504
5496640
4702592
5167104
5455936
4558208
4196480
5577984
4588096
4530944
4165824
4523264
4955392
4601984
4304640
3830912
3907904
3924160
4390528
3642624
4348096
4363712
4282112
4726080
5063040
4090880
4155328
4853824
4146368
4105088
4768320
4547648
4783296
4158592
5917248
5581760
4307904
5032896
4519168
4519808
5846272
4294848
5220032
4194496
4685248
5085248
5263936
5184256
5174784
4701056
5107456
5046400
5012416
5417984
3889088
4858304
3927296
4500608
5161536
4434048
4703488
4643840
4366400
3805312
4464832
4628544
4941504
4708992
5032640
4589952
3656768
5064064
4257536
4386880
4556096
4165376
4497856
4775104
4883200
5021312
4278208
4730368
4398720
4754496
5372992
5730880
5044672
4128512
6509248
4570176
4705216
5306304
5349440
4946816
5041664
5361664
6021952
4745792
5714112
5073280
4975488
5044288
3631360
4450240
4036416
4047360
3758208
4532480
3644160
5152384
5239296
4804416
4754816
4928768
4548864
4773952
3903552
4411712
4710784
4608896
3955008
4536640
5285056
3981056
4303104
4277440
4850944
4483520
4677952
4333568
4669056
4376832
4510016
4688384
4658560
5288128
4640832
4957888
4591616
4199104
4310912
4868288
5772352
4052736
6102848
4569536
5627648
5301696
5571520
5181760
4206528
3727680
4622336
4225792
4596928
3800512
4289408
3956928
3686720
3904256
4953024
4586880
4697344
4328576
4833088
4553728
5025472
4053504
4436480
5653632
5104256
4053824
5037696
5605696
4920576
5607040
5141824
5308096
4304896
5116672
4574720
5906048
4597696
4935104
4113856
5371072
5189952
4699776
5563264
4287744
5417344
5644928
4898816
5256896
4847680
5401344
5541952
5660032
5204224
4376576
4011904
4137920
4854784
4416064
4535104
4259072
4166912
4147584
4061952
4722304
4492224
5418496
4820288
5252800
4145792
4860736
4229376
4573248
4939520
5439744
4793088
4453696
5027456
3487552
4132608
4599360
4524608
4880704
5736064
5016896
4620096
4173504
5118272
4667712
5629440
4985280
4362944
4382272
4780608
5529920
4662400
5858752
5763264
5547712
5243520
5261696
4502976
4311680
3929856
3623872
4820160
4333888
4381696
4713024
4796288
4392000
4119104
3921856
4725952
4373120
5024768
4787264
4548928
4986944
4199296
4239808
4611456
4687296
5142912
3782912
5079872
4744192
5158528
4476800
4937472
4789760
4623808
4780160
5356480
4524032
4940288
4989952
5563392
5960832
5874560
5016704
4333888
4597120
5230720
5684800
4611648
4863872
5245952
4640320
4238336
3744384
3533120
3938432
4201024
4560960
3669888
4399744
3527104
5550592
4474944
5082176
4865344
5305216
4888512
5000000
5294336
4642880
3811520
4748800
4250752
3920384
4639232
4954176
3982528
3930688
4106432
4934272
5013632
5176000
4301056
4535936
4886784
4834560
5297792
4954176
4462016
4811968
4832768
5116544
5407744
5038144
5712192
5275456
5467392
4673344
4613952
5247680
4324288
3927104
3921408
5052672
4814528
4405376
4825280
3712832
4195328
4207744
5066880
4507712
4211648
4635520
4744064
4586304
4377344
4575424
4334848
4879744
5087744
4881216
5316224
5332800
5380288
4393728
4499584
4521024
5065152
5494592
5273792
4154048
6137728
4778304
4887360
4866816
4253312
5226816
5784320
5870656
4970624
4777344
5741376
5819968
6232640
6291584
5169024
5610816
4413888
4704576
5400640
4279424
5004864
4320832
4181376
4953472
5031168
4921344
5114176
5899904
4517248
4516608
5087936
5062912
4648448
5814208
4942912
4387264
4805568
4319808
4915456
5110400
4601600
5859136
5106176
5947520
4439488
5039104
5377088
4879808
4893056
5544384
4450432
5564672
5303040
4229312
5432640
4476736
4859136
5277376
5876352
5038144
5186688
5019584
4975616
5074880
3902144
3676032
4084480
4820032
4664320
5042048
3821248
4635456
4716800
4601600
4967936
4513088
4397824
4327040
3873472
4025920
4331584
5122688
4663040
3704896
4388032
4910464
5403712
4909120
5040704
4238656
4225536
4635712
4708224
4844096
5247936
3987840
5339904
4577024
5538880
5928960
5506880
4623744
4955712
4685184
5289664
4951616
5213888
4679936
3816384
4583232
4748608
4426112
3928192
3953280
3822080
4092736
4287232
3754688
4052992
4235840
4195136
3651008
5486656
4323456
3920320
4632000
3611008
4075008
3820928
4506176
4146560
3824064
4021568
4766592
4067904
4579712
3994560
4063104
5065088
4205184
4597504
4942528
4353408
4183936
4704064
4517568
4626240
4371072
4540736
4887296
4777216
5095360
4926464
5264640
5270272
5487552
5426880
5356480
4827968
4745472
4410560
3593856
4056768
3888576
4789568
4006080
4233728
4184128
4056320
4570752
5013696
4615680
4885504
4551040
5144192
4874624
4551424
4776832
3769472
4792704
3747456
3763136
4310144
4154496
4181184
3714752
3979584
5300736
5268288
3992512
4492032
4549440
4642240
5726912
4359872
3807424
4705728
5308224
4745152
4475968
4430336
4644928
4577664
5070720
5136064
6112128
5197184
5408704
4303616
4981440
4740160
4677376
4358400
4052288
4618560
4878464
4180928
4019520
4654336
5431936
4203584
3897216
4174976
4283328
4948992
4974528
3891136
4437504
5116416
4280064
4955136
4089408
4365952
4656128
4440576
5275712
4514112
5255808
5092736
4825472
5339520
4642944
4542400
4429952
6046336
4508352
5968960
5649024
5690304
5268544
5560256
4353472
4361088
4724416
5706112
4288640
4462016
4371456
3708160
4670720
4383040
4159616
3656960
3996544
4146880
4755712
3934464
5151680
4355200
4387904
4568704
3950976
4456128
3855680
3934592
4653184
3394112
3953088
4451904
4331584
4783424
4120128
4135936
4556352
4729344
3627200
4672128
3850240
4612352
4096896
3839232
3768448
4240256
4155392
4251584
4358912
4580416
4957888
4150848
5176384
5466816
4616768
5195904
5062336
4116416
3660480
4122944
4054400
4260224
3987584
3798208
3814848
4210880
3757312
4788160
4279808
4273664
4342784
3984704
4060544
4244224
4667456
4766848
4480128
4745024
4203328
4486464
4807872
5148352
4610240
4895808
4518528
5425984
4765440
4823744
4434176
4971584
4947456
4581056
6125888
4503552
4435264
5271552
4755712
5320192
4611328
5315392
6148736
4890048
5293888
5571584
5190592
4819968
4373056
4418432
4336768
4250048
4071552
5638080
4827072
4027520
4283520
4581120
5417216
4186048
4840768
4400128
4503616
4991168
4500352
4379520
4653760
4486720
5312000
3898432
4864448
4520192
4815168
4691072
4939904
5233472
4714944
5390208
5470976
4576896
4939200
4971840
5400640
5075904
6340992
4620544
4513472
4388096
5702656
4338240
5129792
5529728
5375552
5641792
5029376
4584640
4116352
4435456
4801472
4597824
4369472
4430784
4529216
4346240
4812352
4866560
4214272
4403904
5636032
4380480
5358208
4097024
4971904
5079808
4209280
4479104
5525056
5011648
5191104
4608128
5029952
4003520
4926144
4710848
4815232
4740288
4441344
4452416
4974144
5473152
5058432
5041024
5297984
5313856
5481216
5254144
4911552
4286848
5265920
4794112
4964352
4667840
5367040
3703360
4491648
5016576
4050688
4283200
4710336
4844032
4306304
4132864
4358848
4629760
4442112
4567808
4332736
4763136
4077568
4583808
4230656
4686784
4354624
4475840
4509504
4069312
4781376
4700352
4704320
5090816
4554368
5578688
4844032
4811968
4377728
5150720
4437760
4158720
5628544
4816704
5180800
4295744
4676480
4872000
5718272
5350720
4583424
4944384
4605952
5188992
4803584
4607168
4349056
4779712
4103360
3998528
4734016
4185920
4391424
4219136
4657984
4509248
5043200
5131008
5082816
4491136
5356992
4416960
4277760
5411712
4363712
4789568
4673408
4109696
4212864
4510720
4781760
5480960
4488512
5421824
4783424
5060352
4976256
5092416
5317568
4845696
4455360
5179456
5454528
5772544
5562624
5358912
5649024
4582208
4870016
5171456
5696448
4616256
5981184
3592832
4733056
3820864
4275840
5138752
3779520
4412928
4723584
3781184
4795136
4125888
4807616
4604608
4531648
4666752
4350720
4834624
4976960
4411968
4933952
5178240
4429504
4409728
5333248
4351872
4828032
5222720
5021056
4586560
4957696
5110144
4699200
4460992
5511232
5220800
4411264
4497984
4728768
5314816
4887808
5564032
5414976
6064000
5760896
5871488
4443648
6225088
5147328
3729856
3712128
4081408
4846592
4035456
4422080
5192832
4984128
4566528
4180800
4957632
5457600
4443456
5238592
4490176
5105088
4323072
5488320
4219840
4138560
4315648
4680768
4173312
3871872
4904512
4819456
4483456
5479360
4509888
5193792
4387904
4514880
4260608
5269184
5016384
5382464
5208640
4312832
5187200
5471616
5439744
5344128
4696384
5729472
5121280
5106944
6043648
4972992
4275648
4571456
4668864
4495168
4156992
4063040
4460800
4146816
4370816
4440896
3794944
4505152
4827648
4880896
3957440
4675264
4747136
4628352
4842816
4397376
5442944
5812928
5051840
5110976
4307200
4857408
4560768
4406912
4342208
6208832
5292288
5183424
3761664
5173696
4769856
5198016
5494592
5314816
4196544
4302656
4391616
5888128
5853760
5107136
5106112
4687680
5187008
5642880
5012864
4091072
4033472
3762432
4341824
4171584
4404224
5090752
5882368
4670976
4367552
4648064
4955840
4712576
4720128
4539584
4808704
4673472
5150272
4868864
4761088
4204928
4941312
4198336
4417536
4593408
3678400
4137856
4463104
4030912
4846272
5071680
4769792
4118720
4149504
5165376
4950464
5577280
3958080
5226432
6124032
5080256
5480320
5416192
4770752
5031168
5646976
5206336
3986816
4721664
3905472
4856512
4309952
5094464
5579712
5306624
4891392
5162688
5843456
5655552
4059200
4466880
4552768
4228032
4812480
4794496
4642432
4127360
4972160
4815296
5295296
5141184
5745152
4653504
5059136
4595200
5119744
5077184
4927808
4873856
5186752
4626560
5062080
5578304
5203072
6108352
5349184
4737216
5170432
5141632
5178432
5226432
5075008
4999168
6805568
6210560
5274304
4216256
4430912
4683648
4982464
3939712
4370816
5005056
4076032
4349440
5026112
4737472
4408448
4858944
4513152
4580992
4507200
4632640
4380800
4411008
4469632
4844096
4637312
5034112
4682560
5142272
5377856
5370304
4795072
5082624
5550848
5822144
4293696
4632640
4669056
4889088
5289088
4862208
5413760
4950656
4908800
5559232
5027456
4777216
5958912
5138112
5039360
5271104
4865600
5243200
4273920
4905472
4203200
4388992
4056320
4115520
4038592
4396032
4677696
5079744
5655488
5219712
5107264
4844480
4529600
6009088
4751104
5191616
3965568
4655424
4574656
4953664
4565888
5076032
4738048
4707264
4185920
4852672
3933376
4636480
4592704
4410496
5104640
5102784
5002816
4010688
4210432
4646912
4337152
4771648
5280960
5049728
5212800
5041344
4935808
4954944
3894144
3735232
4022336
4580224
4329344
4217792
4361792
4533376
4885056
4213696
4073472
4398016
4441344
4435520
4087680
3713536
4134720
3716928
3639616
4110912
4033344
4358080
3847040
5062080
4405888
4286848
4719680
4209152
4120320
4883840
4851712
4682880
4276160
4366784
4362368
5245184
4124224
4918336
4154176
4611072
5201024
5206464
5281856
4409984
4927936
4681024
4390528
5394880
4192896
4899712
3708864
4059776
4473472
4094720
3624384
3317696
4417344
4743552
4496448
4923200
4320064
4506752
4505728
3833728
3824000
3859328
4024320
4673280
4378688
3960640
4287872
4576512
4778816
4879040
4282560
4959104
4799680
4828224
4458432
4558784
4577280
4358400
4693696
5145856
4402624
5020032
4469056
4806272
5419136
4946752
4275904
4972288
4742080
5481664
5050368
5195968
3872704
4583744
4310848
3761600
4219072
4080768
4166784
5014080
4627520
3781824
4373568
5099520
4980672
4080064
4103424
4012800
4792448
5142976
4865408
4731584
4538304
4513152
4474432
4611008
4884864
4530304
3855936
4905024
4369024
4166208
4623232
4679616
3958336
4423808
4419264
4876288
5379776
4606976
5022208
4697600
4987648
5080448
4800000
5096704
4491968
5089984
4592000
4995008
3680192
5566208
4661056
3985664
4096576
3476608
4622976
4426688
3935936
4547968
3960448
4017792
3832384
5486848
4477504
4324672
4575232
5096000
4620096
5039040
5002944
4189184
3981312
4601152
4926976
4480960
5007040
4914112
4928960
4917184
5450560
5138112
4852736
4805184
4711296
4713152
4703168
5006464
5627648
5529536
5025728
5639936
5483200
4666816
5207104
5486784
5502784
5166080
4701952
4296576
3366208
4288448
4101952
4298304
4260736
4417920
4425600
3980288
4806464
3827328
4192960
5393856
4363584
4171904
4833664
4394496
4602240
4770816
4296832
4459904
5575616
5034688
5003904
4819392
5852480
4948352
5730880
4752256
4745920
4580480
4367808
4502208
5489664
5025152
5343232
4481408
4320384
4475136
5008512
5378560
5019200
4988928
5194368
5410752
4766400
4557376
4425472
4711616
4017280
3664384
4320192
4007232
5181632
4593920
4742656
4023296
3933056
4760192
4357632
3785792
3777344
3972672
4110976
4477632
3945024
3712128
4365440
4860096
5155584
4231360
5784128
3989056
3718144
3945152
4658688
5101888
4386240
4946624
4183808
4198976
4525056
4216832
4243392
4468800
3973696
4974784
4926336
4502592
5319360
4805504
4702784
4609152
4082048
4741312
3307840
4334208
3704896
4579136
3847744
4171200
3930240
4087104
4097408
3970112
4243328
3964480
4054208
4166336
3846080
4336512
3700672
4141632
5003264
4821696
3983296
4919488
4530304
4132224
5110784
4399680
5256448
4056512
4899968
4377984
4287552
4592064
4839552
4824640
5193216
5265280
4981952
5402752
5144768
4496064
4745088
5337088
5635968
5249152
6163456
5426816
6205632
5535424
4725568
4051776
4108416
5058688
4213056
4143808
4675200
4592512
4517376
4485696
5334656
4102592
4880960
4375232
4442240
4185408
5294400
4300416
4313728
4687296
4224384
4313536
4182336
4974336
4508608
5301952
4329344
5638208
4534976
4724800
6274688
4954688
4727680
5028224
4621120
5226368
4610816
4766592
4660352
4566528
4777792
5229568
4240960
5382784
5561920
5615104
5509504
5001152
4340480
4843584
4340224
5190912
3733120
4424832
4789632
5456640
5728000
5008896
3609920
4363200
4336128
4812160
5154816
4897792
4954304
4455808
4488832
4906112
5576448
4077888
4931648
4746752
5144512
4644352
4861504
5281536
5167680
5124288
4919232
5223488
4329792
5938560
5224640
5463936
4627840
5302784
5764928
5393920
5435136
5308032
5435008
5694400
5785792
5334912
5171840
5550208
5137344
4798336
5445952
4173120
4555520
4896384
4206400
4460544
5018880
4474304
5514880
5593344
5446912
5222080
4998016
4247040
4519040
4993856
4033408
5029568
4446080
4394240
4412160
4769408
5483328
4999744
4568064
5544896
5792384
5188352
5476352
5218304
5396096
4857408
4455744
4910016
5192064
4759232
5255296
5058752
4928960
5004672
4897984
5252928
5551488
4949312
5303552
4654144
3904896
4561216
5176256
4379200
4084672
5090496
4857600
4698880
5061184
5148736
4502272
4556800
3913536
4814528
4280832
4304064
4967808
4897536
3863552
4149696
3737152
4257856
3825472
4709248
4380544
4576640
4887040
4945344
4113088
4693440
4452160
5176896
4979712
4578752
5204992
4792128
5016320
5102272
4732160
4351104
4921984
5400896
5007168
4588992
5363712
4980224
4990528
4988352
3981184
4007552
4054976
4148416
4022784
5810176
3817216
4096128
4347200
4771456
4530752
4169600
4837760
5233280
4703488
4469568
4226112
4272704
4396544
5668480
4072064
4424064
4838848
4213312
4882432
4066432
4873280
4584384
4286208
4684096
4109568
5577984
4868864
5221632
4234624
4330816
4108992
3785856
4164672
4506304
4777664
3663360
4611456
5149888
5446784
4557504
4759744
4691840
4242240
4106368
3944000
4041920
3796480
4488960
4327040
4370112
4776576
4867584
4438464
3889472
4073920
3937216
4585216
3108352
4291456
4426688
4468224
4099584
4292224
4797760
4296768
3759296
4148608
4857344
4565696
4749824
4713792
4398784
4178496
4386624
4520768
4197184
4631488
4593984
4238016
4012736
4595328
4888896
4607296
4831040
4571456
5228096
4632832
4558336
4766016
5855872
4045184
4786752
3633728
4814272
3827712
4126336
5085952
4522880
5172608
3908672
5286656
5323968
4625984
4724608
4099136
3585280
4164800
4276800
4505792
4243712
4833856
4641920
4785472
4876864
5174144
4485888
5242816
5687616
4817600
4559232
5085824
5575808
4815744
4611712
4599104
5053376
4771968
4629696
5669248
5689408
4378944
5155520
4739392
5174784
5428352
5332352
4850880
5332288
4765888
4963328
4332288
5154176
4329472
4431232
4113472
5060992
4251840
5056256
4577984
4151104
4229632
5208640
4569344
4139392
4520832
4119168
4115264
4497472
4398144
4665664
4452672
4288640
4080448
4150976
4480192
4639040
4526016
4787264
4481600
4506368
4567552
4028160
4760000
4689792
4283072
4793920
5119936
4947776
5832896
4891968
4810560
4868864
5228736
4870208
4793536
5415360
4451584
3746944
4126016
4271744
4988480
4626304
4528832
4156352
4626048
5400192
4859264
5076928
4238656
4460800
4543296
4769536
5318400
4637760
5005248
4965824
4573440
3902016
5141440
4379200
4470528
4711488
3891968
4767360
5366528
4148672
4985536
5316800
4690752
4397056
4249280
4152320
4942080
4271360
4683584
4340864
4795392
4966272
4289024
4188352
5035264
4995712
5582272
5376768
4027968
5537408
4244864
4313536
3650752
4399232
4458752
5247296
4011264
4214528
5550848
5207488
4998144
5225280
4283200
4084736
3735424
4365952
4420288
4553664
4608512
3278080
4294784
4882304
5380416
4627072
4824064
4128448
4794816
5544128
4688000
5089664
5227648
5958144
4948672
5355648
5020480
4882624
5272384
5157568
5846976
5021632
4733760
4395136
4877504
5165184
5156352
5140544
4100992
4333248
4790464
4214272
5457856
4247680
3672192
4454528
5037632
4804224
4473536
5376384
5235456
4520768
4388352
4573632
4116992
4688896
4236032
4576064
5561472
4157248
5000896
5102912
4578496
5193600
4972096
4980288
4627456
5040960
5845184
4912448
4531136
6016704
5066560
4263040
5907712
5141184
5188352
4540416
5485440
5200064
4883456
6300608
5170752
5286528
5247616
5054656
5039424
4257152
4080896
4280384
4050816
4279936
4242240
3992448
4583424
4016512
4648128
3890816
4532928
4928192
5190080
3895360
4925056
5096256
5451200
4585472
3824192
4417408
3834496
4706368
4556544
5514752
4232576
5192960
4688640
4663168
5360640
5711680
4990208
4137280
5274176
4798656
4323200
4991488
3988736
4411584
5730240
4528960
4722944
5125440
4691200
4877696
4699008
4999872
4180544
4152192
4892672
4018176
4526784
5078784
4013504
3876224
4662336
4049536
3955712
3905216
4504640
4046592
4135296
4048320
3915200
4929664
4153920
4476928
4486016
3743616
4282752
4003968
4995584
5086656
4643968
4564224
4159808
4278464
4076288
4620800
4758656
4773248
5044736
5337088
4754752
4516416
5126912
4984256
4369536
5873600
4729728
5160832
5164160
6928448
4758656
5354944
4765312
4650176
3134720
4009216
4746944
4741632
4164480
4294848
4376896
4597248
4506560
4330048
4772160
3944256
4614656
4039360
4962496
4309568
3663808
4048064
4240448
4342080
5131776
4840640
4595136
4320320
4241216
4263104
4044352
4414784
5435840
4690752
4606912
4184000
3798336
4161344
4079296
4318720
3929280
4166080
5842368
4572928
4914944
4815360
4963456
5294464
5164544
5889216
4320256
3957440
4788672
4075776
3652288
4244480
5221696
5001216
4232192
4011584
3458176
4734272
4306560
4198208
4362432
5557568
4119424
4453696
4096704
4931136
4745664
4502464
4413120
4935808
4574720
4417344
4692160
4533952
4408128
4153664
4451456
4180672
5187584
5042880
4105536
4701184
4539584
5824512
4687488
4901248
4403136
4999744
4682112
4497792
5152640
5640320
4749696
5819648
3905216
3671680
4984384
4102784
4546368
4614272
4199360
4260544
4703360
4225600
4692160
4385536
4095616
3747200
3687488
4444800
3924736
4245568
4623744
4558016
4110464
4677632
4395456
4330496
4378368
4470720
4779968
3639296
4273536
4488576
5340672
3967104
4882304
4228160
4591104
4875840
4033472
4946624
4922880
4586880
5503168
5909504
5052288
5348224
5363392
4242816
4568320
5087296
4215040
3278912
4673216
4351104
4031424
3848384
4667712
4644800
4664896
4569792
4601536
4471808
4455296
5146368
4981440
3953856
5637120
4865728
4721280
5339008
4163648
4756160
4767424
4658816
5324992
6265856
4925952
4290560
4792512
5247168
4233536
6171840
5277248
5324992
6568512
5709568
5334016
5527232
4989888
4912896
4964800
4969664
5409280
5017920
5120832
5226432
4622336
4948096
3897664
4893248
4900224
4589952
4865856
4608256
5049024
4279744
4626496
4310848
4602176
5494336
5038912
4493952
4458816
4399488
4950400
3986112
4755200
4616384
5162048
5173312
5422016
5849472
5172352
4967040
4681920
4662400
4950976
5574208
4532096
5603392
4567104
4847616
5093184
4988608
5498752
5156416
4895168
5189888
4346048
5757440
5832128
4945664
5499200
5840768
4983936
5736640
5962176
4997760
4151104
4345472
3484736
4287040
4631296
4579840
4267968
4582016
4214400
3335808
3795712
3249728
3568704
3392000
3168960
3463040
2695424
3854912
2880512
2995264
3081280
2813504
2567616
2491840
2487872
2634560
2528192
3334528
2886144
3122816
2344512
2513792
2603392
2167040
2386048
2191296
2003264
2102848
2121920
2734400
2001856
2703104
2544320
2270976
1982464
1964288
1789696
1540800
2280192
1686976
1916416
2305152
1724544
2539584
1553088
1688320
1826304
1580736
1583488
1720512
1448512
1265600
1507648
1445248
2052480
1620992
1359872
1415040
1886720
1516608
1570560
1538624
1204224
1347456
1582336
1340800
2126272
2220544
1696448
1156672
1217216
1534336
1367296
977984
1188800
1233792
1324416
1383360
1267008
1142528
1778624
1450240
1355456
1400896
1128832
1432512
1164992
1203136
1658752
1491008
978624
867712
1550016
1203264
980160
1488896
1409920
1275200
1631040
1237312
898112
1145472
1035520
1426176
1141184
1240384
1053696
1325376
1317440
1289600
959680
1095552
1097472
999680
1164928
1186304
1098304
972032
970240
1088512
1112704
984320
1565440
1259776
1234368
1297344
1051264
1155776
954176
942912
963456
1134720
945152
923712
881792
849152
995072
898368
881856
795456
677568
894720
969088
1112576
976384
902976
922368
1679296
784128
1120512
884032
1086336
945280
980096
1009728
1014528
1478848
1098752
1168896
1180864
678592
1404480
981056
842368
1119488
938176
799424
846336
868032
908992
936640
1321216
912896
735424
918528
1022592
676864
647872
841600
815808
806016
1131648
889856
1180160
800576
971264
949632
862464
964032
997376
1004160
1014976
740160
745024
694080
791808
777792
967744
889152
1074240
1096000
876736
1044032
868864
625728
826880
824000
779584
804992
710144
575296
362496
844160
575424
629888
911936
920960
720896
769792
694848
754496
778944
657216
760064
642304
583936
851584
540736
922816
653120
904960
866368
769024
612736
996288
1083456
1008512
689344
1266304
886016
662016
735616
656128
829440
1017088
885056
802176
874624
912704
755200
488576
480512
772992
966080
619840
773760
1113088
908544
597888
538112
1110464
628096
1016576
711936
776320
961536
597440
785408
532288
536640
852928
815104
731008
663360
1044480
649664
676928
842752
797952
646144
555328
569280
504960
489856
642688
764992
469568
912832
1184128
570944
594688
467648
943104
605696
569216
547776
486400
837696
648000
555520
694016
689344
743488
635904
924160
634240
901696
564352
764864
837632
706240
798976
459264
725632
713920
659456
856640
467072
1105536
1004352
722880
657536
844096
818112
931392
785088
375872
647040
585856
527232
646912
722752
598592
753728
596288
530304
705920
580352
708032
611136
523136
667584
557504
610496
531776
469056
511808
596352
492864
570048
773120
812992
676352
636096
550528
457536
473792
588352
598272
484288
621184
1335168
689280
470656
258624
573376
499392
454848
416320
672256
451776
658368
671552
535616
527360
645248
665600
565952
448128
555904
722112
856960
610624
444352
643520
635008
282240
440448
576960
475456
334784
508224
341184
672256
424768
451584
570432
564992
786496
531584
497088
615360
447872
512064
539328
510848
1011072
552320
499840
477952
480256
403008
636224
709568
494208
541504
422528
608896
566720
448256
625536
571904
377664
765632
401152
517696
548416
611584
688064
904000
396608
724352
479488
466432
513216
595648
482176
413184
686720
293568
348288
376832
460672
420160
379456
358592
524160
660736
341120
681792
410496
566144
408000
622080
434176
584064
622336
476480
727872
615552
574592
420032
382592
304384
477888
465600
545856
603648
724288
398976
619328
392064
436032
853632
391296
312960
696832
370880
523392
664768
611648
581184
495040
518080
560128
586240
678144
491200
608832
561152
540736
514688
518144
466752
627968
318592
348544
340928
477440
441728
618688
424704
491712
340864
714816
448256
433728
673536
531520
506752
467968
536384
584320
555520
302848
582528
372032
325248
627328
525824
591040
555136
523392
506816
346240
534720
281536
772032
330496
392320
537088
410688
517248
464384
625856
506368
343104
263936
656000
559936
510720
333056
462720
620416
724416
435520
492864
547328
810944
600384
500480
524288
442624
658752
413248
340352
471488
883328
789760
405504
456832
486656
626496
384448
625536
648832
664512
480064
442944
436736
562944
560256
367104
570496
560576
470528
269184
645568
294592
484352
663232
290752
654976
424064
431680
299200
468864
1081856
597056
554944
424768
377664
436672
530112
600704
564608
658944
567744
391616
352832
340416
948800
601856
573952
417728
386880
520064
279104
426944
287168
302656
371264
544192
304192
538624
502976
674944
534656
756608
576832
502336
448512
451200
867648
417216
266112
460928
342016
481088
517312
353088
422720
366144
780672
471232
570880
387904
549248
551616
643136
395776
375744
605056
413632
395520
412352
366848
438464
459456
496128
512640
411904
300032
315584
359680
468992
497216
291264
422656
396352
329536
352960
490432
472704
408256
337600
311488
435136
408448
387584
335168
572288
270528
306944
364160
445184
786816
510080
478912
347648
507072
978048
224768
474176
310272
397312
504256
313792
646464
292544
633280
544448
576000
258816
341376
493440
433600
392896
427200
318528
363712
238080
371072
330752
309568
473088
534336
382272
314112
456640
660736
381376
252416
662528
383680
346432
521280
523136
349056
347136
300224
338752
626368
490624
448960
329344
352192
545728
418560
392960
682304
510848
290240
304896
339392
254080
396928
568000
377856
447680
394624
306752
312768
330752
294592
435264
393856
380288
351424
415680
311168
347584
582720
247808
243008
523904
416960
499904
324480
228992
383424
440832
532736
446080
457408
383616
558976
401664
444160
560064
479296
364032
400512
335424
535168
395072
444224
356352
311680
572800
345216
292672
423872
479232
229824
203904
479040
205632
570432
263680
425216
349568
396672
309248
259968
250368
313024
462720
405376
351552
338240
573760
304768
387968
310912
345792
425280
419648
206848
284672
366528
631168
427520
424064
445632
401408
312320
470784
343744
476928
366784
207872
195520
564352
228928
418432
238848
497024
569664
450752
416384
390080
276096
308736
541312
388864
377408
219840
358464
577664
466240
295168
164864
430848
375552
541888
500352
982720
449920
345728
255744
435264
451840
448960
445760
391296
543488
342400
468608
585280
389184
366464
362880
265984
493248
349568
353408
322368
352320
227264
380608
523392
291136
169920
403840
253632
386752
382272
376640
394880
457984
313536
185792
352448
182848
314816
438656
487296
332416
284416
401600
656064
789952
362048
205760
423616
422720
214272
305984
244288
176960
608000
304384
134080
394304
402944
462208
365696
430336
148480
304512
276672
393984
436160
342080
523648
600000
490560
335360
639232
268800
375552
447360
572096
141376
305216
297216
238464
319808
349760
259200
394560
148800
299456
368704
309184
385216
398592
419520
568704
520064
383232
247168
248384
451072
509568
362880
281280
291200
365632
202496
271744
432704
478720
372032
252416
209984
119872
688896
426880
385920
274880
214592
196864
270656
541952
425088
333120
399872
433152
320576
557184
172288
299008
197568
387840
212864
647616
338880
483392
336192
276224
356096
322880
323392
276544
291136
311616
474304
345280
331200
259392
230272
427328
218240
602624
216768
212480
351616
397120
500608
292864
185792
239296
292992
266880
259776
517248
211648
396032
167872
298304
234048
488448
211648
530560
542272
475712
394112
245120
220224
175232
293184
260352
213568
450752
292736
182336
192128
172480
339584
262848
204864
265600
371968
389632
190912
197696
534976
410368
261440
266688
198528
239360
248512
354880
394944
281984
344064
257408
530496
288320
432128
278080
316800
182080
446912
339200
283712
364992
401152
326976
345344
220800
204480
226496
295296
366848
530048
224960
405632
316992
405120
301760
337280
297472
259712
433984
343232
397824
494272
253248
242752
338176
697920
173184
292736
379456
446976
632512
249216
456576
296512
266304
277312
162368
317504
314304
173312
429760
491200
333248
558400
256960
414784
380864
459072
330624
403072
348544
345984
398336
229824
290176
296000
311040
267328
223360
181760
254912
179584
376192
201280
667968
359616
394240
525312
222912
338240
402944
456832
209664
667328
475008
305600
265792
370624
535552
317824
307008
233216
180736
293760
287808
311744
303936
508736
212864
273088
582208
453888
244864
472000
396864
211776
152576
245952
220352
578304
689856
324352
607936
279872
213760
218112
447680
318272
272256
430464
224576
244416
546624
543616
246208
300352
496256
481984
417216
541632
275392
439360
392576
202176
410816
214592
286336
208320
417216
289472
515904
253056
454528
184704
288640
509632
227648
287872
291264
284224
212480
232320
721856
279616
326528
254336
481728
260736
192384
531584
194880
209920
225216
252480
275328
237440
317952
468096
207488
349184
268608
192448
288704
353472
175872
210496
192832
209664
229376
190080
380160
123392
259648
136192
360704
342016
274240
362880
185856
528256
338560
249408
265856
217728
241856
603200
216640
191232
211200
388672
416960
282944
181312
349440
232448
330816
222336
347456
244992
149760
189504
223360
109568
250432
272256
210176
201856
368256
296000
218176
302400
226816
292032
446720
345536
311488
501952
318784
205440
222208
324352
213504
300288
149824
138688
231872
190336
351616
287360
262336
426368
275840
183168
480768
286848
425408
306112
333248
329088
210880
605824
279168
253696
231168
312000
309056
343296
192320
495808
392384
585088
340800
446144
239040
163328
303616
388672
145536
470720
211648
456896
115584
295488
295424
485312
118336
273856
181824
394560
151104
333440
516352
477056
421696
349312
448832
257920
233024
435520
129792
328832
171136
240128
328256
235328
320576
306688
195072
273792
377792
199616
227200
367808
214528
331456
365312
149632
251584
414080
175936
228352
277120
508608
330368
326848
514368
247808
409792
367616
171584
396096
169152
290560
244416
204544
286400
270784
187968
174592
454720
343424
203264
318592
186368
147968
268096
196032
91904
187840
167040
222016
219520
370752
324480
282880
130240
202112
217024
430784
173760
245440
340416
137024
111680
400768
376832
451520
216192
279168
310144
236928
418176
273984
331264
230976
390720
297216
329024
225216
407872
448192
224064
586048
221632
272896
340032
99648
118400
291264
197120
372544
383424
213696
155072
241728
294848
135872
375872
394560
415104
356736
248256
394368
280256
527424
391872
146368
267776
530560
301376
399360
216192
399104
291968
108288
361088
309504
409280
164544
237056
454720
224640
243904
309888
152576
149696
306496
101056
267008
460224
369536
175808
195904
203264
348992
204480
501440
365952
146816
216832
211456
274176
194816
409216
185152
611136
354432
161216
427392
310656
291584
200000
166016
120896
372672
250496
204800
123648
512000
347840
355904
365824
377152
357952
346624
253824
370688
336896
874176
217088
323392
250112
135232
220224
577152
325504
234816
240960
238592
185024
274880
402816
380032
175168
250240
557184
436032
347776
338944
383040
367424
189120
302656
452864
448512
487104
249024
193408
243392
200128
489088
189376
253824
299840
146752
400128
417152
176192
297920
320640
320960
386176
472960
388096
288512
267712
219136
424832
277248
431232
556288
359040
257536
227840
245632
146176
139904
329280
183744
222720
169856
269248
425536
382208
376256
181120
261248
452608
299264
439104
168576
214016
216512
451264
210880
592448
228416
173120
120128
282944
340288
320064
443776
222528
361728
309440
243072
316992
268096
379200
228736
240576
120832
252480
219520
287360
299136
220032
219584
254016
314624
287808
322112
228032
232192
222336
295744
203328
170368
150720
350464
235648
492352
343232
296640
283136
193728
246016
289216
270272
148352
230336
130752
492800
261312
198016
211328
260032
261952
257984
250176
217344
92544
256896
248448
341632
175040
204864
212480
194304
219072
228672
384704
211840
148608
379328
431168
242688
192320
194240
382464
362432
345024
219840
346048
95232
292736
321344
268160
175104
237312
120256
254400
313856
247680
120192
162240
121728
212416
181760
391232
185280
204544
201216
486336
176704
342976
288960
232832
242688
432448
166848
171648
120192
372160
133312
264256
529088
376128
187072
144128
140352
492864
242368
191360
485120
159808
196992
122240
254400
425600
145984
217088
220224
182016
163904
90752
367104
216704
362688
171648
289600
217088
234048
221824
185216
179968
179264
191552
254912
217536
383744
234240
257728
221568
235264
151232
146752
289856
414208
221952
141824
435968
204992
140224
182400
193408
308352
559680
385088
228928
232704
152192
271424
519040
478464
155840
293696
110464
247744
234304
297984
213760
193664
247168
180352
93184
274368
239552
214336
317952
488384
318528
151296
159808
425024
165568
226624
359680
520960
174592
232576
158976
171904
170944
433856
129600
208256
137536
177600
323264
132608
457856
303552
249344
405184
228288
251584
240000
175040
191488
202944
235584
433216
172800
266560
334272
272640
299072
151552
209792
253632
296832
418880
361536
182272
174592
278144
251328
311552
430272
546176
251136
176896
234944
331648
163328
178496
232704
271168
210624
321536
406144
120064
355392
320448
343424
298240
159808
91584
257088
144384
375296
517824
251776
155648
474880
292288
158784
359040
227520
396416
158784
424960
140352
521408
284288
252160
150144
109056
149120
282432
174528
110656
333376
246080
144192
441408
312832
242688
320320
189440
237312
116544
274944
284160
279040
131264
368960
379200
262784
259200
169408
84736
334976
143616
162304
236672
246080
480832
382592
427456
294400
254080
314432
134912
231872
293056
203968
62784
284288
163008
262784
164736
117888
311808
257728
222656
181568
246720
212224
225536
112192
285376
188288
140224
268352
235328
367744
281856
155968
189696
211840
120128
204032
359936
204864
296320
180864
516800
274176
156288
276288
300864
173952
189632
169216
124160
242048
466048
524736
184832
201600
110208
284352
156416
244672
94336
182720
187840
329664
238400
254656
371200
184320
253824
184896
267776
105088
673472
137408
260864
111424
190400
136576
137664
283072
85952
267776
160448
234112
214016
308608
247104
128704
160000
235264
105472
320256
248320
295424
313344
396864
315392
106688
149504
144832
156864
128960
140736
451968
320320
167296
168768
528768
519488
154752
171776
347456
482944
463104
185088
296832
150080
262912
138688
283712
256192
189568
474752
283584
123264
244544
167488
187072
291264
292480
160576
148288
212672
238272
187520
234176
279680
243776
336960
198336
203264
141184
288256
315840
280256
373120
209536
151424
294016
274880
335872
154368
365632
294848
163008
220800
164736
308032
211776
268864
190592
238400
234176
299392
116736
175104
209088
182784
250496
696512
91840
122560
81408
235776
262720
256512
122304
389760
189056
308096
166016
387136
155648
587520
323712
195008
207104
177408
429632
224128
182464
466368
243520
561792
308160
462336
342720
393728
238400
265280
223296
131904
155712
122880
185216
121472
88384
285376
125440
183296
278144
622784
450816
214720
187840
207936
102336
188608
265984
185280
187968
170368
245184
161792
156736
287424
185216
253248
321600
104960
291072
184064
297472
179712
144256
78080
154432
186304
186048
247424
265920
145728
219136
214912
138176
374592
229568
160128
227008
141440
243456
316480
260288
84928
277120
143936
135104
141696
274496
282240
211968
177088
236992
204032
177472
199104
169408
474688
232064
153600
208768
168960
116416
296192
180544
113152
158976
110400
310208
260608
263104
289984
171136
438336
166272
207936
385792
356864
266048
140352
240256
161792
278400
153920
83648
123648
191936
166592
337536
222144
268160
290176
154304
237760
281472
111872
168192
453312
383616
332416
319104
176192
116928
96512
503488
185536
185920
119808
213440
156352
143552
177024
304960
102464
416384
487040
278464
183808
365504
162944
379776
107648
152768
151040
138880
96768
308032
199488
217344
239296
191040
122496
115136
323328
167424
148544
383616
165952
361152
140672
252992
137536
415040
373952
271232
191168
406400
127296
233024
208960
350720
142976
220672
165184
182400
83328
95872
99008
281856
172736
230400
152064
330688
200192
360960
399680
285056
338304
300288
188864
318016
287040
231424
196928
169728
233728
160064
134528
225856
239488
266368
220608
196032
166208
411264
246464
198016
151104
177088
224704
186752
166912
170688
465216
342912
218624
198784
297152
170560
398848
238656
292224
239232
202816
217344
125376
257408
440320
130816
171904
356032
181376
160832
191936
318976
172544
234944
211264
221824
119168
198784
114880
184896
302208
131136
164416
275200
159872
280256
133696
360640
155328
187136
99328
283328
126336
235264
158528
512512
78784
182080
150848
135872
345024
326272
111808
156096
169088
313664
466496
177856
234048
219136
112448
296000
363904
145344
471936
258176
208448
297856
287872
127360
111872
179904
347072
185984
451456
152448
118016
313792
397376
216832
97984
241280
267776
263744
223296
298624
173184
216768
122432
208704
187264
221888
275328
234944
199168
232640
215424
213248
385024