10640576
23423872
80464128
110001344
40816512
47333248
33832512
20015552
19590144
35330560
28331136
59249472
6045376
12568128
6508352
8650944
4770176
2878272
1889408
2266816
1457344
1814720
1854912
6089472
1751360
1337856
570624
889536
801728
670208
639296
1864704
250752
379840
350656
438976
665344
700416
343488
433344
300160
591424
502592
319104
239360
251072
222208
247936
356992
397696
467520
220544
166592
351424
232896
216512
235776
289088
180480
155648
229760
458048
328064
956672
954176
172032
219584
252288
252992
258560
161408
271872
282944
218880
247936
256768
345536
417152
602944
277888
383552
262720
346816
343232
319232
227456
321856
431872
333056
430336
362432
446080
350720
286144
429568
292800
266176
248320
407744
494080
232128
343424
300416
240000
271808
460480
307712
396992
299584
270272
219584
292928
304256
231936
258304
217024
238720
229888
179968
199232
214976
186752
189120
230784
419456
163072
197952
297152
197888
289984
321536
237056
229312
232832
273216
304128
264064
319168
205376
296256
320960
275264
426560
380160
319296
315008
483712
344128
321728
487936
408448
457920
421120
308096
323136
376832
265536
374592
341824
234176
423744
683840
530240
410048
400640
453632
454144
380480
356160
293504
267200
349184
387520
412416
375616
431552
361664
410560
519488
325760
415936
381888
334080
337984
388096
324224
365824
400960
317248
357760
333376
279680
297152
333056
487360
437696
400960
373760
348992
783168
346624
587136
425408
607168
470592
427520
309376
390144
456320
312000
491456
531456
333888
421184
332736
421824
533952
458368
531328
324736
584768
431488
451136
369088
353216
445248
484928
488512
924864
629952
420928
523776
507584
704896
911296
454976
391488
459136
529152
579776
590656
470464
482240
554176
447616
519488
1083968
678784
795392
810752
585280
634368
759488
533056
613312
761600
486208
758784
471936
956672
1181568
688576
464704
731648
690240
646848
636544
572480
702528
739840
681600
784512
642304
749376
612352
469888
542976
465984
745024
622016
515648
456896
624960
444608
459392
756480
693568
866560
767232
522048
644288
573248
527040
657984
541312
536000
450304
436864
496704
576768
837696
929536
744256
752192
786688
624960
639168
974080
630848
570496
571584
669504
529408
760064
792896
794112
754944
787072
527296
755840
581440
763712
607808
898048
456448
673280
560128
663104
761664
626304
803840
807552
649216
764096
536704
532544
850880
614464
662848
878400
657280
711680
856320
816832
974848
712896
967424
845376
646720
606080
749632
647552
736896
864576
633600
736640
815232
570368
697152
698560
613184
665664
704960
906624
655616
661696
545600
609344
585216
765696
717376
1082240
804480
770304
1011968
782528
662528
888512
771328
819072
1243840
747904
829504
1043712
981888
1380224
1085312
937088
848128
842880
784832
626944
1144832
679808
826240
548928
918784
745344
800128
745216
617984
1104960
930752
673408
929536
843584
975744
1009152
1020608
1074304
783168
1056000
1129792
938304
1168384
850496
923264
926656
984512
803008
737600
786048
560384
993344
737920
558336
685760
669888
869120
685632
908416
699392
664832
899776
709952
917568
578432
687616
672192
744896
856320
783616
737792
716480
737280
806336
651392
840256
1079744
801600
942592
713600
777792
1036736
713856
775296
838272
764544
1012544
854080
886784
1042816
782464
727296
937536
702528
800384
830016
880896
823168
677440
806016
782912
782336
792000
980096
937664
845440
1016832
1033728
1165568
971136
731840
821568
914944
700096
870528
1081920
973056
1341696
1068224
1223232
749696
1076160
1217728
1023808
808512
1046272
841856
868352
787904
861376
1168256
1290944
1003008
1171968
863104
874112
647872
824192
904320
787264
856320
901824
1020224
1378368
778816
820992
1062208
1111744
808960
872768
784448
901568
902400
1409024
797440
1240896
1131328
1082816
832896
1073920
1009088
1209856
1163968
933376
913088
1068224
1539264
985216
932800
850752
592704
1098880
927424
1435648
960064
915456
907904
1068160
795072
1345856
993088
977024
874368
1089344
1063424
860928
924800
806528
1083200
940160
1324352
1033088
1228736
720768
874880
885696
831424
985344
831872
1104000
1340992
960000
1042560
764736
1445056
928768
920384
956032
1099648
1107776
1157952
1046272
1099968
1028352
935872
1108992
1128000
888128
891648
1495744
1101696
856128
897856
862464
1187328
1003200
1027072
859200
664704
869888
814400
885888
982784
1093248
1095680
1156736
882624
877120
1138432
1030656
975808
1021760
938752
993408
1206592
1309568
1649920
1343040
1200256
1030976
1082688
1115904
1120000
1536704
988672
1127680
976768
798720
915264
1251840
1292224
1048768
902784
985920
1059264
941376
1192064
948032
1417664
1323968
1036608
1150976
796608
835520
933376
1148032
1125120
1316160
915520
875776
886528
815424
863552
1033088
871680
830464
1058176
880256
826048
884096
842816
918208
1042688
966080
957312
1014464
923072
1034240
1050688
1073600
958464
1087168
983040
1117504
1044672
1033472
1005824
1051200
830656
820864
1284544
879104
887808
992128
880128
979840
1025920
1016512
1030784
966272
901632
932864
1086528
899712
952512
975808
908672
912832
1012352
824384
1065664
1416384
1143104
1088896
1156608
1165760
1429120
1273728
1336896
913728
996096
855424
910400
910208
1214208
990080
1096768
755968
933632
969664
1118208
1279104
994944
1024128
919808
962432
1428352
1439040
1230976
929280
877824
985088
1632704
1532480
1255744
1299392
1283072
1249472
1151488
1148736
969536
1137408
944832
1307328
1060672
1181568
1013824
1387840
1478592
982912
1044544
1063232
1256384
1467904
1199104
1126016
1483136
1247040
1083328
1112512
1197696
1207872
1308032
1002304
1128832
1001920
971392
984896
1650496
1071104
908224
924992
907456
854656
1052224
1120320
1059584
1213376
1076480
1188736
993408
1141952
1326464
1126464
1508416
1374528
1123776
1029952
1037824
1381376
1218816
1110784
1217984
964288
1152832
1190912
918528
932736
919232
1047552
1025152
1460224
1192512
1117120
1075392
1239872
1547648
1044864
1108224
1140928
1060544
924160
1116992
953216
957696
1079296
979712
992192
932032
992512
885888
1052864
949184
977728
1427840
1246016
1062656
1403840
1209728
1281728
1312064
1213312
1347136
1255360
1376064
1304128
1154496
1456256
1164224
1188288
1244544
1460672
1068544
1128192
1178624
969472
1049408
1425728
1233728
1173568
1126784
1155328
953728
848448
938112
1093440
897536
894080
790976
777664
1246976
1259264
845184
964544
897920
1021760
992768
1398336
1145728
1233280
1711552
1255424
1011456
1253184
1113984
1303744
1330368
1485568
1451136
1112768
1196160
981888
1286656
1045568
1261632
1137536
1609216
1054592
983680
1523136
1460288
1072640
960192
1259520
1246912
1324928
1283392
1518144
1297920
1076480
948992
1034048
933120
1206336
878400
897792
1015104
1159552
1485184
1211264
921920
1072640
954688
968704
1162624
1267712
1000448
1191552
1392512
1221760
1236800
1222080
1249664
1154816
1526976
1244736
984448
1234496
1193728
1262592
1017216
1170624
1085056
1174976
1292544
1185600
1037632
1130880
1326848
1269248
1212032
1336192
1333120
1316224
1048640
1329856
911872
1025280
1093312
1147072
1134080
896192
1354560
1182848
1543872
1197312
1267328
1286016
1075456
1170368
1311936
1207040
1134912
1007360
1087552
1078336
1140928
1192128
1249920
1302848
1126400
1090304
923136
1040064
1076160
989056
912192
1026048
1089664
984448
1071232
1453760
1037952
1069248
1246272
884736
1137600
1086784
1377472
1004864
1021120
1046592
1238528
1000192
1213632
1296704
1325632
1297920
1032576
986112
1020480
1641472
1056192
1379840
1093696
1226752
942272
1315392
1037696
1381888
1152832
1276864
1282176
1045824
914496
1427968
1200704
961664
1124160
992576
1027712
1130496
1285376
1125376
1361152
1329472
1245824
1288640
1381120
1411200
1247808
1082432
1337920
1599424
1192960
1347648
1043392
1115200
896000
1183744
1200768
1264896
1067392
1059200
1225792
1366208
1490880
1356736
1270080
1470656
1197312
1260544
1430784
1176128
1353920
1157632
1275904
1138816
1207168
1216704
1387008
1259968
1217856
1054976
1064704
1069824
1134272
1141056
1116352
1057344
1208896
1315072
1658304
1381888
1499392
1474112
1817216
1476480
1456064
1283648
1541184
1416256
1346112
1312000
1360512
1438528
1356224
1350208
1279616
1285504
1221184
1395840
1255616
1501504
1249216
1706688
1414080
1322176
1385280
1113600
1010048
1212992
1212928
1148992
986880
1071360
1192192
1003968
1030720
1086912
946304
934400
987200
1190336
1784768
1106176
1011264
1143424
1315072
1302272
1086144
1355392
1417472
1195712
1394368
1345408
1194688
1222400
1291008
1316736
953344
1121088
1232640
1406976
1144960
1173696
942656
886016
1165184
1123008
1480128
1242240
1111680
1323584
1447744
1190656
1095744
1292224
1121536
1191680
1269376
1088320
1201408
1091712
1052352
1200960
1306944
1233536
1003520
1170176
1058880
1116928
1169344
1353024
1256064
1104704
1026048
1124224
1135488
1311872
1130624
1051904
1117056
973056
942080
1019008
1172096
1316928
1162368
1050624
1164608
1269632
1166144
1119104
1297280
1193472
1095936
1395072
1061312
1282688
1149632
1191360
1224768
1210304
1414272
1255744
1250112
1076544
1154176
911296
1391552
1145408
1007616
891968
1089920
1010688
1077760
1068224
1054080
1187968
1099840
1003328
1180800
1213760
1105408
1016384
930368
1206784
999872
1104896
1263232
1112000
1123520
1183936
1093120
1125504
1046080
1031488
1279360
1121664
1038464
985024
1178624
1805376
1176064
1287616
1647360
967616
1338816
1489920
1364096
1093440
1030208
1040576
1087360
1362944
942080
1291776
1113344
1096896
1120448
1048832
1063936
1066048
1055424
1135936
1535680
1456192
1293056
1230016
1288832
1172416
1395776
1307776
1381504
1401792
1093824
1236032
1385792
1149696
1069312
1120128
1283776
1174848
1275072
1256448
1264512
1129856
1422464
1282560
1152640
1283712
1302016
916160
992640
1009472
1006464
1116160
1206528
1184128
1227392
1021632
1261440
1228736
1122880
1116608
895680
1263168
1131264
1067200
1003008
1035584
1202368
1136960
1451712
1603968
1168896
1375488
1200704
1321344
1620032
1228608
1108224
1578368
1372160
1258752
1364928
1178688
1680704
1328256
1286784
1247680
1282752
1246336
1232576
1133632
1113280
1132672
1386240
966656
1031936
1043904
1360512
1012288
1030848
1380800
1135744
1557376
1137600
945664
1067200
971328
1108864
1227136
1330112
1138048
1073984
1260736
1466240
1385920
1329984
1148480
1424128
1657216
1613504
1269952
1322112
1531776
1476288
1335616
1245376
1082944
1472256
1555520
1352896
1199040
1445248
1432832
1288256
2051072
1683072
1476672
1313088
1473920
1261952
1195264
1011328
1155968
1482304
2434624
1290112
1006272
980800
1316800
1345472
1314304
1089408
1163392
964160
948160
1038784
969280
952256
1152896
1236736
1311744
1059584
1160384
1547520
1683328
1125632
1326208
1122112
1461120
1154176
1183360
1186624
1281216
1185536
1641920
1299584
1023552
1155328
1148736
961600
1188864
1207936
1320704
1596672
1434240
1255744
1555520
1118592
1444800
1334912
1140096
1251648
1353280
1263872
1669568
1531968
1328000
1186624
1386112
1266880
1134592
1075840
973888
1028416
1274176
952512
1224704
1153472
1176896
1021440
1333504
1054272
1320512
1094656
1113600
1460992
1333632
1589184
1655168
1506496
1056128
1350144
1858176
1507200
1708672
1544192
1377280
1426048
1923328
1382720
1712704
1932032
1537600
1432000
1215808
1289152
1235712
1172480
1604928
1002880
1142336
961472
1239616
1067840
927744
1257856
1330048
1244864
985024
1013888
1251072
1030400
1041216
1053952
996800
1185920
1432512
1068416
1078912
1218688
954048
1249664
1615360
1398848
1511360
1324608
1426752
1305408
1406272
1160064
1447488
1441024
1449792
1474816
1351872
1090496
1363904
1182400
1236096
1371840
1619776
1182720
1066176
1272640
1080704
1166144
1332224
1360000
1318592
1313856
1428224
1260032
1273856
1400448
1430976
1218176
1237952
1008192
1299200
1419904
1143488
1132864
1122368
1140352
1212928
1299840
1148800
1268928
1426112
1123520
1270272
1455104
1295040
1252736
1147904
1140864
1243008
1383872
1278464
1173120
1345792
1586880
1345152
1327168
1143744
1247360
1239616
1404160
1494656
1392576
1456768
1339392
1631680
1352832
1424384
1227648
1350080
1894144
1525376
1545152
1478080
1436416
1423616
1490048
1474880
1456192
1309056
1296960
1393152
1006528
960320
1224704
1205632
997952
1044672
1210688
1268544
1017856
1269504
1244160
1657408
1349568
1150208
1385472
1058816
1318848
1351040
1393600
1402688
1058176
1264576
1183552
1382528
1216576
1584064
1328320
1431296
1564736
1341056
1511488
1556160
1364928
1335424
1199744
1452544
1555520
1534208
1514752
1354688
1252032
1200768
1102656
1099456
1051328
1056448
916608
1155520
1091648
1016832
1032000
1233536
1362880
946560
1175680
1175744
1258368
1222336
1139008
1342400
1274688
1688640
1237888
1188928
1434560
1365120
1260416
1421312
1080640
1235456
1329216
1577024
1557888
1546944
1381248
1334272
1254592
1457024
1438272
1190912
1098880
1183616
1059200
1170432
1112960
1304704
1345216
1078400
1091648
1689472
1730944
1124416
1383744
1317248
1212096
1221888
1391616
1217088
1280512
1361088
1359872
1423232
1357184
2057472
1508672
1285824
1230464
1792704
1489152
1550144
1452288
1789952
1626880
1471744
1767680
1478016
1361664
1702912
1566976
1369344
1424576
1535872
1330112
1231936
1219840
1124480
1196992
1047232
1192640
1220160
1562944
1244224
1337344
1254784
1578624
1400896
1586560
940160
1238016
1508096
1217920
1502848
1179776
1403008
1227840
1279872
1448192
1802304
1286464
1319232
1370752
1419584
1558464
1589120
1800512
1396672
1222976
1306240
1362624
1316096
1200960
1243136
1169792
1242304
1258816
1404736
1231744
1249728
1290304
1452032
1383680
1376000
1439616
1454848
1750656
1692800
1721408
1678976
1320832
1261760
1172032
1382592
1759872
1349120
1313984
1452288
1504128
1217920
1451136
1197696
1398336
1431296
1381632
1328960
1246656
1446400
1451136
1463552
1844480
1208320
1499520
1289920
1420544
1257472
1314880
1238784
1427712
1955072
1504960
1217216
1528384
1449920
1522560
1426048
1955648
1687104
1745792
1865216
1452736
1449536
1710016
2031680
1472704
1388544
1703296
1275968
1610368
1411520
1470720
1462336
1096704
2031040
1627136
1467008
1418496
1352768
1498624
1300928
1310016
1343296
1575872
1886400
2084352
1452160
1285440
1291904
1389120
1722624
1354944
1191040
1087296
1431488
1294400
1200512
1253696
1448000
1584064
1439104
1395072
1323136
1260672
1502080
1340224
1515904
1369984
1539328
1225216
1613824
1388160
1491712
1505088
2098112
1656832
1429376
1071872
1515584
1248064
1448192
1113920
1547904
1360000
1169728
1402304
1155712
1438784
1271104
1063488
1570560
1353600
1187072
1085888
1352896
1245184
1838336
1515712
1163584
988224
1476544
1327360
1183680
1256768
1599808
1866368
1388608
1123392
1117440
1263808
1021312
1343488
1314816
1493312
1680896
1478208
1275328
1351680
1800128
1766528
1765568
1600576
1591168
1402048
1434304
1384384
1479680
1244160
1325248
1315968
1593280
1158208
1807616
1475072
1062784
1902720
1456576
1263744
1617984
1402176
1034304
876032
1330496
1547264
1363392
1462656
1517184
1374016
1210304
1404864
1417984
1296896
1206144
1647616
1387904
1770432
1522560
1334912
1930624
1728512
1439552
1917120
1638656
1502144
1440000
1381184
1360640
1896320
1305600
2147008
1252736
1541440
1398208
1345408
1490048
1450496
1320320
1263680
1636800
1227008
1194240
1182592
1242816
1357504
1568320
1338496
1277376
1441664
1404096
1403392
1550784
1431552
1745728
1248512
1201856
1542016
1574848
1327680
1378048
1265728
1119168
1466752
1480704
1144064
1448000
1297792
1734080
1257984
1618752
1251264
1682880
1714048
1435328
1549120
1726720
1826176
1521984
1527360
1493376
1854080
1711360
1626560
2070528
1731584
1628608
1529088
1182208
1591616
1529216
1585472
1431872
1458240
1402560
1177280
1125056
1141184
1292416
1292032
1360960
1299712
1307648
1514944
1232320
1300224
1301248
1561472
1827456
1370240
1323776
1284928
1503552
1452352
1411200
1693696
1614464
1627776
1396672
1364288
1448896
1388672
1459264
1404096
1730752
1733696
1428032
1586048
1291136
1370240
1573376
1867776
1339008
1460352
1603520
1787264
1426880
1678528
1426688
1625280
1931456
1482176
1200448
1575616
1260992
1135872
1445632
1825856
1355456
1354624
1599360
1534656
1772096
1395136
1318784
1271296
1287424
1407744
1351872
1752704
1319808
1320256
1455104
1378496
1359040
1315264
1191296
1692416
1518976
1709440
1454720
1253120
1580800
1087936
1187264
1307392
1662784
1614464
1679296
1392064
1300480
1850496
1644672
1556224
1681728
1559296
1807040
1902976
1539264
1803200
1428480
1953920
1411392
1306048
1538240
2000000
1362496
1424640
1380864
1385088
1737088
1385600
1380736
1680320
1197440
1427648
1466240
1585792
1442688
1718656
1598016
1592256
1640064
1939328
1614464
1209280
1393920
1577984
1632320
1689536
1523072
1514496
1437696
1692800
1428416
1428992
1279872
1516736
1376512
1944256
1814656
1544576
1309056
1477760
1832128
1448000
1570944
1610816
1448128
1321728
1356672
1275200
1297280
1760192
1402752
1347776
1291456
1118720
1545152
1634560
1338816
1495232
1548608
1276096
1423296
1248512
1382016
1741952
2109248
1494784
1408256
1301440
1619136
1703616
1692480
1295488
1872064
1394752
1337216
1563648
1426752
1575936
1762880
1337152
1386432
1390016
1774336
1234176
1407936
1387392
1419392
1302464
1690368
1540416
1333952
1301184
1419072
1581120
1291520
1223552
1400192
1490304
1417792
1364928
1146240
1169280
1244416
1486016
1184064
1365440
1305152
1369920
2046272
1345152
1433728
1239936
1697152
1414080
1351872
1368256
1323328
1278464
1569728
1537024
1500736
1368256
1327872
1976512
1771072
1331008
1795072
1697024
1450176
1476992
1845440
1639296
1554560
1533248
1717120
1784256
1639296
1387456
1404224
1760320
1661696
1554432
1926848
1351168
1410176
1367360
1755584
1838656
1823168
1358848
1643392
1401728
1088256
2024640
1570176
1376448
1486400
1465472
1678400
1597056
1369664
1693056
1591296
1778048
1659840
1437824
1627392
1974336
2176832
1851200
1624704
1960064
1734592
1970496
1774016
1629056
1569984
1767104
1935296
1366016
1647616
1456832
1571008
2053760
1854528
1853632
1746240
1599872
1499904
1160512
1368320
1402240
1686848
1172416
1268160
1550464
1507904
1362432
1836224
1534592
1385920
1081984
1257536
1313280
1694848
1343872
1225536
1500096
1489216
1769024
1077056
1344960
1432512
1789184
1755392
1535040
1438080
1527104
1464704
1345920
1654592
1970624
1443456
1636864
1845824
1631296
1339904
1912064
1282368
1308800
917632
1269248
1443392
1673472
1486592
1672256
1577600
1186880
1479680
1247616
1611712
1826944
1270784
1200768
1223872
1592576
1478528
1576640
1621632
1302080
1713728
1359232
1430784
1146944
1730944
1353856
1620160
1555328
1617920
1680576
1480640
1565120
2791808
1884928
1743296
2033920
2515136
1669440
1723968
1685952
1237184
1894912
1154944
1378176
1604544
1974720
1552896
1415424
1367168
1843264
1692992
1653696
1906944
1439936
2013696
1799168
1750912
1311552
1587648
1445504
1640960
1354688
1484224
1535360
2030592
1624832
1524736
1936064
1610496
1947840
1613760
1604608
1521344
1553408
1323264
1389696
1836096
1671360
1856704
1523136
1802624
1488768
1742208
1353024
1365952
1302464
1755072
1510336
1592896
1343616
1476928
1556032
1150272
1214848
1842944
1440768
1389696
1980544
1456448
1446656
1382080
2412160
1738944
1900224
1496256
2206272
1440512
1960320
1522432
1534336
1265088
1467840
1543360
1628480
1081792
1220352
1234560
1521664
1702976
1817792
1122624
1502080
1587008
1426304
1497216
1477440
1599552
1348864
1333248
1569856
1798976
1721920
1631552
1423296
1740032
1459520
1301568
1487424
1614912
1584064
1736832
2340352
1386880
1707776
1842944
1513216
1836608
1468544
1562368
1568320
1750272
1735296
1968128
1622848
1662848
1629376
1651712
1668800
1688384
1762304
1203712
1525696
1649728
1157440
1811648
1501696
1641984
1467072
1616512
1436352
1633984
1662400
1568576
1383360
1676160
2094144
1587200
1558976
1568320
2122624
1391744
1649088
1659712
1470912
1482368
1793088
1523072
1566784
1233664
1364096
1798464
1499520
1390848
1377728
1543104
1219968
1753856
1738752
1434240
1576576
1286592
1440256
1375040
1493184
1343808
1140416
1263168
1562752
1949952
1536000
1745600
1561600
1269312
1376960
1905536
1515584
1473088
1340608
1403776
1548160
1870336
1921408
1685312
1508032
1955008
1975424
1755072
1577920
1507392
2233280
1702784
2229952
1666240
2020544
1451264
1627328
1812544
2127808
1635008
1816192
1340928
1596032
1809280
1870528
1336320
1601728
1276544
1436800
1745472
1297280
1436672
1170624
1498880
1252864
1520064
1596736
1827584
1695360
1640960
1473216
1525120
1781696
1497856
1520576
1563904
1541120
1255232
1219904
1428096
1679872
2220800
1710848
1882368
2021760
1360000
1906560
2040512
1555264
1805312
1628544
1266880
1467264
1594624
1823168
1787904
1526848
1765120
1600320
2092096
1696640
1462592
1773952
1536832
1730688
1854208
1873536
1612032
1589632
1726976
1456768
1997952
1491136
1632640
1634816
1368064
1853376
1265472
1616384
1441344
1893760
1750464
1582912
1508800
1516032
1555648
1844992
1898112
2302848
1492864
1487040
1584896
1311424
1290880
1628672
1624320
1833792
1391104
1714688
1536576
1621248
2079232
1671616
1445824
1446400
1529920
1449856
1785088
1830848
1729600
1634560
1374208
1332416
1462272
2775296
1654976
1432512
1441152
1334528
1619136
1472384
1720576
1864064
1278144
1242432
1406976
2261696
1847040
1690560
1371520
1489728
2309568
1509184
1552256
1814400
1424896
1883968
2077888
1837568
2524672
3168960
1694912
1807168
2102528
1578048
1981376
1725312
1760128
1815232
1651712
1711104
2182912
1872832
1961664
1718400
1462784
2114944
1760512
1261120
2247360
1757632
1446912
1781120
1317440
1665024
1394560
1440832
1714688
1211776
1403520
1634560
1196928
1301504
1583424
1518720
1500032
1573824
1485504
1128320
1656768
1267264
1459456
1471104
1367360
1217216
1217088
1378752
1605952
1370944
1119360
1555264
1273984
1483776
2047296
1282304
1363520
1748480
1590464
1185728
1446784
1420480
1509760
1572736
1289024
1369216
1542464
1493376
1442240
1424000
1406784
1596736
1411328
1872896
1463488
1382144
1289920
1822208
1551360
1545344
1780032
1390528
1181056
1197248
1576832
1042112
1251712
1276352
1181632
1758912
1083968
1458304
1489600
1954432
1919936
1399808
1420544
1761408
1480000
1452864
1414528
1127296
1842048
1442752
2018432
1351616
1378112
2147264
1669504
1605824
1542144
2224384
1434816
2003200
2016320
2137088
1884160
1468608
1799424
2265088
1961280
1623616
2244864
1816128
1622400
1617792
1559616
1843904
1463360
1920704
1647488
1594496
1768576
1644416
1812928
2031296
1765376
1472896
1833728
1810496
1809728
1711424
1486016
1674432
1637888
1948864
1964352
1465856
1681472
1473664
2068608
1882304
2341824
1680256
1789568
2261120
1686400
1494080
1284032
1558528
1770944
1944128
1540480
2033344
2014912
1963008
2521024
1869632
1581568
1749696
1550656
1753536
1440128
1893888
2183424
2086400
1896448
1763200
2441792
2252864
1757952
1814016
2084928
1930240
1896384
2104960
1785088
2206016
2114240
1506880
1724736
1683584
1848576
1744960
2247104
1545024
1593216
1475520
2083072
1734464
1468032
2020608
1736384
2065536
2235520
1855680
1250880
1945472
2122432
1418496
1607040
1834816
1484864
1907904
1761088
1247616
1497408
1792896
1513472
1379072
1556928
1385536
1753408
1900736
1742016
1915648
1387712
1394176
1628800
1862720
1790272
1955904
2124160
1990976
1846592
1615360
1642496
1211904
1948416
1622656
1638848
1449216
1493632
1989504
1618688
1499520
1205888
1428480
1544896
1608448
1760960
1942336
1843968
1432000
1694784
1922688
1722240
1461632
1404672
1521920
1420864
1935936
1583744
1832512
1347904
1029440
1429696
1386240
1475072
1291520
1676160
1056256
1489024
1379136
1536896
1958528
1656960
1525568
1410752
2143168
1502976
1603712
1395200
1388480
1645376
1308672
1513856
1421632
1409088
1652160
1593408
2195136
1353024
1514688
1926784
1534400
2044928
1664896
1423808
1783808
1632384
1953216
1928576
1683840
2043392
1421056
1598272
1443712
1515968
1364608
1849472
1586944
1370048
1366272
1237696
1605952
1352064
1619072
1299392
1841984
1910656
1509312
1642496
1484480
1522176
1524352
1588096
1821696
1378752
1737216
1504640
1768256
1520320
1479488
1759872
1270848
2089408
1359104
2110656
2142784
1860160
1587520
1764352
1651712
1980224
1371008
1626176
1920704
1644160
1266176
1327296
1688256
1926016
1734976
1779072
1768000
1842432
1780672
1531648
1932032
1930752
1799552
1754432
1084800
1347136
1317952
1471168
1728960
1868672
1531840
1669632
1659840
1919040
1632640
1569344
1726528
1742720
1568320
1371392
1314752
1501312
2083904
1953088
1489280
1571200
1739200
1380032
1675136
1708416
2002112
1533504
1718336
1907776
1566208
1536576
1691456
1418048
1294720
1574272
1693056
1553664
1824256
1399936
1982656
1656448
1370176
1619328
1380224
1448064
1638592
1435072
1800768
1563776
1573056
1801408
1567424
1559488
1890112
1687872
1557888
1654208
2000640
2109568
1637632
1685120
1647296
1674112
1771648
2022016
1198272
1785856
2248960
1883584
1826880
1988224
1700864
1856256
1507968
1245120
1677888
1875712
2156928
2036672
1445568
2350656
2186944
1791040
1848768
1836224
2191424
1920768
1848832
2471360
1301184
1491392
1555456
2082816
1862080
2306304
1620160
1574464
1451712
2051776
1528448
1730560
2322880
1390272
1711744
1643520
1610304
1287296
1880576
1833536
1536128
2210624
1891840
2092544
1849664
1721728
1410560
1878912
1938880
1947072
2222784
1622912
1626816
1511360
2272832
1806912
1828928
1737728
1662016
1697216
1796672
1941248
1733184
1993856
1531904
2252480
1731584
1657600
1884928
1330560
1269248
1498048
1766144
1293056
1232192
1385600
1282048
1209280
1654144
1600320
1632320
1820416
1386560
1910720
1576384
1464256
1534272
1353216
2040128
1680512
1598400
2024704
1295296
1556160
1517312
1777216
1725632
1294912
1611584
1732608
1145856
1723712
2018368
1531968
1548288
1856832
1787264
2011136
2035136
1625024
2051328
1857216
1391104
1279488
1993920
1416832
1834816
2019456
1704128
1706048
1151808
1354560
1530880
1650368
1507008
1831808
1389504
1894336
1849344
1629824
2089280
2304960
2087360
1637312
1395200
1500416
1419584
1488448
2204928
1621440
1411840
1481472
2068928
2009536
2014144
2268096
1607872
1495360
1456320
1430464
2174464
1942976
2745728
2339392
1347520
1704256
1707072
2308352
1807872
2185408
2222848
2142336
1789568
1708928
2093120
2005760
1418752
1830592
1755648
2512000
2565120
1651456
1581312
2091392
2177152
2082304
1757184
1813504
2332864
1624064
1643648
1514112
1419264
1536128
1740160
1553152
2161984
2235264
2248256
1399424
1577280
2129216
1605056
1598400
2036608
2107840
1695552
1756736
1628032
1910016
1739008
1824576
1075648
1594304
1754496
1457728
1607488
1697792
1561344
1633536
1512320
1771328
1441088
2491840
1578240
1575040
1534976
1464832
1588608
1767104
1504704
1998080
1705024
1956480
2016000
2727552
1806656
1865600
1682176
1656448
1680576
1578752
1679360
1635648
1548416
1874240
1891968
1340480
1791744
1866560
1609600
1405312
1273344
1778624
2120384
1972992
2160128
1324224
1847360
1480128
1973312
1639360
1537536
2432704
1797440
1838336
1543488
1790720
1303104
1543552
1831616
2090240
1434944
1602816
1534336
1793152
1258944
1679872
2260160
1720896
1910336
1878720
1806336
1352256
1689152
1669312
1348224
1944512
2252800
1694336
1348480
1407296
1866112
1725952
2002560
1596864
1887168
2052672
1696448
1561600
1402112
1717504
1832000
1979776
2047424
1387392
1429440
1794624
1668352
2468352
1335872
1384960
1564928
2220032
2429696
1792000
2349184
1991296
2178880
1749888
1527552
1576448
1879552
1609344
1928000
1801344
1306560
1945344
1607488
2051264
1623488
1725248
1550208
1617088
1871488
1775488
1967616
1888640
1380800
2112768
2055232
2060992
1762240
1698048
1937600
2110272
2063360
2075648
1775424
1792128
2605376
1963264
2261440
2086912
2155008
1957440
2505216
1862464
1870848
1634688
1864192
1824128
1805312
2230784
2155520
1558592
1617536
1369536
1439552
1530048
1538944
1518464
1924352
1565312
1777792
1619584
1654464
2077440
1344576
1611776
2013376
1722752
1753728
1890112
1635008
1508800
1801792
1900032
1451328
1801600
1543360
1776576
2126016
1721664
1978816
2047232
1438848
1720512
1855808
1468480
1668160
1503872
1809536
1879680
1929600
1908736
1616832
1733504
1208128
1269504
1367296
1517824
1612096
1321280
1446336
1421504
1275072
1281088
1564800
1659456
1401536
1744512
1214528
1200000
1330816
1787968
1874176
1691840
1560832
1713728
1605056
1603520
1704576
1536000
1361536
2619072
2107648
2534592
1920576
1692800
1552768
1688832
2810368
2418048
2650944
2634752
2009792
1924032
2084352
1769344
2240576
1839808
1553472
1376128
1424000
1957888
2052800
2385216
2447616
2278976
1790912
2740928
2413696
2057856
2205696
1869760
2106432
1708416
1438848
1521664
2569472
2571584
1717760
1809088
2279104
2349888
1489344
2006144
2226624
2069696
1398528
1573504
1632704
1962176
1950784
2111232
2199040
2492160
1728128
1708224
1767744
1263488
2072896
1834176
2020672
1690112
2140800
1806080
1841088
1685824
2603328
2488064
1551168
1715328
1648896
1892416
1758336
2030144
2228160
1752448
1939520
1845632
1706176
1046976
1953088
2396864
1687744
2786048
1888576
1750208
1352128
1566592
1383808
1866752
1502336
1473088
1505856
1931584
1897728
1486016
1493312
1613248
2146496
1819712
1526016
1624960
1481088
1545152
1799872
1855488
1718976
1861056
2486912
1913472
1951488
1837760
2055104
1649024
1793856
2238592
1425088
2262400
2315712
2409152
1878144
1677568
1864256
1872064
2136128
1591232
1485568
1669952
1610944
1775616
1553984
1497088
1657024
1164800
1958528
1722688
1351744
1779904
1740096
1976128
1421824
1626432
1688640
1618496
1794368
1726976
1953664
1787008
1484928
1785664
1937920
1315264
1918272
1780096
1342656
2260160
1941056
1298496
1729664
2362560
1712320
1998336
1779328
2482240
2045440
1323584
1724608
1674176
1626624
1856512
2018752
2010304
1547136
1877248
1642304
1601152
1812096
1510912
1868480
1246720
1425088
1345664
1871168
1822144
1471040
1800256
1902080
1829440
1913792
1532224
1884096
1257792
1621632
1894016
1864832
1734336
1670912
1888896
1808192
2248064
1783872
1622208
2353472
2077376
1695872
1639552
1846784
2054976
2673728
2099968
1579136
1750656
2020928
1818368
1729408
2138816
1884224
2005696
1916224
1532480
2715200
1983104
2060224
1830976
1930752
1685568
1495360
1623360
1761408
1862848
1277952
1475840
1921280
1629632
2041600
1897728
1841472
1779072
1982528
1256896
1360064
1858752
1807232
1828224
1784832
1673408
1630528
2293056
1961408
1503168
2057664
2171456
1897728
1997952
2005952
1318144
1749504
2643520
1799744
1549312
1962560
2512064
1698944
1936128
1477120
1811328
2127232
1784128
2607360
2015040
2359552
1719232
1878464
1376704
1638336
1357376
1647040
1656704
1947264
1377792
1794624
2193024
2273088
1636992
1777216
1179264
1341504
1795328
1671488
2085632
2254784
1695488
1950848
2024896
1821952
1495808
1592128
2208576
2419584
1951808
2310080
1539072
2156096
2576000
1590144
1756032
1486976
1823680
1558016
2476864
1549824
2135552
1807296
2138688
1729344
2054080
1700992
1520896
1367552
1601280
1946560
1342848
2268224
1737728
2328064
1337792
1378240
1478208
1266048
1398336
1541888
1741568
1532864
1318656
2128256
1735680
1579520
1585152
1884288
1961344
1767296
1627584
1309120
1928512
1453568
1893248
2292160
1664000
1765568
2196352
2394560
1822400
2182016
1707648
1744768
1756096
1567360
1833408
1862848
1970944
1563008
1484672
1361408
1805952
1535872
1733568
1625408
1338240
1338048
1720256
1376512
1814016
1461440
2143424
1828992
1392000
1848192
1471552
1495936
1689600
2096768
2254912
2100672
2034944
1925568
2129152
2521280
1233664
1941184
1882304
1573184
1914048
1807936
1455360
1955520
1585600
2050176
2152128
1938112
1644800
1786688
1879936
2027456
1827456
1902848
1920192
1545344
1480320
1476672
2000512
2056512
1843008
1988864
2334464
1360192
2030080
1323008
1521216
1941184
2072768
1548032
1766528
2241728
2181568
1464064
2199488
1339072
1620288
1387968
1415808
1712384
1522112
1585728
1373632
1222016
1760896
1368192
1666368
1749952
2187904
1532608
1808384
2390016
1544832
1648960
1242432
1651328
1763136
1763712
2190720
2032320
1847488
1721024
1513536
1900352
1748864
1859968
1651072
2065984
1806144
1791232
1804096
1240384
1756864
1451840
1987520
1496256
1724800
1802880
1374336
1754112
1477184
2651200
2067904
1879296
1450240
1729664
2196544
1760320
2504064
1808768
1709632
1829120
1709504
1835904
1663296
2518464
1460288
2124096
2548736
1856256
1616768
1706240
1621056
1604544
1432064
1804608
1456576
1647232
1939648
1816320
1566400
2138688
1786880
1500736
1650880
1474432
1889152
2056192
1587520
2004416
1444160
1430272
1789952
1606720
1749312
1408768
1721280
2009920
1818816
1296192
1579648
1758144
1477120
1523968
1375808
1555008
1838912
1876160
1538496
2772160
1655040
2218944
1617920
1940736
1610112
1578368
1621184
1633536
1378048
1459584
1593920
1738048
2028672
1697600
1573056
2284480
1753728
1509312
2272640
1772992
1508224
1562368
1565376
2054400
1262336
1660992
1373056
2136832
1489152
2062720
1508992
1957888
1175232
1949440
1665024
1666688
1861760
1763712
1493696
1903040
1511488
1809216
1739520
1457216
1556480
1745856
1932160
1811328
1991104
2164928
1845504
1525696
1779776
1894336
2259840
1966848
1523392
1873792
1982208
1170432
2672448
1659072
2679552
2578752
1898112
2248640
1764608
2687872
2111744
1755456
2794176
2260352
1698432
1940288
1801152
2092352
1493120
2415232
1675968
1493632
1550528
1856448
1506816
1885312
1604608
1325696
1669376
2108480
2390528
2014976
2072960
2816128
1706496
2768896
2002304
1853568
1369216
2535808
1856256
1620352
2077056
1653760
2336128
1938496
1274560
1605120
2722560
2191680
2031616
2299200
1876736
2330304
1999744
2653952
2329216
1761920
2245440
1791424
2174208
1957568
2305088
1851456
1798272
1805952
2142336
2181888
2297344
2435136
1669376
2016832
1729472
1757056
2121408
2031552
1697408
1663808
1501632
1390784
1650880
1812096
1465600
2219712
2148928
1616896
1539520
2007680
2309184
1802112
1983168
1442816
1535360
1892224
2011520
1711488
1926592
1711168
2122112
2217024
1936064
1951424
1809728
1762048
2040704
1875520
2029184
1862848
1908864
2164608
2030272
1993344
2032512
1784704
1743360
2108800
2196736
1503936
2095552
2023424
1971712
1647808
2062592
1566720
2046528
1417856
1505472
1485760
1989184
1854720
2128576
1802048
1499776
1661312
1786304
2199424
2334400
2439744
1840064
1653184
1667520
1700800
2203968
1505664
1661760
2236864
1981568
2321152
1584000
2122496
2340992
1796544
1552768
1543808
1870528
1689280
1872640
1696000
2080000
1799616
2056640
1230144
1529664
2442880
2070720
1243648
1554624
1735168
1777216
1838656
1606464
1850816
1423040
1663680
1832512
1555520
1957440
1451392
1234496
2276608
1560448
1508992
1487744
1823232
2465600
1785728
1949888
1948672
2030336
1821632
1836480
2210304
2021568
2062848
2386752
1928128
1822912
2385728
2033408
2439936
2074752
2125568
1972992
1684928
2098496
1933760
1973440
2577856
2315328
1774976
2287808
1579776
1702208
2189376
1646976
2301760
1733248
2154048
2282560
1913984
1762816
1328192
2439360
1980928
1597888
1872192
1413248
1780992
1969728
1871424
1942848
1683648
1667520
1648704
1922688
1663360
1766208
1652480
1908224
1624768
2160192
1859456
2145920
2126912
1558592
1823744
1713920
1977920
2398336
2074752
1696128
2155840
2320960
1707328
1627328
2232128
1892864
1582656
1476736
1984320
1706496
1572800
1750784
1734336
1913408
1550528
2402432
1651840
2037120
1438720
1408640
1628928
1810752
1736704
2172608
2565184
2184768
1445440
2235264
1693376
2358016
2045440
1421760
2027648
2421312
1914112
1266816
2297024
1993344
1765312
1982592
1813952
1771776
1948224
2473024
1665344
1822592
1881280
1333312
2369664
1968640
2172096
1985472
1864896
2153728
2404736
1619328
2513984
1675136
1577280
2065280
1460608
1523904
1731968
1264384
2723456
1793920
1625472
2518720
2201600
1700928
2049088
1569472
1894336
1901888
1675904
1889920
2420672
1682816
1656832
2189888
2420096
1723328
2288320
1996800
1923712
1777984
2460928
1697216
2130816
1453184
1989120
2386560
2137536
1717248
1755264
1794816
2627776
2162624
2214144
1793344
2004928
2090880
2186176
1424768
1413504
1423424
1875776
1543168
1287168
2192320
1599168
1507136
1498752
1751296
1645568
2284672
1655744
1828416
2068608
1758336
1661248
1854144
2088896
2493568
1635328
1798720
1676544
1333184
1623552
1760512
1791232
1659968
2150720
2094400
1751680
2121408
1424832
1794304
1627904
1409600
1877696
1787456
1704000
1685952
1374464
1639040
1357888
2103104
2023104
1261248
1855488
2008448
1556096
1526912
1271616
1458560
1760384
1510720
2144704
1416320
1541760
2005824
1331968
1408704
1451648
1673856
1487680
1764288
1688384
1949952
2131392
1881408
2987264
1905600
1716160
1483648
2062080
1469760
1678272
1782208
1938688
2220160
2982784
1862336
2443136
2159424
1584960
1250176
2040512
2242304
2098304
1846592
2236736
2609472
2411200
1704192
2701696
2136512
2279040
2044224
1521280
1520512
1923008
1921920
2038464
3139328
1540096
1259648
1784768
2011776
2000896
3041280
1806784
1837184
2319680
2293248
1929664
2300096
2265792
1774976
2435264
2612992
1504000
2106880
1357056
1806016
1658304
2332736
1898816
1693504
2433600
1719424
2279168
2212288
1484224
1995712
1978752
1495744
2611008
1969280
2485184
2069888
1940864
2102016
2206912
2118528
1406464
3227712
2055616
1911232
2358592
1373568
1743232
1410752
1736960
1974272
1769920
1835904
2282304
2200704
1657216
1877888
1603648
2233344
2009792
1972544
2256384
1661248
2068096
1421440
1781824
1722752
2146624
1833024
2378432
1730368
1675200
1444928
1940352
1601152
1855168
2541120
1547456
1982272
1832512
2596800
2305856
1585152
2165888
2116864
1333760
1386368
1556608
1846144
1397760
1683712
1190080
1714048
1737216
1466240
1827712
1960448
1423104
1740736
1531904
2227392
1351872
1854528
2204672
1906368
1803456
1613568
1564224
2469952
1667008
2133632
1854656
1720128
1572992
1620736
1701440
1988288
1877568
2290304
1942464
2192192
1657088
1983040
2348480
3111552
1567936
1911424
1722176
2693696
1541120
1542464
1406144
1933440
2059840
1550848
2476096
2388096
1527872
1740736
2463296
2129664
2816512
1626816
1969792
2478912
1679808
1087552
2312384
1800064
2112320
1799744
2476224
2187200
1971072
2268224
1825088
1432768
1948672
2030912
1749248
1714368
1687552
2089600
2079424
2740416
1944896
2029760
2559424
1930304
2242944
1471104
1974784
1834432
1563264
1602176
1566464
2061888
2358080
1617536
1631168
1369408
2003456
1686016
2213952
1699328
2104832
1752128
1757632
1771456
1726848
2006016
2164800
1667136
1570176
1665984
2089152
1677760
1283328
1471616
1392384
1814016
1918144
1976128
2491520
2037376
1502144
1964608
1327040
2114304
1660928
1749184
1611136
1454592
1574592
1891968
910784
2371008
1887872
1631744
2349312
1951872
2041600
2089600
1714240
2662208
1949952
1747840
2124224
1578368
1905024
1632704
1574784
1597056
1757568
1846976
1320704
1764800
2049216
1652096
1133376
1294464
1171776
1492608
1894400
1033344
1699136
1752640
1508992
1369920
2046528
1428672
1698688
1530112
1619968
1701632
2323776
1602624
1580864
1683328
1868416
1347136
2276032
1706752
1998912
1749440
2007744
1789504
2313088
1438976
1403648
2158080
1892096
1431104
2354944
2565952
2400832
1537920
1999232
1880960
1991104
2105920
1109120
1792576
1915584
1899520
1687744
2406336
1662528
1801216
2690112
1544512
1905344
1719232
1846464
2233216
2210176
2078080
2153024
2623552
1610688
2583168
2034368
2357120
2145088
1530112
2114176
1875520
2185344
1816960
1936064
2064256
2071936
2558848
1969280
1621056
2719424
1724736
1755392
1783872
2218112
2981888
1453760
1781248
1880576
2041024
2384512
1695104
2121216
1617600
1720384
1249088
1793152
1841408
1771968
1807168
1812096
2440896
1865216
1993984
2378240
1847040
2004736
1657856
1408320
1600320
1804096
1654784
1685888
2204736
1391232
1883200
1899008
2140800
2168832
2506048
1673152
2056192
1986496
1680256
2224896
1548032
1662848
1755072
2652864
2773760
2093056
2633280
2121920
2074496
2122816
2547136
1421312
1930816
2105280
2244544
2243072
1836032
2024896
2231488
2415808
2968896
2349952
2848064
1961536
1971456
1534976
2291392
2093376
2644544
2382592
3260416
1945536
2491200
2075072
1864512
2311360
2442368
1610304
1653184
2183872
1952256
1723328
2116224
2812992
2307200
2280512
1863680
2213312
1911936
1856960
1995904
1882752
1818496
1830976
2003648
2410944
1801152
2287296
2141760
1923712
2008448
1896448
2049920
2232704
1872704
1886912
1242368
1962496
1652032
2015744
1329728
1763136
1568256
1970112
1526720
1320256
1480512
1467712
2098240
2333888
1771712
1722176
1719488
1598528
1878272
1993664
1512320
1918464
1688896
1953792
1595712
1985344
2467968
2004928
2140352
1844736
1341760
1866432
2206272
1670912
1748800
2379456
2284608
2130368
1872704
1507840
1616896
2017600
1635904
2298816
1934912
1663616
2014016
1648256
1763008
1550592
1694784
1903104
2236992
1316032
1775360
2474432
2124480
1989568
2346624
1789120
1752192
1981312
2047424
2748736
1821376
1832768
1462016
1234560
2135232
1786048
1787392
2500288
2844224
2875008
1888064
1968576
1672960
2332736
1838208
2064704
1659648
2093824
2153344
2444928
2125056
3033856
2183616
2195648
2196160
1756288
1905280
3014144
2324608
1994944
2223808
1985280
2084224
1749376
1424832
1871616
2217728
1616064
1760704
2002880
3314368
1869568
2270592
1671040
2140992
2298368
2474368
1805184
2354176
1921472
2431552
1694528
1996672
1601472
1709824
1368960
1479360
2063488
1978112
1650368
1860032
1591296
1833216
1918336
1801472
1362048
1221120
1184064
2241664
1943360
1828288
1497536
1894144
1904640
1268608
1946112
2410048
1515456
1922752
1658752
1451648
1934080
1816640
1531136
1980736
1698944
1798464
1427968
2083904
1451904
1331456
2303872
1553984
1528512
1493824
1528960
2001280
1397120
1923456
1401344
1701312
1588160
1827712
2287744
1545664
2123648
1913792
1522304
1878912
2010240
1796480
1413952
2578240
2042624
1813312
1764864
1973184
1667328
2547584
2782528
2468224
3244160
2260736
1931264
1870976
1860096
1902656
1991680
2393088
1556352
2569408
2136192
2113984
2060160
2230016
1519808
1648832
2710208
2227200
2220864
3269440
2031680
1895168
2545984
2478976
2192320
2038016
1765760
2156224
2290304
2283392
1825664
2076672
1897280
3139072
2636416
1461696
1957824
1907136
2266368
2362240
1632448
2229952
2088128
2200064
1820160
1715584
1228800
1808256
1706688
1905920
1860096
1933504
2047872
1890624
1772480
1842112
1523520
1231360
1654400
1458048
1922688
2268160
2168384
1629376
1414464
1749248
1270400
1969728
2116800
1695936
1790656
1404224
1369856
1526656
1274240
1354112
2337344
1372864
1857280
2287104
1795712
1641024
1730048
1469312
1833152
1302080
1855808
1401856
1409984
1472128
1881472
1363008
1552832
1408512
1316352
1331520
2099328
1565824
1734016
2005632
1779136
2050048
1841216
1962816
1588608
1592064
1336512
2878912
1418240
1397376
1849408
1622848
1441536
1401920
1864064
1890304
1458880
1438720
1330112
1388736
1748864
1766784
1719936
1825088
1605888
1388928
2243904
1998208
2047680
1544832
1979072
1742400
1389696
1430528
2190144
1292224
2340992
2356544
1594752
1462720
1479936
1799616
1614272
1437760
1961280
2635904
1498304
2019904
2092992
2358656
1700800
1494656
2223360
1448896
1373376
1646848
1742720
1800640
1365056
1930624
1310656
1478272
2069248
1869440
2139328
1666432
1555904
1320512
1754880
1804928
1707008
2028928
1797568
1549376
2151296
1915648
1376832
2233344
2131200
1750336
1644992
2452416
1481920
1978496
2080128
2550848
2208384
2203008
2165824
2101632
2761408
2351424
2217280
1325568
2401216
1518464
1965504
2159296
2515968
1762432
3297472
2443520
1764288
1840576
1667328
1741760
2546112
2956416
2332480
1675072
2036096
2189888
1852736
2026176
2239808
1892672
2394944
2169024
1775872
2160256
2193600
1924480
2034176
2213760
2189504
2013120
1724544
3301184
2551680
2198848
1871360
1871936
2269568
2293568
2263680
2342400
1804416
1748480
2352640
1794048
2155520
1956544
2466752
2471488
2207936
2175872
1445952
2302592
1291392
1946112
2116224
1787712
1937664
1615296
2195968
1931520
1931648
2024192
2345152
2032960
1822528
2238528
1779392
1909632
1389376
2104512
2192640
1952192
1472576
1941184
2850560
2378240
1996288
2248640
1464448
2254400
1389120
2598848
1876928
2262912
1888512
2437760
1470208
1930496
1884096
2267776
1849344
2112064
2335488
2573568
1941952
2049472
2576384
2071168
2094080
1783360
1693760
2096576
1602112
2231168
1684864
1419264
1679744
1804416
1880064
1723968
1865408
2098688
1816192
1828864
2649728
1460736
2179648
1644992
1712448
1934144
2136192
1830080
1881856
2161984
1943552
2290240
1680768
1951488
2396032
1855616
1947520
1194048
1883264
2378176
2522944
2130752
2152576
1877376
1779840
2078336
1480576
1903296
2111680
2564096
1751488
2086336
1473472
2006976
1877312
1363072
2373120
1831872
2196736
1978816
1536320
1484672
1575936
1648384
1760640
2106944
1829120
1669568
1185792
1315328
1690816
1608832
2157760
1920768
1852032
2051840
2212160
1288640
1706368
1556288
1791552
1663936
1727232
1841344
1895872
1656640
2094528
1448256
1908032
1527040
1421952
1771392
1740736
1596544
1675648
2148864
1626048
1087744
2021696
1451072
1308480
1991488
1753280
2301440
1715776
2231552
1796992
1481280
1601024
1416320
2427008
2431104
1656320
1648704
2117760
2047104
1762944
1868160
2269888
1109184
1664512
1865536
1644992
1609280
2001728
1688960
2580672
2267072
2007424
2186304
2191488
2165376
2382784
1911808
2349312
2359040
2083264
2136576
3342720
2808000
2107328
1810688
2122688
2001152
1858304
1829248
2088576
2400960
2082880
1895744
2534528
1647872
1719296
2218880
1631424
3015680
1717440
1506944
1675904
2108160
2089280
2163008
1634112
2638208
1760320
1626752
1706816
2083008
2176832
2176512
1880768
2177024
2136576
2488448
2308224
2433408
2178688
1705280
2016768
1539264
1940992
1495488
1959936
2224576
2089536
1602496
2383936
2387136
1717440
2426752
2161792
1555712
2042624
2450048
1936000
1851328
1787264
1865984
1744448
2032064
1751168
1707584
2253504
1505856
1746624
1887808
2653184
2087104
2780480
1833344
2404480
1867072
2086400
2286080
2461120
1586688
2193216
2142016
2281728
2538752
2326656
2391232
1676672
1667200
1849088
2868608
2376640
2539840
3147520
1979200
1662016
2431296
2155840
1910528
2455616
2324672
2223168
1501120
2204800
2049472
1649472
2582784
2432576
1897664
2467136
1434880
2564032
1931392
2398080
1765824
1791168
2130048
2536512
1955776
2160576
1188864
1974144
1697344
2404416
1865600
1775616
1932608
2382784
1742848
1493248
2304000
1829440
1747264
1558720
2021248
1795776
1637184
1548288
2052928
1787328
1913792
1774336
1551360
1942592
2978688
2044096
2532288
1994816
2075200
2412928
1437696
1814592
2023488
1865152
1593664
2558784
1942016
1844544
2119360
2559040
1646784
1606272
1336512
1788032
1780928
1570944
2097536
2391808
1805504
1688064
1873856
1168448
1609344
1470784
1877120
2118272
1746944
1933568
1831104
1774656
1696640
1339904
1544704
1869184
1664000
1363776
1539584
1510464
1893568
1527744
1767360
1530240
1940096
2671936
2248448
2158976
2460544
2160448
2073792
1665088
2406208
1936640
2674624
2696576
1658432
2220864
1611392
1596864
2124096
1797632
1175680
2103168
2319040
1883072
2366720
2063040
2240768
2309312
1886528
2399744
2718464
2035648
2471168
1495040
1995136
2256448
2405888
2072960
2253824
2095040
2447360
1508288
2462144
1974720
2124672
2749824
2212864
1795136
1761024
2564672
2929600
1903488
2193920
2431104
2397440
2147264
2665920
2358656
2122816
1985600
1883840
1834816
2254080
1661184
2076608
2129472
1950208
1534528
2130560
1822720
1862336
2430144
2073728
1959232
2307456
2127104
1994560
2320192
1692800
2034240
1501440
1865856
2021632
1974720
2455104
2324928
1997120
2193024
1688256
1655040
1093312
2346112
2017216
2632704
2164352
2085696
2558912
1872320
1662144
1721792
1650816
2791616
1710592
2639168
1726592
2052928
1946304
2180416
1551680
2147392
2903360
1639424
1707008
2131776
1926720
1656960
2084800
2163072
2472384
2138944
1704192
1743232
1703040
1923392
1907264
1451392
1273280
1886336
1590464
2070656
1861312
1721728
1784704
1791488
1404544
1309440
1926592
1726976
1524608
2283648
1811584
2030144
2831744
1671296
1774336
2427712
1654144
1781312
2228288
1702848
1955456
2422528
1874304
1861952
2208512
2467072
2233984
1865536
2204608
1899584
1902848
1684416
2200000
1830976
2092224
1405888
1792064
1949312
1718400
1795520
1624192
1338944
2270400
1781568
1493696
1816576
1588672
1916608
2202112
1500352
2394752
1677760
1831424
1594688
2144640
1606528
2729344
2377536
3139648
2394752
2453248
2143040
2389184
1790144
2448000
2231040
1621504
2452480
2203008
2145280
1782016
1648320
1717504
2609536
2981184
1986944
2499712
2833344
2493568
1817216
1934976
2051264
1705856
2705408
1826688
1509568
2480320
1968256
1779840
2032384
1671104
3531264
2002432
1925248
2047488
1271424
2192192
2206336
2482624
2741376
1822656
1923264
1851840
1712896
1878016
2075968
2020224
1761280
2089600
1629504
1749952
1209024
1997824
2294976
2022016
2567680
2242560
1923904
2190208
1569984
2307328
2146816
2095168
2219968
2211008
1744704
1858496
1634112
2246080
2046848
1808128
1980800
2249216
1715520
2156608
1697472
1646848
1991360
2020608
1782016
1898880
1550528
1688448
1928000
1894080
1855488
1629312
1642880
2102144
1988672
1998400
2075776
1831744
1464832
2235136
1543360
1772544
1387968
1778240
1322560
2127168
2695808
1661888
1718912
1650432
2080832
1510912
2357440
2110592
2032000
2472448
1725568
1932032
1208384
1998976
1316352
1529920
3260928
1929984
2488640
1981440
1535936
1381632
2023488
2046272
1842688
2372224
1979008
1555456
2392000
2195200
1750272
1968320
2288832
1896320
1534528
2048576
2268288
2377600
2163264
2130560
2127744
1927360
1763840
1735936
1746752
2298688
1347328
1776640
1860096
2115968
2166720
1876352
1519360
2271296
2263424
1831808
3052544
1878528
1719040
2329216
2571200
2762560
2214144
1588672
2097856
1523072
1403648
1811200
1970176
1968768
2206592
1377600
2031168
1363328
1429184
2052480
1565056
1727616
1851456
2077056
1675584
1832320
1622656
2753920
2005120
1927808
1958656
2065216
1729472
1665664
2479168
1936960
1645632
1983488
1973056
2565120
1645504
2678144
2021888
2220032
2523200
2130112
1724928
2230464
2545600
1866432
1652800
1494144
1840640
2069312
1257280
1214080
1886848
2299392
1915840
1648576
1450496
1598912
1914624
2600128
1969088
1865344
2143552
1535744
2223680
1725056
1340160
2093760
1821248
1413888
1988736
1718272
1785216
1517120
1988672
2786368
2163776
1868416
1776192
1610432
1648000
2155712
1757760
1363200
1932608
1874048
1722816
1986176
2463808
2604352
2852928
2313088
2225856
1849408
1830784
1587072
1764608
2070336
1914752
1624064
1113344
1880832
2377728
1807680
1578688
1281728
1253824
1537984
1179392
1769728
1912192
1863872
2220992
2099712
2054208
1569792
2046656
2033536
1644672
1538880
2059584
1956160
1438720
1926144
2114304
2227008
2370240
1868544
1657856
1850816
2593792
2581824
2399168
1764480
2072192
1494592
1309376
1879680
1655936
1987200
2270400
2091264
1692672
2643200
1802304
2008064
2070656
1706496
1600576
2120960
2197248
1839104
1827904
1633600
1541120
1931328
2398080
2185536
1853952
1399168
2371136
1887488
2310464
1560576
1969088
1877632
1578048
1989184
2186368
2004480
1233728
1718912
1800704
1794496
1788608
1789952
1404480
1494976
1902464
2199040
1590208
1706304
2332096
1804224
1859648
1483968
1897920
2189440
1822080
1938368
2011328
2339392
1604480
2053376
2017920
1664576
1385344
1588224
2088768
1917056
1593664
1559168
1699136
1773696
1688960
1994880
1674752
2117696
1794752
2319360
1519680
2338112
1865408
2241856
2061696
1604608
1499392
1657088
1498944
2357184
2775872
1912128
1797696
2294464
2067328
1606336
2021504
2082432
1595200
2053632
2726528
2457600
2269376
1749184
2144192
1511040
1654016
2076928
1594112
1723200
1690304
1611136
1702464
1860224
2393856
1610816
1875200
1904192
1324928
2054784
1548544
1542336
1844736
1255808
1903040
1228928
1966336
1842304
1915712
2034816
1510272
1766784
1792576
1874816
1613888
1776576
1451136
1863424
1595840
2045632
1465536
1163584
1891392
1775808
1684032
1446464
1974848
1411584
1682816
1707456
1768384
2473920
1750976
1670464
1347712
2051520
1604416
1680832
1744512
1545408
2402624
1728896
1393536
1637632
1401664
1821952
2491328
2994624
2260608
3250368
2253120
1956032
2465856
1991104
2069376
2029248
2229056
1547520
2013696
1641600
2625728
1903936
2291072
2903744
2639744
3238464
2177728
2551424
2382720
2542784
2869440
2153920
2624384
1971136
2316608
2343232
2125184
3440320
2327872
2095616
2031040
2015744
2592128
2298816
1920960
1922432
2103616
2611264
1738048
1559680
2077376
1364480
1414848
1616832
1912576
2607680
2310272
2525760
2138432
1942848
1962752
1931200
1764800
2057216
2736832
1485184
1718272
1766528
2099648
2198272
2561344
1742208
2019648
2055104
1598400
1713856
2337152
2072064
1821696
1630976
1683904
2954368
1707968
1860736
2974848
2106560
1610944
1974848
2686976
2146880
2110336
1934080
2060672
2125376
1438528
1515776
1900544
1229824
1806272
1812224
2457344
1516800
1426240
3121472
1363584
1844864
1635968
1913920
1785408
1704192
1539840
2004160
2090688
2106944
2493952
2109376
1584320
2298688
2366400
1781760
1851008
2093376
1929792
3551744
2446592
2421376
2288768
1846848
1928960
1663616
1767104
1604608
2634816
2256896
2433088
1923392
2013504
3371264
2025472
2727360
2582912
2057152
2047232
2103296
2104000
2376704
2327936
2333376
2081536
2250304
1945664
2740480
1878528
1823424
1946048
2380992
2832128
2429376
2020416
1769728
2123456
2891008
2772864
1852480
1449280
1923136
1980736
1758784
1953152
2082816
2148096
2702080
2528064
2564224
2313344
2034752
1945344
2021888
2171520
2295616
2316416
2234944
1928832
1847360
4232320
3198976
2519936
2406464
3547008
2184512
2147776
3166016
2150080
2611776
2096512
1779840
2752704
2343104
1770688
1782400
2120640
2295552
2219456
1686016
1878400
2381120
2537472
1714752
1735488
2468416
2184064
1373760
2011328
1649088
1479168
1828992
1919232
2000384
1991936
1761856
1259328
2302144
1796672
2077312
1664640
1813696
2556032
1944000
2034496
1548096
2200832
2235200
2212672
2071040
2125952
2277632
2516352
1716096
1843072
1803136
2556864
2281280
1583936
1529280
2332800
1873600
1882880
1768896
1677440
1781632
1616512
2183872
1784832
1890496
2122688
2070784
1595648
1607936
1570176
1885376
1569088
1333376
1549504
2029440
1927936
2371840
2319104
1437824
1854208
2791872
1911872
1761280
2289856
2199488
1534144
2091392
1869056
2182272
1910144
2537088
2358464
1219136
1490624
2248896
1907008
2028864
1940608
2185344
1902464
1464128
1359552
1992192
1421440
1696064
2633472
2777920
2033216
1668288
2236416
1937920
2107584
1918976
1300928
1976576
2597056
1692544
1997312
2691200
1975488
2004608
2200128
1787200
1446528
2088960
2080896
1749632
2178112
1972992
1976768
1664896
1612032
2549696
2450240
1707200
2444672
3289152
1766208
1834816
2317568
1992576
2047104
1623232
1526720
1797056
2092608
1814464
1570432
1806592
1864768
1805760
2109248
1397568
2340096
1629440
1953664
1864704
1825344
1688000
2111872
1440704
1679104
1884288
1469376
1850688
2184896
2228224
2432576
2001728
1460736
2078528
2053824
2104000
2465920
1618432
1960000
1590848
1850496
2633216
1775744
1960576
1894528
2340480
2212864
2176192
2076288
2252032
1721280
2543936
2284992
2161408
1313536
1849856
2698112
2626752
2220416
2261888
1672512
2040576
1858752
1570368
1770432
3360192
1914304
1958400
2171008
1695872
2432064
2347072
2115968
1965696
2955072
1708224
1746112
2099904
2008640
2110720
2393856
2070464
1769728
1809536
2313984
1968832
2055552
2034688
2377472
2087936
2094848
2438144
2645248
1937536
2346176
1625664
1702720
1704960
2237440
2127040
1971648
1726976
2671872
2141440
1532672
2464512
2057216
1859968
1907008
1634816
1669056
1459520
2603328
1462528
1508672
2492160
1883840
1801728
2244800
1983296
1931264
1233664
1081152
2850368
1317184
1540416
990208
1709824
1804416
2349952
1575232
1874496
1886400
1122880
1743680
1653568
1617024
1601472
1671104
1435840
1932864
1255680
1691072
1530304
1734912
1558656
1700160
1617536
1652992
2248896
2071424
1580800
1333504
1523520
1463936
1482496
1854400
2220992
2261184
1387648
1616256
1726080
2578944
1367424
1246912
1830720
2037120
1785600
2238592
1986944
2015680
2178496
2157696
1788032
1379904
2176192
2120320
1868416
1754752
1514752
2288576
2704704
2561344
2398784
2020416
1842048
1437824
1695808
1856576
2516800
1870912
2322240
2252672
1716864
1995776
1504576
1412416
1792064
2338816
1768128
1404992
1360640
1683456
1798336
1483712
1773952
1695168
1396864
2176256
2323456
1954944
1872128
1785728
2546432
1788032
1826880
1457536
1813696
1531648
2169088
1736064
1434944
1872960
2270912
1930176
3103104
2267520
1839808
1416896
1797440
1471232
2227328
2012032
1987392
2111616
2045568
1851584
2332672
2366336
2197824
1953088
1665088
1872960
2823680
2479552
1936832
2069056
1717696
1543872
1776128
1705024
2533056
2421568
2781376
2434496
2196416
2061824
2358144
2227712
1976448
2765696
2201728
2019328
2456192
1950400
2157056
2083072
3202880
2091840
2459136
1347520
2188096
2112448
2449984
2318016
1763520
3108352
2440896
1648192
2254144
2527680
2512512
2448768
2175744
2026368
2014912
1409728
1992576
2060160
2155456
2421696
2336448
2077248
1870848
1554432
2162368
1680000
1791808
1620544
1116928
1721792
1717248
2090496
1832896
1684864
1567744
1746176
1615488
1926784
1744768
2597312
1498944
1540288
1424960
2070592
1782528
1536192
2375744
1561920
1830016
2272256
2262848
1720640
1666240
2262848
1764352
1767872
2144192
1459008
2030592
2806528
2572352
977344
1691328
2426048
2658944
1982016
2168448
2039424
2515136
2244800
1437632
1643520
1575232
1705408
1684096
1124672
1507008
1902912
2061568
2138432
1412288
1993600
1674112
1765568
1870976
1586560
1985216
1768896
1471168
1776448
1287936
1400896
1711232
1746304
1813568
1669632
2003264
1498112
1629824
1915520
2269632
1432448
1814720
2667968
2334592
1891328
2099520
2109184
1747008
1569408
1809472
2357440
2161472
1978688
3037376
2479680
2036032
2578496
2061120
2363136
1969984
2307520
1642304
1892032
2023104
2376192
1987136
1998656
1984640
2860352
2392896
1887360
1755072
2308032
1899904
1722432
1090880
1808320
2012416
1471680
1215872
1827072
1517824
1885632
1074880
1104512
1026560
1053312
1097024
857984
1612992
1185984
1638016
1056960
1197952
1294848
1174976
1106816
1522048
1392768
1439680
780544
1060544
758336
992000
913024
790272
636672
844928
922368
676928
1571840
1010304
884032
453568
966528
814336
882368
828608
663616
855488
699392
838144
1182336
801216
1275968
868096
515264
835584
815680
857728
699392
747648
650560
565952
887744
701568
765504
624960
521920
752896
773888
787456
447488
702144
800768
429632
567360
734080
608768
627072
1241664
504640
849408
262272
809152
973824
352896
949504
768448
598208
1392704
421312
399488
574592
454720
694592
603264
903744
585216
484544
536000
518848
417088
496960
412672
574464
594496
733504
523072
452864
220416
458496
708608
375104
826560
740352
623872
373632
341120
384384
627456
478464
738624
545600
311040
462080
648256
389056
538560
288320
602624
593600
329856
414464
313408
679104
416576
646528
392960
575936
486080
445120
503168
617600
357760
630208
292992
501696
279360
471104
527744
349312
550016
540992
749376
461056
589312
342080
455936
444096
1052096
494208
239744
323904
394368
562368
364480
445824
752832
707008
428928
740096
655104
201472
402176
687104
407680
528448
405056
532416
784640
353408
881920
671168
685376
464256
309248
269888
490048
544320
624384
297792
546496
560640
488832
494720
366528
440960
395904
267968
251136
408320
452416
706688
492160
351040
612736
500160
328960
562752
308672
531328
396032
289600
485056
434688
492160
339008
452288
582848
521088
305216
208960
681344
375488
238208
430272
807680
345536
711424
329536
380160
346816
674048
607424
713344
646848
275008
321664
448256
512640
458112
157248
582080
403776
794496
416896
516544
546816
356096
554304
291200
408448
211328
419648
605952
338496
304768
210944
219840
333696
254528
411648
574016
239552
401600
545152
456000
350784
232704
633984
472448
230208
291136
360576
249728
171328
281408
170368
259520
137728
296640
381888
658944
262848
115136
223488
155904
222528
138496
206720
239360
344832
355968
390720
253248
291520
270080
199232
428608
506240
426048
369344
327872
228352
330624
552384
394624
527360
345664
325184
187840
457856
583488
777536
115456
365952
799616
246208
434880
422848
303104
479360
199872
148928
543104
503936
329152
291520
470528
282880
334400
148096
153536
352832
243456
127040
129856
377728
355968
165056
345344
535744
265152
494400
292800
693376
247680
332160
207040
88192
613696
288512
320640
414400
170624
329216
505984
208384
249792
211776
119424
476736
384640
172608
168064
469760
199936
359104
415168
495936
658560
229504
308032
366784
54272
231424
247936
418496
442688
220992
133376
251264
406848
349376
245120
178240
151232
172096
508736
415552
372224
413312
372864
537216
277120
220096
220864
262976
510400
371776
210624
207104
106752
284224
113856
275392
510976
238912
167040
319552
120768
405248
500992
186624
504768
178880
181120
209664
602176
192000
346752
90624
204224
528320
401344
193088
137792
281984
392384
454720
251264
246656
480128
1042432
304768
171392
373824
98176
347712
243840
317184
188288
244352
559552
291520
232256
55488
543104
179712
220096
131520
242112
187648
620736
172608
410368
258624
341184
227776
246464
284608
148224
599424
353856
186304
260544
351616
73408
423424
107200
262080
251904
355712
56640
131456
144448
273024
311104
503616
311680
180992
51968
433408
94848
436800
122048
425920
177472
303808
256256
462144
206336
267072
34240
133696
362816
346496
169664
676800
174272
263552
283904
284928
445184
273920
358464
116416
326464
207232
217792
323456
398080
300224
113536
203648
254016
344448
179776
212288
219520
240320
278976
255808
179648
372928
512640
241536
180544
451392
142784
644480
166208
248320
277568
121856
168064
248512
292480
384000
532480
167040
68672
363392
220352
459264
386688
366400
163456
156672
263808
167232
204416
686400
267840
416512
62464
285888
224640
94976
343424
98176
168704
341440
123392
312704
426496
110656
329792
406912
426816
91008
124288
583552
447936
173632
107456
62144
130880
87488
307328
230912
192320
501184
116992
211328
817280
117568
393344
228928
270720
361408
123008
305600
289472
132544
333824
153856
267200
137984
116480
198784
483968
272064
209984
233408
119744
519296
512704
259136
177472
194688
170688
274176
118208
255808
149632
286592
272000
124352
538688
51520
684736
126720
139520
403072
170048
764672
153856
97664
489088
409536
117056
103424
171392
222016
48960
385920
73152
295296
285824
77696
97152
134400
298048
554496
143744
330624
128128
125952
97600
74944
174528
83840
261248
361536
144256
391488
450752
210112
154112
805056
383232
216640
363136
536832
131840
256064
177728
864832
218560
484608
111936
136320
195456
303616
93120
699136
95296
323392
265728
248000
126400
318016
178560
76480
202048
82944
410496
514496
331456
234240
273536
521664
131392
624576
208128
248768
160576
139584
336128
85696
112704
194112
381632
176896
128320
379840
95488
85504
63040
230528
414080
226496
121344
368832
521472
37184
206016
397056
71104
138944
221568
139200
246272
201152
369344
352960
374144
57472
364416
100928
470912
68096
260736
284288
522304
247168
355200
61568
109312
294208
614784
493888
163776
35584
476672
267712
312128
75200
293504
250112
64576
122176
255040
161408
180992
166848
123520
225408
471552
38144
321024
44032
641536
72000
54208
292736
373120
371136
141504
448640
296448
59136
225472
56832
59392
71616
56000
169152
175296
457472
167296
142336
549504
303552
154368
185792
85824
55104
419008
389504
55872
231488
287104
64448
42048
31616
145216
109760
91968
77184
388288
91008
211264
51200
57280
176704
116544
233984
142272
317056
272128
275136
224832
126400
321024
473984
549888
90432
164288
238272
203648
19456
117248
43328
117824
99008
232320
479744
127104
111488
44288
122816
332032
25920
150016
461760
400640
25792
193664
232960
215040
127232
92032
129728
290816
95040
193792
284032
302144
72768
94400
99840
181248
111872
528320
176960
302592
493184
116608
264704
198336
32704
59712
251520
552128
390720
93248
202112
122496
56448
352064
33216
24192
431808
616000
107008
215680
111040
216448
656704
252224
524928
212288
251648
141248
457024
298176
62400
57216
136128
416128
154944
304192
166400
444992
122240
305920
193472
99712
300480
296576
119360
383872
95744
56384
214016
56128
49792
181312
114880
463040
147008
167168
259264
154624
26624
368960
244800
268032
67776
121024
73152
611520
207360
166528
72512
82304
82880
254336
219712
107776
131200
164672
47488
208960
716864
352832
83264
258944
170880
184448
324352
558080
112512
40256
120448
72000
60672
48064
380672
41280
152576
190784
203648
101184
230080
123136
267776
80960
23296
238272
102592
297088
88320
109120
173440
85696
221056
126720
264832
92288
264000
87552
181376
390528
347520
262464
141504
601728
261824
190208
152704
574976
157760
116352
24704
50496
103488
57088
94720
22464
143936
441024
104704
305408
313152
316224
98880
416256
356032
85248
408832
285312
42112
94848
252416
49856
22144
183360
47872
257664
289536
197632
429568
35584
88064
184256
258240
74752
126528
59904
118528
433024
273024
142528
90880
164800
95808
361408
306752
98048
440000
232000
78272
340032
77312
271424
283008
336512
206976
28672
34752
261504
163648
188864
187072
196480
395584
83648
244160
63616
52672
29120
226368
309376
100416
243840
207168
88384
77184
415040
39680
37824
895360
233280
353472
335296
80064
326976
294336
105408
560704
136192
185792
229888
428288
342528
360448
60608
49472
193152
37824
137920
95552
28736
97984
76224
306688
120000
211840
70848
92608
64448
122880
27008
73408
252032
310528
295360
151168
77952
313024
144960
55680
621504
542208
496064
89536
263808
562752
284672
365952
21632
254208
309504
65600
55936
99520
121984
66176
193408
403072
176832
78528
62336
266624
108096
49152
173504
92928
59712
99392
42560
50624
74304
173440
642496
275776
115200
297856
300032
48384
239552
33280
159936
422720
52224
50496
147008
448064
66560
99008
50944
75072
280256
140352
103232
29952
89280
27904
411648
162880
511360
239296
111424
281088
240448
160896
79936
98368
152896
78720
187712
172608
440960
261312
28864
61504
306112
28352
640256
72384
483840
127552
239168
184448
80448
232000
52736
130944
223872
33280
436352
112512
123712
37184
51648
44032
258560
202176
33216
42752
565504
48640
873152
41728
139904
82752
45632
77760
89536
36032
573056
318336
21504
63552
276992
162304
64448
141184
65088
520448
260096
109632
470336
69632
466176
128640
202624
74496
323584
199360
91008
141888
191616
144512
294720
81536
777024
149504
641536
90304
161920
109312
270784
73088
188736
77312
146496
269248
26304
126656
133888
15552
331904
149696
88320
40640
181504
144448
111936
113856
36992
57408
118912
43456
172736
227584
29056
51456
26816
47040
55360
224832
267904
162112
74304
220800
61568
93824
49408
35776
17088
40640
31104
147328
164992
88640
25216
178368
71424
51136
175360
101952
23616
151360
49024
63360
39424
24384
17216
133568
70144
230592
99584
22400
189120
635904
209856
29504
286784
605248
142144
50560
12480
241728
104064
289152
25600
489984
94400
347520
164480
150720
59328
57344
100800
30208
424384
107200
166720
78848
252608
115904
203968
415616
273280
89664
58112
225024
63616
181696
44224
453440
61504
111808
249920
98240
16512
36736
21824
54720
267584
140032
90560
91392
82816
67904
82112
321344
91584
21760
94592
105728
46528
15424
474048
59200
110528
76928
100928
32128
65024
77376
63744
43712
53760
176384
589888
239808
586496
391168
24960
79424
142592
89344
97536
13760
100032
82496
53568
8768
24192
55744
42496
328192
195008
102656
104512
32128
82624
12032
333952
40384
87168
28288
24256
69888
38208
569920
101696
42432
91968
34176
144000
40384
633984
82816
116672
133568
85184
135040
256384
35648
306368
95872
312448
230272
116288
132224
125760
74432
328256
92672
124864
32512
79872
129344
18432
34624
191040
20288
71936
75840
87104
202752
37760
255296
227328
106880
76608
301376
46080
138944
118976
39616
43968
51264
72064
535232
85440
90880
215424
219008
57984
40832
443840
43968
131456
161600
89152
104768
61376
137152
49216
82432
186816
24768
55424
37504
60416
68480
14528
362496
49344
104960
75392
56128
32448
29952
341696
330688
564672
445248
26304
40576
31168
549120
182912
48576
36416
163456
59584
26880
30336
130112
79168
271040
69184
621760
375936
187840
88512
43840
173248
78144
177920
14976
190656
98752
352256
259648
56960
83712
85504
409984
275904
93568
955520
40832
29376
42112
335936
156352
131456
438528
40128
112768
156928
97600
28480
430720
93184
37952
82880
34432
17536
68224
429696
40384
232640
26816
28800
135232
195008
73024
90432
96128
327104
32320
89536
64192
24576
158720
53952
393856
329664
115584
95168
172608
450624
14976
97536
174848
52928
319808
53312
67520
128384
135424
12736
89984
57984
469440
410560
30976
22912
150720
30464
12480
626176
16640
106944
93760
495744
92096
289664
29376
498176
119296
67456
91072
169216
241088
140416
76352
25344
30272
52608
132544
22336
102400
190592
89216
42304
36480
148480
163328
107008
76480
55936
41664
52032
139264
77888
98816
104384
56768
364416
62848
528960
168704
44736
28288
71744
41408
37120
181696
48512
36480
36416
240512
30208
15296
40960
394944
127360
244800
19008
90752
18496
29952
73024
261120
228160
71360
63872
449024
49152
29504
76544
371328
210560
202048
667008
88000
270400
149440
376512
42688
36416
145600
71040
155072
119104
86208
51776
71616
34240
31808
40192
157504
147648
48064
86336
103936
114048
11200
5248
105600
45632
208448
23168
17024
36544
58368
348736
94208
14400
228800
149120
96448
92672
35648
38656
270656
29184
55232
38848
9728
97856
59456
126144
49792
337472
36224
25152
21120
71552
150912
75840
170240
148416
27328
16512
57920
153664
41920
28800
224064
71424
237824
27520
167872
49600
48064
185152
33408
267200
156416
137024
43456
555968
61120
14784
68800
51712
19904
26368
11136
239808
128256
135168
24896
95296
75200
299584
29184
16384
54528
174976
62400
11968
125824
31616
145472
69568
84672
85184
130240
97920
22528
23680
15808
28736
90368
26880
44160
307904
117376
28416
31424
13120
64576
454400
200128
51136
71744
17920
250688
44288
44480
38592
155520
96000
41216
53824
29120
28736
495808
101312
140032
224256
138240
484224
91776
198720
278400
41856
77952
370752
60160
69824
24128
26368
359360
39744
281344
21184
63424
398656
100608
432640
41024
29952
54016
61248
84160
72576
96768
94464
29312
63040
56768
336704
70208
157248
26176
910400
249216
30080
58880
136128
138560
37120
56704
161024
77184
95232
29248
81344
183488
40960
48192
48704
68800
106624
166080
47296
120064
38080
17728
18496
35072
36608
235392
149312
119360
283456
114496
266560
37696
450240
47168
12416
209152
114176
28416
126848
791744
28416
110016
47168
157952
126592
577472
64960
12352
24192
136320
252160
79744
15232
11328
24192
54208
26304
48896
118528
99200
225856
87808
299136
20416
120576
40320
162752
31872
15360
511424
437824
37440
86208
706816
38976
71808
202240
15680
142656
99456
115072
434432
27392
140864
77440
102464
73024
46976
57216
99712
33536
210624
26944
11328
32832
170944
44928
27712
188608
130432
576384
18496
69248
63872
188672
12096
523008
21632
17344
206464
179968
93440
31104
352896
78208
431488
62080
11392
841984
104000
28352
36352
311040
99136
20480
10240
8768
74304
53888
111424
49536
217728
123328
39424
6848
179776
27264
37504
63808
9600
21632
97408
28928
140800
97024
155904
55552
49984
25728
329984
36992
273728
65088
219712
174016
94848
120192
59840
33664
71040
91328
22720
13440
34752
103360
23168
38976
120832
35584
81344
18688
34688
20544
27008
33856
23616
447168
47104
59072
87808
96512
43904
85248
229248
51712
24064
17344
226112
6784
12032
54720
50752
165376
10752
49024
230080
81536
123584
21248
31232
77696
17856
235328
47040
49280
206144
24384
498880
40448
253568
25280
10112
20288
36864
123520
15872
312192
18240
30720
348672
203776
16128
21632
28608
15104
23104
219392
242048
327296
552640
153152
508224
15616
590464
216256
161984
57536
21760
371264
26560
199872
128512
57472
140864
14400
72192
224704
42432
26176
637696
150720
18496
215168
15808
75136
148480
63680
18112
244864
27328
28096
70336
28160
89344
21760
92544
48512
71616
58752
81536
47936
318400
104768
211648
32768
23232
492032
21952
191104
15488
213888
85504
286720
31872
99200
283264
25984
63296
111872
96320
47680
16448
24896
47104
48832
234752
44736
48704
105728
25088
198976
73856
192896
9472
21760
33856
63424
27776
43456
19072
87232
143232
31104
140224
54272
167552
38400
35520
47040
11904
554112
95296
410688
34816
224576
36672
21120
35136
177088
83072
35072
25088
99456
8896
39232
54272
9728
140096
80064
48704
95168
33216
44608
69760
25280
51072
467776
136640
33024
117440
14400
39680
12032
81024
256832
51328
141504
13696
124608
91584
24704
15872
21056
42432
68352
45504
48384
73600
90240
158400
67840
134016
647552
21184
378944
14592
134208
83712
48576
76992
101440
533824
39488
186688
53376
42624
102592
53824
12096
58368
16128
144384
48384
25856
63744
19648
95744
102592
28160
78976
37504
831808
40576
64448
637952
339328
454784
454976
281088
193472
136704
96128
28224
654848
23616
98112
17536
62784
20288
16960
17600
9088
71104
128384
603840
73920
39104
112960
90432
19648
25216
53312
330560
27904
100224
524608
24320
302208
130688
207616
42688
38592
93760
32704
167104
206464
191168
64192
52608
23296
55552
442688
18816
24768
54784
36288
161152
12480
51840
173568
36032
219136
130304
17472
32960
102208
21184
25152
42368
94016
18048
237952
250432
50368
92736
35328
69440
23040
13440
54144
31808
207232
18432
105984
11648
95616
28864
129472
30080
83776
29888
755776
17664
124544
44928
38720
92608
53120
611200
25920
84736
66560
106496
104704
25344
33280
52288
31488
20288
218496
22400
296192
54080
80768
73664
31872
39040
39232
44864
30592
122048
333824
16832
19968
30144
60608
93504
140608
70848
17728
56064
43904
54464
198016
258432
21248
192064
75712
10176
130432
14592
98368
225280
22848
602816
195904
900160
99712