433088
734272
704192
959168
963520
1055744
1167488
1172736
2000384
2070592
2555968
5954688
10528192
12148800
69160832
114029184
101276416
41938496
90308928
31041600
86644544
39103360
74546880
35566528
118846848
43614400
117174528
131563648
71748288
86721216
70396736
107690624
79759680
147997504
66501632
140324352
86954752
98782016
144046528
119497856
132335360
68130944
105904704
149436480
160381056
117831872
184953024
87347136
133485376
181118336
132887360
116482752
109912576
123808896
161306176
75744192
152349888
119234944
141066624
182858496
83624448
181167360
74174464
114587904
120249024
164454464
67487936
179044864
133887744
168962624
88953728
142038464
100562560
89394688
166890944
107920768
290628288
91794304
204916288
152986432
148454016
84943296
129140096
127890112
129695104
167761792
89670144
245714880
154685568
134736704
165520896
243810240
159497280
196104832
166619328
158593600
228169280
298037568
168426432
124636288
279565248
135357696
163961024
283719616
263381376
198928768
172015552
274276416
153813696
212213248
159157056
151794112
239538688
239689920
123086592
310165312
133090176
140089984
193981888
160160448
167141568
278352640
134167424
262097344
231466944
222454208
163570816
155792896
210451840
142714432
271878272
255658688
253498880
185786752
189346240
198378624
166512064
288835840
206589056
162730688
266995008
230309120
136044480
249566336
229131648
242686656
155963392
276883200
209423424
233994752
141329088
279436480
170869760
203355968
229155264
192148928
256784256
171001280
234141952
210791296
222419520
174987200
203445120
224391744
164263936
299914368
161269184
173195200
198252992
179373824
193256128
191081216
331984192
170891968
194329536
250512384
253280704
235735232
150356736
192147968
215835136
207672384
201889472
185533184
193730368
225824192
264496064
203233984
200942400
182183488
215600128
237634944
227467456
364868416
254678848
178572736
220459904
198932096
206467968
195182592
176507328
322950784
169614144
219856448
170326592
208467840
234482432
187052160
210256448
241442944
171379520
209042432
265326208
351705920
360921664
172421440
185694848
190220160
244305280
247398912
249903488
182464896
225503040
265542912
241774656
281570624
239893248
261524032
235271104
224408128
190049024
238538560
207632768
242539520
254885824
230267776
194249344
198019456
232858112
225518336
175196288
227228352
189114880
263438976
349783936
257381376
227162816
184561088
203429568
244284416
190275136
261393536
185367936
231734784
245575872
165624128
201118400
174578432
250549056
228559104
228863680
230295168
225361152
223931328
287090304
192397248
196105280
214142400
217327680
185212352
284760640
203294464
222360000
191226112
203017280
186798656
177542464
324437760
277986368
253205824
218272960
181618880
184893760
217267648
262461504
267201536
272718336
228954752
219589760
194147648
210107264
166074176
253849856
199420224
306566912
280804288
182574784
198773632
235565632
181104896
218630016
195208192
251271360
272451072
197716544
195475520
208143680
202243136
239420224
285763584
171361792
239655872
205694720
203896704
163755712
275168128
215120768
207751104
181755200
274852480
211053632
210189568
282685632
213931456
182803200
273509888
200776832
209367616
231195008
216159424
190238912
212843712
193631936
217325824
176689792
249784384
179511680
200268096
204101376
244357312
217118080
260523648
210376192
185513152
178730880
256269632
190441536
295156544
227344000
185662080
258898048
189225664
233698368
215902976
242476928
232133952
272454784
196866112
241300800
172145856
202991808
293057728
187313152
228608768
227869440
207281408
318190848
245238080
182964352
221096512
276205184
246387200
176697024
226959680
173353152
216630720
230385600
246808960
277742144
205939840
294768192
242387968
180999232
236606656
192785792
303740864
260383296
260308288
188424192
201421760
200977856
210718528
317329920
258988352
192685568
207990784
202830784
333550656
196165952
249393600
178505408
186244096
200253952
293218560
231960448
223636992
228301248
204687552
206052480
221917376
175197888
204516864
211814528
225742848
203423744
202727424
186653120
277337216
246762944
198089408
251552128
302151872
241576960
195992384
222078656
200859456
241253376
192363904
223488448
245697152
264758016
211448064
248779712
158979328
210489408
214668416
183451904
253098624
200839488
314951936
262255808
199071104
198929280
211819584
215948480
254785472
203120256
201885440
300579904
177764672
214982784
189880192
190052416
198163648
269822080
224088192
229764288
265137600
183429824
187755648
200609344
245053504
279741056
240075072
204960064
187992064
225930304
269668480
222437376
184329216
192121024
223907392
278370944
278772800
205719744
170806272
261817856
209866752
242242240
204961728
221006848
206286784
192847232
288226688
246370752
231180224
193679424
274075840
253580800
196747072
205808000
223982720
203352832
272092032
196953024
204542976
192147776
194322944
179157312
203527616
322366912
229024256
356670528
241899776
218087616
208063424
177867008
243724800
197615552
254349568
179055168
310631168
200929600
186857216
230902528
183807104
198431104
249817664
197815680
235494976
199405696
190103424
189974336
209392256
212202240
203420928
206718400
214760256
276565632
244743232
187109696
184384768
193200256
198941888
183275328
279945792
238521472
208728576
210502976
209066368
229195008
264116288
205440960
214376000
201121088
254866816
192036736
179771008
252827904
230842176
241855936
228615360
207930624
247933504
178897600
242505984
175649792
216302016
197095104
210198272
307539200
195955456
235222272
195573184
300700352
174119104
255165760
194659968
228862720
187756160
225940928
330576576
206566144
198660544
224182592
258662336
267365376
213611904
207379072
301653696
192740352
229180096
231779072
218416576
208950208
220647872
195271616
253384192
201825856
240033280
172224960
257749824
185900992
214762880
209990464
294985600
221442816
217597312
261857600
230440896
256852032
318053760
206284352
228011648
168724672
253937472
190445952
220867264
201197056
278447296
177385472
245680448
241803648
266360896
199423232
222059712
233896000
214443520
240410560
206587200
179212032
243909312
193181632
198282752
237110784
237964352
252242368
285893632
182154048
190594112
278360128
254370304
206105472
240197056
186411584
248363136
232812416
195984960
240920320
281442112
198493312
306325184
190900352
189141824
282950848
194061376
255175168
219600192
217199232
328086656
190812800
234633600
239302272
245111936
202585408
195293632
199606720
207851264
347956288
184269312
190907008
273898240
179018368
350153216
222374336
250852032
194359360
213542528
202460160
217563328
298163008
259908160
181195136
229531776
190361280
208416960
182971584
233580864
228313856
324816320
208278784
166651584
218603456
255490112
192950976
213855488
184061440
285707712
191119168
211370176
239457792
209120384
198749120
275833536
199784192
185756608
203403456
362742656
307281664
203603776
187304960
216129152
265301184
213106880
243895232
244272192
206901376
217497024
191397056
243419648
232092992
230618560
284776832
264430464
202903424
191977344
245767104
223344704
238551552
169964544
223375168
224641984
187104640
195110784
254174144
285651200
390297920
212095872
217793024
218641536
240599616
183206336
303216384
217113344
222455232
217423360
251922816
242029440
235543104
183402944
187179520
286806528
190883968
269354432
234163776
209673088
207928576
210397632
209113216
269198400
269983360
254372288
194368768
277487104
189834240
319368192
253176320
222735872
221291584
187885824
186167424
226468544
319687040
309920704
194263808
234744064
232030080
192590080
185976960
231939776
171178496
280862656
227182208
234660544
212428928
192841984
191919296
255463808
343174848
192750016
301484032
215493696
226973440
210219520
235880320
277548096
228821760
205043968
203605888
239547072
255220416
232435712
263305088
288923648
235984384
229872576
216493760
213672832
209130240
217560064
213662720
279422336
199493760
242994816
215545088
217396672
192776576
284174080
275318208
226073664
238142208
179650176
242432640
192673664
229511424
267303104
262410880
314733312
187368064
205830656
219964992
235877248
202762560
184085568
270594752
241954240
353565888
174489152
298961408
193709248
193112064
225633152
248862272
311319296
499223168
190469888
205799744
202054272
249848128
211971200
237396288
218196096
186213696
215976448
210801536
227361664
268296640
224322560
178855232
215224768
206703872
208728512
277405760
205865088
302771328
174107072
243346176
274588608
222298048
205555776
222402112
220815744
276516160
253549952
323667264
260834176
212396096
190783104
234811008
240864768
230554304
215575168
184961792
337334272
239663424
220104768
207763776
189622976
245691776
189718144
290167616
230985920
188342464
297236608
204603328
214470400
224203392
408194432
225425728
218066240
175049920
271641536
245120256
204842432
199554752
181865024
200084480
240068224
312786368
216020736
192337024
216111424
219179520
205526144
271951232
213103552
208213824
223180224
201482688
219379456
220780608
364402304
200086720
193903296
202232000
201989120
266443456
194661120
221225216
376400896
292562240
237757888
200611712
211530176
238225728
241310400
202717696
183966592
260915008
197817792
250183424
171692480
237267456
199272064
389758144
213141312
336503232
237461888
192109632
264902144
219364608
183108992
310764224
190909312
221672128
240566144
197283712
225788224
306976192
279130560
249980928
208161024
196750400
231025216
252960832
258450624
198848960
178602624
266112960
221433344
304819072
198598848
330521280
199517568
207064512
167020160
243392448
200745536
235664832
199790720
276889792
201628224
256596352
175304000
337232576
200376448
300232768
396260160
221206272
237459584
275639808
200951168
251904064
318952256
226511616
194162176
239358912
188616128
283639488
226116416
221566912
193713856
233628416
207117568
195526720
239929664
222813248
279927744
229672512
224419968
272827072
332932288
256751296
228783168
334278912
209061056
226784128
174224256
177978752
240855552
272362496
248827328
188815424
242827328
177849600
278924928
264402240
193885952
270356800
173984832
243985664
208618624
203826688
214887872
235434816
199382720
169114112
258223104
252814464
245282752
171231104
356849856
290901056
198932352
200055552
194163648
328484672
305183488
227297344
285229120
164680256
231142336
194048000
221065472
226046720
275233024
192438144
258396480
194750912
249264384
262720704
222345664
188684928
233196544
228180352
319990400
281710208
213322304
179078656
262375104
262270720
194194560
242242432
206969536
324547200
281858240
253236736
231087744
270089024
227524736
197847872
262876992
293661952
232561792
183939456
211670720
201019072
266524032
240262784
194649664
227945024
183926336
236426304
230777024
211017536
190808576
229690048
203592768
297432192
240920512
218750208
189879936
184439168
270155776
184991744
225119168
207130816
242046720
193617600
302722560
329259264
250416768
284767360
242876672
204184256
252898560
228991360
213418816
233714624
224165760
196792896
253540096
155361024
316492416
270105792
237397568
276627456
231611712
216563904
200667072
226433600
250993600
330708416
347073280
173943104
183913024
216010816
227040832
234710912
202876992
188682496
250359168
217045696
253161920
187151808
263733312
241620992
288917440
316589632
301533504
291446016
180688064
206913472
191957760
240118272
321400704
241701632
224921216
173176960
235831104
292422208
375692800
261991104
176910144
184897344
227125312
177053696
220265280
238732032
180829632
287613952
199815104
187221376
277584192
188946432
235799424
407029632
193538432
226854592
215509696
232771712
264658176
273694400
197519424
207424000
199847296
256338048
252979648
232953408
241160448
280743488
271619136
231926464
223840128
303152000
183556736
183650944
368890688
305375936
221717696
190028480
237295616
178781312
229267712
192137280
232262272
215772736
254669632
231614400
206260672
251385408
257076608
266118016
252269760
233630272
224241344
202993664
245144128
181029248
181430272
261817216
198709056
229231040
255617600
294045312
188484096
291428288
179761920
228882112
265872256
215720064
183609344
227420416
195625792
393961600
232811968
204432960
174340736
249994240
226487552
213285952
271805440
183836864
375662464
306086016
238867904
262149440
183005184
229010560
320856640
223463104
237378176
303292288
162173824
271312064
297513216
270114880
173471872
219197056
186541312
204494912
160782912
281387328
193385408
214050752
267229056
259642112
216996672
234419904
207674304
246203968
327611008
220771392
291106368
171623296
201459328
229321856
214744384
298791104
160501184
187961856
216973888
304749056
468407232
186165696
200719552
247053888
228196992
179170752
220157760
255877568
245791936
193129856
213189120
352088960
182185344
302149056
233813824
323480000
178975424
214645376
232437568
225252032
302386944
332123840
195823168
204186688
215464384
350630272
175137600
301883200
204678784
200744320
258474048
183299392
256466368
176334016
254947904
181960384
205974720
307126848
190616640
241519040
207848128
251189440
176881536
265388224
176430976
247948160
189258496
227090624
448173568
228868288
199109952
207368832
210130112
280207040
193943424
190969472
242476608
252311424
381651392
239936640
262542976
174611904
194849024
186254592
192019072
364782080
219221440
223981056
199957568
209234048
310892288
205478656
184440448
262650368
225621632
169622080
294066176
328140928
205640960
222681856
194950080
417341760
309224640
216025408
213803136
219043712
245498176
296999936
198598976
301872768
271908928
183899072
227495744
179521728
221989248
304054784
193857856
242533632
234814208
245216512
206130880
219485696
247212160
219708288
181401856
198638784
203771712
342772288
199104448
369045696
209135808
219835648
185339520
233658176
192595648
331848704
223265408
222757120
324234368
174063552
236948352
204314496
295737984
205298048
306826752
194634304
200729472
187670080
245600384
274211136
169462080
239196736
203018816
190804800
203670976
285303168
166870976
264878464
253615104
268629184
204088768
199757120
205023872
282266368
324880512
182065088
212314752
244547584
169431808
181512320
197560512
190482048
262103552
339248320
226792192
259458624
192756032
250441792
216377024
203653632
208591424
242768576
217748864
269236032
195454336
299480704
193071872
217270848
233764992
249876352
245457280
189093824
298433408
323845184
218368128
169963520
196756416
206284544
266911040
181679424
214301632
202609856
192151104
259928192
237723776
194734592
280142912
278567296
182972032
182879360
281725952
245988160
225029696
216532544
257282048
205774272
166058176
200371456
202335808
367859008
293778560
191837312
222754752
174042880
249111168
242021824
208146048
184289280
238100736
200921664
351464448
325817152
272414208
323332672
291816768
160700608
194186880
216881088
293297792
261826496
204454592
215135424
226271488
260467968
370508672
192576448
204249984
180919808
257312256
245779520
284063744
323506112
261664832
183306624
191252928
219976320
203503744
234830912
209529024
214605184
315782272
274235456
224517760
276662784
169315456
283680576
208220544
226980032
279172288
187657024
179439232
231064448
265150016
210943680
329111040
184186048
211561600
298615360
213386304
182801472
280657408
266363904
197456192
209111232
313152640
182858560
247979264
293419392
176452160
309674752
261151296
239993856
327628736
293820928
263445056
180510784
177729408
257229888
183303744
200476288
451371136
268107392
184253952
259110912
190125696
219879232
219135488
219925440
192345536
216792192
345932032
190230080
211181184
224310272
245963904
204025792
245555840
331521664
377611456
196844352
190850496
222046400
266093440
360364544
179871808
201067968
249874048
243535040
175485376
191577216
191551232
172261312
226891136
276254400
189571456
303404352
220433536
170979200
262177600
180596672
423562176
326387968
191397632
211345792
190560448
278540032
198105024
265045056
213171264
230722368
236807936
260761728
186201216
164863360
219973760
341308352
246422976
212872320
219444928
240241024
342503232
226633152
212137344
189409024
173366848
190357888
222280320
225918912
298042112
233144960
212730304
337305408
285855104
189169280
194899968
224658112
233006208
216846912
207338496
249104064
295212736
196565824
228327040
221096000
220739648
345337280
237564672
238443712
233280448
289412864
209429888
246199488
295590016
283482496
186480768
180803520
215854336
226416512
344835008
259582464
236765056
212796288
224747328
362867776
317353472
231268864
197549248
249570880
255067520
192120832
181310016
310657472
210753600
218544832
219170688
232543936
292868992
208168384
288414976
282627776
175404864
188398336
230405824
268105792
245677440
177661568
241105664
171427648
188663424
205538432
236029888
198839552
220274432
239008320
327831616
217938304
220158592
207903872
331540416
262776512
235903680
203250624
167104128
276675776
223566400
245150912
185358528
203246016
260629184
176403072
345994880
215470848
227273664
215137344
238389120
189641088
274121920
193673088
276640000
174172160
227429632
175174912
247365760
253146560
279343616
237246272
285601664
184098560
195428160
205044032
225711168
233693248
300659328
207868032
222813504
239968640
339666496
223660224
204580224
284436928
210280320
197150656
234192448
297903488
228257920
204482368
232132160
191404096
256557120
266660864
198345472
257267392
207198272
291765184
255680896
225862208
243331392
210955968
200977152
260164032
269748928
232614272
183925888
248344384
242730624
179067648
240564352
183744640
457405376
182629312
260804736
276168128
367671552
223005248
195005248
285735040
204506368
182365440
263141632
266757120
306994944
273064448
218047104
319769024
219772032
200432384
217248576
187199680
191461312
203994496
202465088
268492288
252363136
215170944
210779264
232074816
239453824
173089472
259019840
260985664
321702976
217035584
207082048
277271104
262261056
221112832
279497344
223150016
265803008
216310016
193543680
200419264
194215616
183450496
223038912
226508544
282732352
187613376
269316608
280641344
240258048
223955328
209527168
185539008
321971200
217045504
274995328
223492480
232667200
249115456
248856832
200377344
223071296
213960640
161484928
238220608
303271040
193670080
195625664
227541056
194875776
176584192
226745408
228160064
210033344
239078016
223808192
221082176
240996864
212974976
277986880
199254976
229327296
255675648
298127168
320823680
279421632
206553152
182931200
198080512
201881600
205302592
381842304
212272320
204543104
209538048
206381376
275663680
210558272
223386048
206396736
184692800
219078016
288757824
183551040
261054080
202034752
317254720
197070272
220878592
201619776
217789952
189268992
207234752
195137984
380928192
170563200
314018432
274324352
187811648
251031424
261553024
184369856
369571520
165964736
191121792
215996160
230025600
297908544
197093312
214618560
316901888
222661696
204122560
172216832
254778816
226195776
191564352
175912384
272145728
205063296
159713728
260509824
256421632
201244480
314320896
197524096
202674816
208659328
214453312
221354624
225709696
248504000
309570304
256998720
175894848
231768192
216172544
188726336
319246912
183782336
246644608
195304512
268369984
223743936
232806976
176433984
272838336
226540608
222603648
188076160
327830912
252774272
220297664
208939776
196371712
207881984
197651776
199613632
243747712
277900800
257108672
207505664
255933056
209804096
224119424
201941760
308959104
195532672
196422464
172818688
189547520
210169152
223908032
181317888
203166336
253127936
269974656
182194176
227064448
237012800
304470144
201501696
195475008
211052288
182852672
342633728
192141312
246039360
204710336
196803136
244898368
182702336
194834560
211278336
345700416
303228992
206244864
179338048
216353216
325495744
187912448
268332096
219283136
189803904
228438272
252550784
208541376
227905728
228091456
261533632
277627584
277270400
189697664
261140928
190740544
276635648
231713600
319483072
206861376
226964288
186289920
192621376
213968960
299225792
222780736
244595072
180723264
223492224
190961344
272848064
190450432
258202176
350449472
181607744
307614720
218503680
273805568
202822272
247819392
239811008
178569536
178656512
209239808
237264000
268151552
248921344
201675840
207492544
244357952
305399616
290439040
205667968
211849024
189365184
217768768
176068992
206465856
201356096
311759808
282653248
224384896
246517376
212116416
342640832
255224320
182525440
241579776
262541696
257839488
238960192
210597120
212177856
249754752
272239104
223852864
207631488
399579008
275979456
258993280
226694016
188366976
223661440
307045248
225370560
270972928
203693888
196213760
279954304
310518208
192700160
210353984
238900608
317245888
350521280
154194560
217989632
261051136
187416256
228279168
200816832
258393792
192875648
335628864
167044288
207365312
314526080
239525504
195663104
316118208
255609408
208582720
173919232
223436096
177307200
278560064
230178240
262196992
235360704
215317760
203579904
248103936
214386688
228751872
238907840
212353408
197884608
236917568
208944448
172477760
225694400
208481600
185571008
304492224
241495488
211465600
207459584
243509888
220503040
229080000
217695040
202301312
189033024
221223168
218312320
200787200
261497536
300958912
323928960
196093760
179099776
262813440
272082432
187949184
212275904
180456064
193344448
233972352
198025792
324140224
332812736
203424256
180793728
291255296
216559232
188252096
252296256
174738176
336333312
216209536
188017600
287937216
204994432
179214208
203335360
197086592
222316352
231948288
208010624
214354880
252022848
205435072
214806528
233711936
230751680
245749760
268045888
231663104
185454656
257123200
205428288
215463488
204375232
222108992
239429248
196676928
316904576
182723712
209104384
305743552
204428352
202749888
372972096
185411584
232399808
342515008
262475520
246235840
255955328
196202112
204401792
187274240
210708928
256443968
196269120
282162496
238861056
240274048
189525120
179166592
212106368
247497600
226104960
331722176
205633280
243452288
188145408
549768512
421864384
202718016
278940992
188024000
221360064
176464704
283204864
232559424
268847808
225002304
203890240
273480128
276663808
176459968
265032384
279473472
271452352
319984448
284161024
212255168
326724608
164952768
242991424
266480128
257286528
259215104
202419456
175134144
320428288
198321280
272682688
188364992
189190848
281624576
247475712
256648960
255867392
167155776
241728256
219440320
197724032
229057984
304387840
269436672
177193792
232169728
214371456
212155008
224568640
205715392
386142592
226721280
204943488
326234240
232161984
201838400
252312192
228486080
234906496
336453248
193509888
311014784
173662976
185091712
232392512
253925248
176088896
256744640
246682944
218433344
200353664
205447104
255528256
194834944
181352768
400423104
270184448
205049216
245314496
200772864
237778304
280349504
272220672
233717568
301072064
210065664
188689088
257094144
183176640
180659712
198347904
191207936
386385216
205190016
228808896
221601024
286370496
199432640
353316416
203100224
189498560
182304128
267476992
252307840
215661888
274110400
276365568
173333824
363783232
185558656
194283712
395527296
256772608
248829952
196374144
201423936
199250304
258189632
269513984
192365888
204616640
214806080
189571968
243911616
265712960
312720128
179532352
199879808
204688640
237949376
286585856
252577920
183378048
224066752
223531520
206458048
322843968
233818752
242423616
244049984
209032000
240362688
258214080
272239360
211602112
250590400
224576064
247156736
207947648
234138304
234877632
315783360
207976448
265120640
186999616
222491712
180103104
233262848
217542464
195851584
262246656
211908352
230699712
180780480
243347648
237609920
279535488
206640192
273180544
258230272
256206592
302069504
202480448
245036288
215016000
228195584
252292096
303802240
202077760
195134400
250171584
167982848
216087808
201991872
292047104
176308032
313857088
204338496
387163456
205528832
231120384
186206080
242171584
243702528
174848320
295579392
323448192
211487296
193938176
193164864
233677568
225779712
249670080
180899520
226301376
180511936
268642816
277030592
231720384
176513984
286931264
225235456
192027712
333078720
305056320
227722432
171917184
230241408
241998720
252656896
210423680
193263040
187370688
234666304
385925248
169002368
222287488
261816320
228026624
192274496
242692288
187606912
218606784
237863744
283722048
219744192
225020416
189406208
249585536
210062592
182495744
242846976
256162624
200379392
278439680
208592512
224087552
191798784
273610624
217130240
233126272
201966976
181325568
189230528
290825984
248777984
281580608
188267776
253275200
196565440
316280128
231248704
259424192
188518976
303541440
243262208
207999744
209472448
180080256
193589760
269711552
249885248
179033984
209699456
268764544
191697344
301645824
214070400
222738432
442037312
216376960
211194240
169495552
253908096
202862016
289646208
210164096
229653888
381519296
181479616
205174848
215611648
234444992
192209664
198993088
325968896
211121152
282914560
200361088
173924224
230388544
227730880
446210560
204080064
208931968
246906496
190736448
180380928
200806976
251307904
352775104
196985472
198025728
192688320
191447168
197976448
269757888
241981888
203471040
257465856
240276672
178370624
206922176
244138944
205784896
314589696
407831744
336948480
217731584
279847872
248403904
290327680
171818816
220117568
221956352
216027904
177563008
270903488
213354432
294138816
210088064
186786048
324994688
226050368
251072256
304434560
259444864
234757952
176355648
214517504
340583424
402899840
257251200
180761344
215612096
298696192
304288640
183167232
221035072
177884096
223803392
178110848
249503872
231035008
227645568
211892224
257002176
231912320
259542720
222052800
209225856
221788160
199314240
218328704
287957312
227137792
204299200
203032064
195211776
205730944
254454400
249968896
201314176
256891264
231435392
187923648
237415040
290647168
196913728
217015168
340150272
171490496
180651008
204043584
259557888
193437568
209118400
236611648
194051264
216866112
194831424
200792768
217707136
310908672
203775552
213518016
317914368
197850816
268038464
203166912
268826304
205480896
237463808
228973184
269728832
197675264
221761024
205083200
246734080
223580416
181959296
239254464
261120704
382337472
226537920
274489408
250646464
232461312
180205696
268435968
242214720
256505408
261854144
220551040
188526016
244398720
226499392
191283456
234375360
217721024
224395200
335067648
225032192
202542208
252191168
191377664
196519872
219210752
247377728
180986560
183956544
238600896
352806848
361498624
183269440
215376320
281387712
178524864
202279680
240347776
272241024
196415872
296568448
293386432
222467392
201030592
209712640
200104832
221707776
249730176
276575872
186440256
210013952
184142912
243353152
194995904
212112832
313444544
185137024
289870400
290776512
209941568
228214656
196380544
214536320
197857920
248727424
192123328
208115840
201877632
216667392
236451648
229223808
275715904
259208128
185115456
288718976
214073408
369849216
244006080
190028928
453357888
232388352
207396160
244306624
265314560
174220608
214853696
263667008
300497920
293522880
196238272
291380160
174568064
236038528
262430784
215370624
183828864
269064576
156040704
247031424
250772992
199282240
214626880
244855616
221422592
213165952
253318336
229870400
207940608
199983872
206286464
195261184
267568192
186291008
284836608
305294400
227019584
231798144
188998016
247884672
359343552
242170432
193552576
190767552
229631424
208489024
171270336
274895680
245863488
249389696
213349376
185935232
191617984
195956416
238674368
242267584
224195072
270489856
262361216
226931328
201648064
224138432
249974336
178167104
202805056
337335872
224000896
238731456
183113600
205987392
191376640
243322944
220777600
239719232
247610880
176924544
225500800
220825536
274955136
181550208
264509824
215870016
232263168
356204352
265414208
207885824
209457792
212259712
237705792
410655424
218916864
224278336
212095040
192287296
229068800
250976640
190345984
208644672
233377088
239844096
196203328
194556544
216448448
186276032
247176384
209040896
192212864
263686336