433088
745664
619072
742528
945728
960704
1054528
1048576
1031744
968448
1133056
1132928
1090560
1282304
2144768
1669056
1253696
3598528
1570752
2685824
1418496
4646464
14720128
41052608
26654080
46269824
2661376
8803712
6711680
49055168
9118592
21804096
5756224
35965760
9283328
28987392
6472128
37546816
6319936
9845888
51944448
9907328
9793472
47664832
9680448
16564480
14744128
6571328
58983936
15899648
8716672
20959744
6760000
79164992
13758336
13177920
20499200
28664704
16926720
57378880
8136832
26562048
25633536
11185344
27955584
4138240
17673408
10495744
79550464
7131328
15742336
23476224
9570048
24952128
38564160
21190464
13947072
71324928
13160384
34621696
16867840
8587008
40182912
12379648
25542208
22803520
6100864
28269824
13018304
24469568
6720640
55714624
26156480
12635136
21620096
8605696
31841792
9377024
15057472
16982528
17569792
33259264
5541824
43835072
5092544
10755264
22330496
90178560
12293952
11268416
13283520
19039744
11062912
51945344
35967616
10866496
22411264
9162560
17393792
11678848
21822400
9310720
31223296
11398144
13023936
6008704
37873984
26880896
42697408
21649664
10263488
33372032
18603520
15272448
10570624
42668544
26084992
36570048
31523136
22477824
17916928
15952384
104202624
5068032
6360768
22573376
20092608
15380480
24724032
19215104
3380672
59510272
8131904
12751104
23380480
5294400
13873792
5753216
81744384
10512576
27185600
8845120
14553856
7906944
47659584
6844224
17289216
14173184
14594432
33913408
8182464
19225280
5637120
24258432
30890496
57478464
10297152
15109056
5855360
34413824
5185152
84489600
10132992
10635072
8964544
15323584
64411584
12718912
10225152
18253568
22755136
21695808
35140672
4862784
10532288
43321408
5604992
26573248
5185920
22626048
5699776
23644096
17355136
7810624
109765248
20707776
5956672
30881216
8705472
17868480
36102528
17953728
6358976
21350464
9284096
93040704
20263168
11188672
13401344
12331456
37449664
35219776
6523968
6499008
63913408
4582976
17350016
15132544
43272896
9887104
50638144
6718080
15058496
9578048
63332928
18472448
14117312
70059200
4996096
17700736
3960192
63845312
17263616
22449664
5880000
18914752
22871616
23518272
5860096
30876160
4340864
93358464
12572160
6957248
11651712
6474688
8846080
66574656
6689920
11421824
15282880
6413376
42405440
39279424
7543680
44342592
9056896
26915008
11583936
17110848
15045824
22354496
16618112
69921920
19389952
11196608
13566336
22862464
6504768
22220032
7092160
25787136
5914432
84772352
5120768
25805120
9601280
7089920
77438656
5708480
6680384
10573568
33301056
10963520
6732992
9323328
20040960
8132160
97419648
3594560
13489920
12228992
6245376
18781504
7189696
32261056
8677952
5179136
10417024
48596160
4154176
9642816
41346240
7213312
74227840
6738048
28591424
7630208
8685696
9217536
44316800
6423360
11381440
35655872
3969408
26895040
12900224
5461568
8306176
21622720
20113216
39167360
4480320
8459584
29174016
5191424
26306560
4343872
24950464
5325312
74903296
25402240
7125824
11306048
9359744
45008704
11211456
8286592
22819904
7972544
22437120
4000448
8197120
8218368
14374208
9415680
75967296
8014208
14366016
12401856
10587264
15367104
9843072
27554048
14297984
4045952
11116224
52518592
29467008
6525248
4374656
31747840
6850816
13633024
5325696
43194368
5274368
32352000
4785792
35825344
4188160
32648960
6682368
24713216
5776064
5914304
12895168
18716224
12116224
41776384
4406720
4512640
14815552
3174336
17414848
7093440
22604032
7269312
12029568
38835648
20545472
8020480
6552064
4580352
27137344
19308608
4530048
26958336
11275840
8421504
4833792
17523520
3879616
82634304
4316288
9392448
6710336
14719360
7527488
26510080
9967104
4102656
46619200
8296128
27788160
3591936
30785536
16825472
11629120
10358784
33643904
3410048
18377024
10592896
20248128
4395584
8293568
7633472
34491200
6757888
7041152
12864704
25625344
14586048
3660544
31441152
3772032
6029184
9131712
38659264
5047104
27299264
7195520
7487360
3574592
49511808
20089344
38724608
15133568
6368832
14960384
11185664
12834304
4455936
9442944
11574272
45679744
11932288
28266304
6325120
26702656
7702592
18524480
7892928
22569280
3531520
23075776
3828608
27867136
3733312
5903296
5522112
61240640
4750144
8659648
13146432
3109696
25718464
7100992
38046272
19616128
13281088
4897472
15942528
4396992
40882880
4243968
6556736
5058688
60663872
3281088
46652288
9273792
15479232
17294144
4611264
6810368
9954368
8828672
3895424
26595392
6684288
32893184
5327104
3492672
34570240
16582912
4202880
43680064
2664960
10084608
5068544
80569152
4420800
5309120
24804416
12443392
3101440
11583936
6300224
5541056
3479360
28408896
31976768
28006080
3392000
4136064
16830912
41153856
9976384
6059456
13609856
3630784
7607872
10215744
17505600
8478656
8916544
6455168
21462272
3365568
22755264
17873024
4390144
16208576
16873792
4618944
27534272
23287488
39100416
2673984
9583424
2997120
27683456
3794560
23454464
26921280
32993728
3952768
46075392
4338432
55535936
6464384
7764864
5811008
14876224
16354240
4152192
17498304
3242496
8908224
14029824
8827776
13184192
28255616
2875008
47791936
2617152
6064576
9418688
52841472
14216256
3166080
4135808
16493056
83356352
3096192
9007040
4609088
8809472
29957440
18594304
9876352
3419200
5498496
18701248
44988608
3603136
8304064
23353984
16227008
6069120
23761216
6438208
18238016
4419136
3294400
17526720
3300992
48633920
12380800
12765248
5884672
82354816
11226048
4819584
18086528
7751104
7166016
14939392
12040320
3726592
5307328
14842368
3794624
30425408
15726848
26799488
5152064
66168448
64310720
30906240
4266240
6355392
4620608
17130432
3253568
14731200
5117504
34211456
23886080
3525504
26467648
3078656
10783360
11728576
5283968
27584832
5394816
4001408
10047552
11418240
59605696
6562816
5366720
12631168
9365952
43202304
3138560
4577664
6594176
7364096
33450304
12228672
62873024
13066240
22173120
82186368
3380672
3524224
8096448
3233536
148883584
2712896
6543616
3921408
5895232
19384704
21297280
7860992
6011008
6111744
4950656
18728640
2888832
56171328
8835136
6151104
15231360
9362432
2698048
33900160
4323072
11392896
40504576
2914816
20726464
9588224
3705408
6570304
27798592
21501888
9480128
3994816
5648128
5858816
17366976
12524032
22889600
18443584
39989824
4228352
45265216
7617472
29517888
23552704
3130240
16429184
5263232
27415296
3680512
6177344
8310144
29661440
4556416
4118464
42245248
4545408
11747136
12073024
5316416
119319936
16993728
2868736
6413440
24061952
10890688
4005568
90836288
2426816
12540352
8279936
5811520
7307456
14861440
9779264
32889280
2705920
153471104
11914240
4059904
31766784
3597952
11642368
2487808
4197248
4515328
3576640
48979584
2732352
5609600
5883712
44626496
23169600
8036352
5214592
7445184
46692224
2814592
5729664
12512064
2388160
20894208
4780992
5411456
3954944
13338752
6046592
121099392
4294784
2642752
5165824
2779264
18134144
2707584
16730944
2406464
8849280
4947904
6874944
39685632
2451392
6308288
3139072
6488640
7240576
6510016
17210176
9152768
24964544
3915456
21744000
2926080
11533824
9576640
5018368
36060480
4824448
31739136
2853632
16606144
6249664
30266880
3100800
4283840
38931392
5664896
2727168
32519296
4142144
3558336
46191552
15190464
15217920
3686528
49542528
3818176
6209536
3483840
5830912
3942784
41813184
2560896
53536768
7108800
20224000
7609024
4709376
4368576
8641920
36957504
3714944
3552256
20168576
3040704
10802304
3655680
5181760
4271168
7322624
27585344
3770624
4919680
4484480
16086528
17190016
31742656
5240320
8357184
2851456
5329408
7974656
57729216
3712576
2603392
5101952
5649792
3967744
4328512
63555072
2851648
9354688
9712064
7972480
23301120
2393280
12047808
26545280
3130368
14775744
3113664
11143488
2984256
16128448
23059200
37996352
2931840
2843392
6166912
3816128
9837120
5894720
11793152
3312320
28799552
2295808
4723200
6008576
23812096
6438400
82625024
2345280
5561920
5210048
2931072
5675200
2873664
7278656
12212992
3154880
8504256
22512640
3243264
56185920
3240128
14703296
5458368
8804864
4150656
8674944
4531264
17720064
2929088
11017344
7539712
2941440
25441600
2718080
6014912
2593344
10971072
2260928
22501632
16641408
34205760
3324224
15367552
4692800
4745920
29719424
4953152
2560448
16222080
4728384
9862784
15624256
5192576
4134720
8905408
18720192
18690560
6771968
55277632
7456768
22224000
3705728
2674688
4815104
5650304
10869056
22685568
5724736
14588864
7270720
5232512
4195648
4583488
11457280
43005952
24217280
2398528
5402112
54542592
2837248
18374976
3062464
2683136
31295168
2435264
17045632
2332352
6005312
4057152
2928576
10981184
3615424
27566016
32825280
3346624
103973056
7078528
3540544
2449536
12126208
8570240
11990272
4909312
3543680
99396800
2443072
3689600
3373184
9680896
3277952
12908480
6086528
46006464
27646272
3507776
27671424
16127168
5763968
3022720
4536384
3074560
10771840
3145408
9755392
7940672
9820800
54411584
3032000
3652992
11162496
2581312
22870912
5740416
5103296
51849728
8979392
6114560
2776256
11846400
3555904
20793856
2244672
7223296
4176000
18765504
20390144
2124096
105902912
2215488
5270976
3520704
2874944
26887040
4212608
2991040
7065024
9302976
8144576
3183936
12791808
3621312
14086592
2798464
119132224
3604544
5071744
16707712
4908608
9632448
8565056
4193152
23536064
3243840
2557632
25806016
22335360
10698112
3014400
5358400
3579200
12378368
2422080
12987264
9107840
9580160
26985856
2438976
4223488
10844864
29960704
5150336
2920320
13788544
2944192
12094528
16503744
67202048
7396608
3809408
5443008
23689856
3709504
14901696
6846656
5513152
14749824
2646720
8939840
25091456
11188416
7805888
46163456
42093440
2762496
11319040
5321600
20102912
1978176
8806656
4190784
9434560
3821440
3308096
60216512
18564288
7177344
3398400
42061056
14253376
3367168
10294656
2693824
13758912
3555712
16085760
4228224
3834496
22420288
4507392
2605952
12661888
19941760
23418368
17322432
3576064
20557184
2527232
18141952
3554048
4974720
4402752
10817152
2677312
25290816
8907840
15909184
11590656
88427520
6201216
11976384
4926784
14868288
2652416
14304320
4270528
5905920
8750720
2972352
5762880
28726592
12983168
44365312
2275200
2937792
9724928
2408576
5202496
9302336
4151168
3888192
16812800
2688640
44753472
5884544
17876288
5496192
3025536
44501312
3284480
3107392
2907904
6796992
5577664
6623872
18416320
6004288
7533312
15828608
7228672
2796352
46291008
2544192
95756288
5363456
3649216
19148224
11503680
6379584
3968832
2637248
11884288
10685632
2485824
15801152
42162432
8293824
16539008
3679040
35246720
2568768
22408064
2431040
4318208
4306240
4682176
24535040
12607424
2893952
3601728
6835968
5403072
146115520
16161920
5325312
9003200
5781888
3451456
10113216
16072000
2609920
2466880
21518400
38751808
4653376
4335488
53828544
2058368
27767168
2036480
4628992
6622464
2114816
11890368
2831488
4808192
3818368
7017856
30043328
39715904
2904128
5181440
20786880
6309056
4947904
6478400
36133312
14778944
12013312
6530304
3392576
2865600
19566592
5022976
4151744
24342400
3871488
6780544
30300032
69929152
7287424
10052992
8123776
2465280
3875648
22454528
10496384
2496256
17340352
2067392
3194240
3460608
10349760
3458368
4156608
16500160
4600576
41380032
15077184
2021952
2931392
4284672
15482752
22062592
2465728
5021184
4847744
5782208
24596608
4920000
16341504
14921664
106481792
2294656
3509312
4136576
1943616
12992064
7457088
4883456
60026688
2401600
4534080
17496640
7665024
2365952
8765440
5534784
21351040
1843648
22651392
10866176
3898496
8443456
2416320
16155200
2227712
5372928
15613312
2129984
27233280
4072768
45127360
5219776
2229632
2844160
6821632
45600128
2508864
27868608
4064128
3631040
7474304
5281536
6047360
3519744
26308800
5689664
12053632
3512000
4067328
3115904
4553792
24527680
2316416
3347648
39435968
7702272
12543680
2536640
5027392
17103808
3833216
18132480
4808192
30951424
2173568
3103488
21980608
7741248
13032768
1944704
58830528
17512256
21557888
6313024
2458496
6554560
2377920
3851520
2661632
4627968
16691968
5846464
6929024
9585472
5351168
42346368
5071744
1860032
3513728
16384384
9018944
2079360
3734656
18781184
2706304
26545728
1709568
7308224
3830784
13412288
2758912
13973696
3773568
22503424
2775808
6694336
3578944
8443072
4560576
3739776
9750656
3216576
22569088
2706816
57566208
6247168
24721472
1762880
2010944
9067392
9376192
2155264
44077952
3572544
55016192
3802240
3623616
6384768
6040064
16733312
6190912
3337984
2524288
5872000
11667392
13182720
2086848
16465408
1939776
50999552
3230208
19237312
20103936
19140864
6205824
2120256
4345600
3449344
5895360
4785408
20903488
1690304
3312960
4665984
4220480
18183872
6716160
3085696
19140544
13436352
58952512
2125824
9067840
2363904
10816576
11443200
2099456
40230272
2268352
2534912
5012608
8513408
228775808
5052416
2330944
4344704
6064064
43561088
2538624
100331968
1985856
7973312
3074240
1927360
19150656
5793856
4777920
2353344
15997312
4201088
13643200
2167808
3339520
18224064
4881472
2957312
3675456
10808896
2554816
3569344
5169792
12440384
2253888
3231488
2429184
19640768
4624320
3920832
15500352
3913920
3150208
38377984
5173824
3559744
4343552
9061504
30835840
1783488
3261696
5087232
27880576
13374528
19423680
2408384
7656448
4828352
5047936
33689280
2117632
8457600
4824128
2981504
2314944
2873792
5756416
2012224
38265600
3303360
2967488
13352256
5038720
15935744
5415488
3722752
44643520
1652352
71310976
18388992
2096192
53306816
2484416
2505024
4756096
2467648
5050048
24763520
5480640
2397952
32358272
2337216
4766464
4926272
1878848
26428480
1918720
6108544
2820416
12149248
2271680
8735104
44274688
5003136
9592960
1983680
1940992
8878976
3732800
2203648
20037120
4382592
4823552
9122368
3031808
7373760
9727040
3343360
30538752
31438144
2004480
37429952
8087424
1784704
5511104
1783040
78499904
5724416
2088000
35305536
2308288
9061632
2305536
1631168
6245760
5059264
13873856
20498432
9841344
21551808
22883840
8770176
8242432
2036544
2488640
88129088
1860992
2704896
2366272
3735616
5562880
12554752
2083712
19044288
2034048
4203520
2101120
18878528
1787072
13259520
2307712
2852672
5069760
2187968
19632512
1942464
2902464
2942208
1887168
31843136
4093056
12113216
11474688
4129536
12101376
3078080
9629504
1964416
39723264
2007552
51897536
2171904
4889280
5342400
26498304
4907136
1993344
3809920
3949824
9976640
2133248
18320064
4225280
4715200
2188928
10063360
1763840
19026304
25216640
7417792
2229696
5828352
19321984
54065792
6033600
3757248
4403520
5938304
7104704
4281280
34632320
3596416
1835712
9672384
13432320
5057344
41189248
2249920
6970624
3669888
3187648
2349824
2339072
13060672
13987264
2004992
9472256
2897024
10155840
1911744
15601728
1954816
43867648
2050176
1751552
3351808
1680384
37812288
2436288
3830208
3031744
3586432
10112000
2546048
35655744
3621760
2136640
1689600
2587904
23701312
2048192
2092160
3668736
2617984
41867648
2553024
4158400
11019136
30804800
24080512
6134784
4704576
38660736
18836544
2486336
2022976
3175296
3706624
4371008
2461760
28460608
2462912
3417792
5733184
6128320
2509760
29113280
1975552
1807616
2205952
2758912
22739008
4053312
1949056
5244544
12860992
2447808
16900288
2092992
48562304
2072576
11122816
23963072
8690752
2695936
2469632
4123840
4814336
19823872
1704128
49540736
2364224
16715456
4407936
124078144
2118528
10347968
2163584
2619136
19290752
2991872
4572864
2093440
3113984
13926976
1480704
8109888
7142144
4733248
2727872
9434240
2474752
2952512
6879872
12103232
43363776
39417728
1513792
2587840
1862784
9403456
5428736
6927488
4364672
3410560
5191808
2599104
14854848
5532032
18480256
1391168
3414016
37658880
1564608
2343104
8215744
3038784
2615232
23817152
2000256
3232128
2265600
4533440
6832640
11780032
1903360
9959488
3524800
38058496
1722944
3890688
4350912
1671936
5383424
2769408
17676416
8866496
14749504
14176384
4260800
1687936
79197312
4305536
6638400
1584000
2154048
9905088
2115648
14309568
1828416
1932288
2113088
3092544
10581440
4126656
22384256
7930624
1598336
7672064
1826368
2666432
4290176
13759744
21802240
50955264
37533376
1638144
2271296
2247296
10296192
42747968
2543040
2408832
4460416
1815808
10955968
2105856
16651200
4328640
2620864
12654464
1671808
13642752
2470912
3900800
6811776
4293312
54541504
1961152
2845696
2292544
3504512
6545152
17155776
12059200
2621184
26555136
6216064
4765184
2332736
21284800
9539648
1711488
12166400
4216064
3096064
2963904
57707008
1654208
40094272
1636032
57970432
1555264
1542976
10081408
4707904
2180928
2331840
2926208
7430144
3939392
5802752
4611328
6849728
2484672
11106688
2650560
6513664
27567360
3007232
4789952
38003904
42102784
2608960
5275264
1461184
8684800
3509376
2115776
42885376
9054144
2058944
2240832
5507200
5761536
5022144
6778176
20464512
1570624
5701504
2970880
15537088
17799296
5182528
27465472
5591360
2274240
7218048
2598720
3823040
18950464
25351808
1819200
2066816
6552768
1708032
2605632
9170240
35626048
2613504
2415104
3368960
1737344
52288128
2247552
6713344
1606592
2065088
3285824
6389888
7928384
13348864
23579648
1952000
3498112
1692224
15793216
1529984
6368832
2358144
38295488
7964608
2520256
24840896
4523776
31471616
13629440
2014912
37628928
1743936
8830912
3142912
4648192
2888000
4755072
22305472
1533440
16161856
20494912
1555328
8830528
4013056
41552128
2560704
3040640
2168832
2131968
4253056
76003008
1715840
9637632
2686144
38945984
26197120
9258368
1695104
2231424
4077056
42852992
1973824
5037888
8797120
1551936
4207232
3293248
8413440
11480768
51824640
25304704
1736832
4011392
1705984
2602816
4201344
9450048
1850432
3171520
10646464
2246336
11537984
1430400
18651840
1888768
18982848
2249216
7672832
1738112
13229248
2805312
23809280
1603200
3689728
4658368
11482240
1861504
7492288
1809344
50977152
1472320
11201344
1995712
3660672
2985408
9498496
12544960
2343104
2636736
7961024
32960768
10832384
2874816
1721152
45297152
1674112
9449728
1529216
2982016
1837504
10447616
1968896
2959808
16314112
1582272
49930560
72056768
1519296
2094976
18375680
1637760
19955136
3073472
3459904
1800128
2225088
3471360
13972480
4638912
6893056
2695232
17140416
40483200
4198656
4288960
1574592
3040000
16373760
6567680
13047616
4140352
27534272
2964608
2350720
4336960
1882176
20269632
7345728
3815872
2840512
2691584
3102400
3467008
2567744
6379648
1414400
26928512
6939840
30433344
2115264
3411712
6744512
14931200
2072192
2222336
7953920
1769536
3066240
10685760
17254784
13150464
2168128
18542016
1578176
4239680
2596416
12646144
3220224
8656512
83413376
1301504
6167808
1791808
15344128
1893120
3090304
2889088
2668736
5775104
2362496
23974144
1801024
1589888
13195072
16704768
12385984
1366464
2415360
5559936
13553856
2310400
1420416
1942848
8711424
3793024
7804608
1607104
2746944
2282624
5516288
8674880
4049664
40767040
9184704
17306496
1572608
2669952
5118976
17516800
5841664
11143232
15528832
50519104
1607552
2943488
6897408
32016384
1531776
2740608
44956928
2659072
11455296
1701184
33593152
3369344
16010880
2501632
3493888
2046272
3807552
2286272
5548224
11809536
6206528
1911936
6443200
76681344
13713408
1540928
2589376
14866624
1579648
24013184
3564672
8178944
5193792
4280896
8004928
2174528
19716800
1690944
2122432
9215488
12825856
24545792
2188416
3925376
51713280
11312960
1794048
1965632
2505152
12386944
1892480
8495552
1980736
3398528
4128704
7637312
59363392
2074432
1529472
20758144
3253120
3476864
1742784
5718208
1858112
2481088
7609088
12300544
5179328
5651520
1868160
87395776
7667136
6428800
1798272
1871360
15466496
4845760
21708480
1657408
3886144
1608448
2212736
9182144
4721408
8533888
17625472
3137472
1567808
2443264
8463360
1492992
7394816
1379584
6633856
5451328
41176896
2383872
3256320
22675264
4144384
9484288
2422464
5106496
2687424
1689984
40320448
12578432
2480384
2935744
1658816
1699968
2110656
14068672
2782592
12096768
1999296
15011776
3288384
14274624
7158400
1975104
4113152
3739264
35746816
11090688
2337280
3892608
13974528
1531840
10016576
22668864
2834176
2547520
3708352
24259648
2407488
7700416
5006464
1773056
50459456
21972608
1800064
13148992
1666304
48775296
2383168
1662656
2142784
3411200
3876352
2862720
12535872
4337856
1497856
17155328
42888448
31837632
19301952
2299520
4094912
2274560
8193984
3086016
9089792
3726656
5615680
9045056
5687680
6838656
6342080
2488384
3175232
34775488
6384512
1542848
49992128
5529344
14182464
1792320
2311552
2565888
4242688
21138816
1847872
6384000
4110208
6633472
15929024
5774912
2562560
10738112
1908736
37991936
1622528
2309184
3481664
4810048
2347456
7711296
3424832
14493952
1934528
5011456
1482752
80575488
1256640
1923328
17932800
1863360
4849664
1563456
66480128
1680512
3922944
2400576
5131712
8632256
16289280
1860288
1548992
4108672
79039616
7452480
2888960
24085824
4359808
1732864
10129536
18695040
1697728
26539200
1580480
1581952
3470208
1859200
5718144
3427072
8076416
8350848
5921856
2091392
3876864
2064640
3761600
11762048
7971264
4957120
9177152
11203328
15501888
2165248
1601600
2987520
2241216
26754176
1368704
3636800
31128512
1625088
28683584
8382336
2467264
1767360
13171712
60268032
1796736
1479104
130279552
1519424
7946944
1407616
2645504
1357696
2023232
2604544
4944448
1574912
21572032
1426688
2268736
19844096
4050304
1813824
33304768
6222144
1822336
2116864
1780544
7460608
17159936
1643008
1514624
30268352
1330560
2495616
2656512
4345728
1887552
1852480
41010304
6787840
5505216
2919680
5413760
11197248
13124160
31105600
2030848
23496192
1715712
6923008
7093312
10200640
8121792
2264896
4527936
17331584
5752448
4087360
3811456
15798592
1517952
6997696
2597568
6148352
26238848
3410944
8436416
1623872
29976064
42955776
1320576
40479104
1861248
2634688
1864128
7023424
3972480
15042816
1745536
4081280
13326080
9217600
2295040
5270336
10384640
10745024
6619840
14075456
2083904
3401984
15120128
19134976
4574144
19896576
3921088
109505856
6156608
1214720
8193280
1732864
33425088
1331520
19527616
2894784
13934464
3138880
3228864
6443776
7151232
26780608
3926912
6639808
1599552
13073984
7678464
82316096
1990016
1949376
3391360
15432384
6294720
3527360
4291840
4698688
2114048
3047744
2269952
7013120
17639424
16926144
1597504
6488064
1490944
28195328
10709824
28419712
1953792
3214208
29246272
2054720
2748480
4516992
17995840
1477440
12509952
2987712
72256768
5995968
4948928
5847808
15726592
1994240
65423040
7286848
2121728
1778560
2861248
4423552
19935424
6314816
6929088
2806528
1768128
1918528
52651712
5228480
1808576
14276352
3263296
1592064
7168064
1686272
21482176
37380096
1753536
3314112
2735104
7770816
14494080
4121536
2175744
139319232
12023872
1496768
13291904
1548800
5483776
22370176
2631296
1985728
3280960
11157248
14339584
6180096
18796928
1475712
6207552
2400896
26890240
1871040
16732352
9732608
1716992
3281792
4829952
2241792
2809088
21587328
1816576
20211904
5918336
7647488
5572096
4685504
3169792
23092672
3597568
1893760
14855488
2051008
7651520
4217536
4916096
6958336
1656896
74005440
1506688
7091712
2629184
5976064
1383744
10498944
2423616
4829632
10372160
9878912
3897792
2760576
22243712
6610368
2690176
3124160
2803072
27685632
1857792
6824192
31163776
2069440
16165760
1546880
5060736
8852736
51444544
1462144
14508224
1747008
7260800
12763648
3134400
46831872
5041152
9026816
8904128
5763584
2554048
15962560
10590912
2438144
9837824
8508288
46503616
1685120
8536000
7555520
16876992
1783296
7421952
1558016
9791936
35296704
1776256
19956672
36979968
2359296
4989312
43960384
4400064
5501440
9778368
19200704
1530432
37018624
2685056
58191872
2304384
35927872
1456128
6975616
3519552
1285376
12923264
2081600
56248896
2940096
4574784
4131840
2491968
26589504
33106944
1673984
69497088
1696256
4685568
1709184
4087872
33863680
5002432
1312768
3115136
18840832
3796992
4469824
5442752
1590336
16486912
20400384
3042240
4321472
1688576
7869312
2054400
62556864
8193600
2078272
2887232
5851584
13497216
2964096
11408576
15253696
2964160
99249024
3259520
3713472