433088
505472
605056
691840
959808
992448
1018880
1111744
1342080
1101568
1821952
2381440
1556992
2691136
3960128
6022272
7488192
21965824
63602752
47908608
85284352
20565056
23063360
34751872
15225984
38948736
21315648
67667456
21390720
48480576
37415552
95492864
36444096
37862528
142738176
68931008
81461568
60751744
72278464
57794240
123627840
62803200
42468096
134709440
30518976
103693568
72447552
136199936
109373376
121632064
78275328
92730816
99454848
58671616
165278144
63506304
72441088
122157248
73510464
193862592
128448064
65069888
156947264
80313088
147730048
114271872
112916544
69541248
90885376
188336832
58449408
197104704
80366848
228640256
117159552
202534720
89247872
188931072
80787776
111465280
76683328
131428352
85555840
203552576
82067520
142729472
235231040
75156864
153836416
100185536
172763072
109374080
88241728
264317824
176794176
174150272
160739328
71719040
127820544
136970944
112069120
94994176
330090112
164442368
116085504
162715264
358603136
190406592
106778944
258679744
163705216
135609856
161322368
154547904
159621504
117804288
281447232
174241984
243615360
209438656
209662080
192007936
191761152
154894272
246212800
176888192
169692032
195402240
127170112
203641728
118926272
188651456
304254848
339394816
131422656
224185536
135116928
199920064
122885696
143280960
145257984
180984000
173528128
170007424
139731968
256686336
125291264
207453888
132017024
195745920
202858368
283216256
204961920
252975680
165716736
219460608
187005056
200499200
142056768
235017088
176074112
210960256
218214272
221463744
136043584
198848576
280939712
278649280
205217920
192767872
154900160
183447744
214238848
273085888
142482496
356384000
182673344
164299136
189194304
164963200
231840256
170408512
270302656
297726464
255794688
185978432
220829888
178187392
280914496
189872000
180830336
202667904
185353472
208410176
214595712
242389760
230221760
259367104
202445440
179437824
247994944
182461248
247132864
224479040
212638976
194097984
229902912
233901888
188890816
161792384
166965312
306889280
302217536
162368704
190527104
214506688
191244800
170656576
292499904
165569728
232446656
299743744
285490112
151169984
255433984
209802880
182535104
221665472
175009408
231487360
327933952
228545920
181995584
204020992
187168576
192585472
179510016
355127552
266188736
178147520
237396032
232790336
183139072
194385344
157179200
247334976
180983040
305775552
192392448
221632064
190833664
298512960
177451904
199928576
194673152
187534464
233601728
358074048
277406528
181936960
234104704
223029824
303185856
243501120
250694976
182399040
252969280
203555392
219438272
242504704
335120704
232200832
188468992
311127232
252503744
186856192
206436096
219242688
203894720
175648704
268527680
311001792
196427008
178955328
197260672
243142400
398852096
302681728
194205312
203112384
229717824
255941440
332487808
198995840
215027264
204301312
186752768
189398976
256020096
189542080
247039680
190142208
276984768
191514304
260356992
224273344
205378880
167931584
271001984
213448768
255890496
184844096
215865792
197910464
243452800
178675072
228985088
195501696
282736896
207530432
289780416
202475584
176952896
331961152
180769856
223265792
179264512
204721856
264501632
218654592
214497152
304348480
179782912
224155392
234886464
242981888
182972096
247102528
238751040
189525632
181972544
218152640
193818944
237305344
275170112
222057472
187021312
241742528
213723520
308098816
195868096
294706752
197876800
217443072
190318464
226950656
188907904
273466944
235225472
259968960
183437952
228383680
219379776
290452928
218089152
240232896
161976832
228878464
216100032
206899776
186619392
231456832
183132032
293923264
228255616
223615104
178244352
203586880
239263104
305968512
202980416
224792576
183024448
200944000
212801024
246947712
193854208
187309376
177963648
206961728
295005056
186211200
219896320
193549120
246594560
176985792
201157888
194070080
218575424
247051072
181007360
266503168
194615616
190596864
318176000
187053760
336841152
189408320
187953344
222677952
205716096
206927808
218319872
227938240
247233984
259172864
205543680
206807232
186670848
273011456
207335104
233272384
185948928
188483328
242735360
238093760
244076224
213819712
224888576
203169152
201323712
294834880
222589888
250438080
210294208
197535168
203442752
245326784
219204672
220982336
205620416
254987328
185541568
203622592
228750208
270998464
196071424
376141824
164370816
205404672
191428864
208197696
198562368
213309504
224149440
234927296
184585536
260450496
198079424
207585856
171333696
188520512
237574528
236643968
188171200
196611456
220526528
302075264
197848064
201673536
191286784
179779648
208694592
246149696
201669952
183617408
258479424
311931584
208976832
234357440
193715008
268649600
184897664
195861376
196648128
268890944
237773952
224429248
223878912
242625216
185267648
196384960
226790016
258399296
233758528
218459904
217080320
209756160
191978432
185801344
214912384
196571136
331560768
270760768
193488256
269641408
191778432
342491456
245556544
200037248
211627392
214629952
214922688
193940544
251971520
189942464
271735488
239185856
190181312
235442944
196983360
185752448
236856960
170064512
229185216
200641728
185625344
234475456
290845184
201489536
189739904
215828800
231329408
220606592
196501184
257597056
219341632
242153216
186976384
212819776
236288256
199454400
241305664
186523584
251645760
259474432
217955968
194280768
193349952
216506816
253803712
182997312
273839104
249102016
249923392
209222464
231858112
203945792
185000640
200983232
228966592
173030720
205985792
218381376
369780416
241997120
218020416
253480192
180737152
208063744
182050560
312188480
182220416
269005376
302959168
329393088
230656064
200751040
197317888
289040576
242279488
198075392
257466112
223760512
223219200
247377344
202058624
192595328
202253760
237288704
210203712
189409088
212662080
227665600
211198464
339728640
226339136
222998592
197213056
184065280
191869696
237586624
197572288
298731904
196361024
233731520
206388096
210295232
195338368
248342272
237633856
237231424
199973376
224683328
186904256
226302400
184068288
255851712
206560000
202934272
221114816
228093440
197594880
262633728
181040832
256883840
175926720
260791360
274167104
269902784
262846080
193308800
205970176
219617024
284791552
204675968
211196032
212447296
183098752
215222336
194238720
276814720
183493312
215128128
181662464
289890560
185522240
247953088
248595968
199787776
184721024
213892928
228176448
199846592
301564608
233770304
189433728
173962112
281179072
206629824
268690752
247830464
238617024
193491264
196163712
211600128
228570816
248882624
227759360
239275520
215120832
248287936
285170112
230391168
261254208
221121152
242613632
173347456
273147456
288696448
222219072
197168192
245234688
175607360
220531392
214742912
281218240
289595776
183500416
183405248
210037632
222637632
217689152
252872576
312775040
186584448
262468416
185952832
221891392
201557120
235341376
255702272
231418112
201156160
217160832
230042560
317077440
187080832
211775168
188394496
207797632
190082752
235270784
226555904
256523776
188940352
255864000
198358848
271268032
188258304
262425920
287243200
226091456
185271232
285849152
236943936
192897216
238280320
247584960
171695232
232041728
173262656
225830656
286768192
204698944
188907200
253177280
181404160
218494784
179030464
238679040
223861504
209873792
281202752
240991296
222538944
180392896
245237760
181129600
371174848
210566848
201543552
203275392
250496640
210187904
172385792
271166400
191386048
320157824
240690112
283671104
194281984
190905408
230902848
225369216
298734144
255554944
200494208
237656384
185221952
191999104
196061760
257148224
209829696
236094208
216787136
253701376
243093632
206060672
217491072
192489728
281754304
213497280
226623424
200395072
200976576
258518016
287915136
223756672
290956224
237239872
205833280
235227776
229374336
233370112
210375552
219299840
199223872
171224960
202559616
282468224
286661568
220795520
176078400
218408768
209450432
218642880
336157248
225345472
278930240
200408576
237698368
219143808
310937920
203282176
230740608
288202240
270422656
180622400
273191616
183976448
235867968
177230848
203491968
229890880
196976064
244002368
230343296
273259968
189272704
285087104
180906880
352015232
242260480
206575488
181145728
226998656
256861056
236027456
202809216
238941952
231463104
237922496
184334336
198932224
309838592
247830848
317589696
208797888
253916352
336169280
198869056
208360768
210871104
289103744
390220224
295007680
211533888
222616896
269946432
210626752
221427904
215256768
194321216
189259008
278920320
188221248
243467520
186070784
258684096
216647872
261976256
375526464
303483392
211627648
171927552
198854848
287615552
260692352
221110848
204718784
220147584
183075136
304052096
182119616
245446656
193254912
323430208
208627904
212092032
220467200
274473472
249466752
214564416
184168128
201313280
192308480
291855424
217781056
213851648
325922112
235212864
195585408
306137280
240687232
279452032
205796544
214089600
212233920
312213184
348116096
185182592
221685568
262846144
275259200
285035648
195713536
208625472
170924928
305861120
256735488
253189248
195311296
255373568
276833856
235898624
269516544
258736960
206417856
201854592
183067840
333955392
180027200
240390272
311288832
232929984
189485184
229891840
221135616
179829952
223511168
262828928
172092800
210036864
195796544
235170432
391387584
188425472
219167936
203555328
198295808
209288384
305614336
231124800
222840256
198672768
400781056
279847616
268331392
182753280
225326912
188595456
213857472
206408320
266825728
203094592
202212288
268470208
195396096
197554624
263338880
168082240
238208768
250826112
357745408
227258688
180219648
233343168
313603904
181562176
189930048
334357888
256646208
225399616
218349632
171027584
241288128
282734080
241239104
184029120
235367360
234068736
258680320
260800640
270402560
183366720
258420736
193752256
223384704
221552192
187281408
291373504
249617664
206283840
212037504
295032128
255096896
217888000
196548416
217660224
190306432
308373120
306189888
270750912
274912576
192476928
183388800
219220096
237165376
203780608
204338880
183354560
316985792
213095680
323731648
304257600
221267392
179440384
290985152
206024256
229176128
209242432
238115392
249252864
240662784
317478400
218046592
200352960
336608384
188837056
342442560
200530432
226517312
180054592
280324800
244287168
207591680
237349312
264129408
315177920
199795520
194298496
190212416
239667456
408534400
281425792
200216896
290697664
228249088
224139200
202921024
325632384
190389312
205439040
209726400
192565120
376336192
275975680
341244032
192498880
174405888
215336256
503145600
225525376
191536128
192442368
173043264
251928896
186167936
196445952
346570816
436938688
230390528
221081216
205463936
255066560
330514432
223530048
207715584
212911936
197726784
196224704
262377728
190747584
172512832
256902720
194678272
220144512
215387840
222138112
251670976
208610688
200627712
296831360
267860416
333598656
201159040
208931968
262275328
180425600
255443520
175919936
190657472
237926656
266576640
228827008
219242048
202324672
241791936
224343104
188432896
223484864
378061952
233942592
390993024
174012608
193668608
259721536
233641920
259310016
170112192
237494976
318235008
303927680
292888064
186753664
188531136
225422912
226467264
180320704
237026176
338910720
219013760
210938688
181970816
195944768
277424000
209598464
298637120
187370368
297713152
179165824
230631552
221372608
193430016
188933952
188967872
266058560
254588160
179628480
483641920
206697664
222366976
254847808
397260032
200760640
206101120
170837120
322732544
252796352
273272832
184893632
243049984
257446656
179043968
392964224
236965440
215608704
184596608
226753600
213912896
207375040
260210880
282330944
213134528
225076288
189224128
318064960
208747264
230194816
268358336
403596928
236593088
191819904
224543424
348556672
200516416
260426112
190235200
190390720
179459776
264760192
266119744
269554240
268323776
177844288
193623488
336305152
239188352
192985280
218165760
194264960
230189824
190756160
176729984
270280448
218063744
229453568
252710272
327515584
188057152
253446080
280357888
247083904
349050304
263495104
209044800
250148800
204827136
171636608
227476544
305926016
200238464
207989504
329795072
202393472
252911168
294263936
194491840
197075328
202705792
240805824
180013120
389292160
179053952
259088960
209651136
303448832
198292160
205207040
251480384
244915328
209775936
180497984
261508096
266648640
200148480
193873152
183644928
343795520
207597440
290253696
196484992
248397888
308837696
221733056
213636416
210373440
271674880
282130304
247337088
208394624
238936832
255665792
192962880
194670848
260091072
186945088
239407424
239662144
248921792
374900800
182978496
198211200
242992384
248589504
227475072
232630336
239036608
257358592
258160128
263592064
312537536
213769280
207630080
187881216
262708096
200104128
207530112
232552896
229114112
186704448
193214976
311697984
214610944
179059904
314115200
258588928
188501632
176772672
241401152
240028672
268842112
208015616
279809728
196738048
174744384
295979392
334491520
174167936
199508544
212854400
281092544
175201344
290334016
175912512
227060096
237720000
257723968
239260352
295225664
192735488
229571584
204840064
191187136
208342784
250021120
337980032
279180800
178542784
208865792
216582592
300495616
216451776
233417984
200950016
363815360
237539072
227319232
274615488
170689664
293789696
179090240
282785216
160674304
268184960
195923968
229355712
189275520
202654720
343255168
265728192
186458496
205430016
185714752
260837440
228692672
283555648
251880896
215460352
183059968
210884608
241372160
288600960
235060672
212216512
245286080
202147136
250589632
174440640
225178624
215601344
239445184
197892416
381815808
264558016
235377472
175193920
249025728
223330240
194369920
208537728
193393984
331915264
180040192
246435776
247831808
231384640
347549824
208511744
178208000
213376064
246099712
257192064
319302720
200628480
201554752
208517952
309308992
390486080
317950144
206040768
272897472
232716992
212459584
208137728
266955328
252062656
177720384
285945536
231851392
227299264
191237696
246807616
243075520
193629632
183039168
301835008
208799552
207755776
190438848
254208768
176370048
236210496
224302848
182614784
203959040
281771520
237791104
339453568
210476032
258318208
233338048
181916992
265386752
172990976
247870976
361193472
273919616
221749504
216631744
209106816
240587328
226614848
322703680
210635328
213536704
305211072
353641344
220323136
345978880
198716416
211333376
206838720
401080832
203100864
231692224
183263616
224579648
198440384
383213632
349743488
181325888
277498368
229525248
216605376
214313664
227158208
222784000
187118656
214370176
213259136
309567936
320139648
190073984
223528832
211510528
238586752
294414976
284534976
269940992
188110848
171830272
241927168
228414720
326555520
268704320
180535104
191762048
248699392
236995200
218465664
193099264
377443520
236280896
184388608
241900160
332835904
213372096
200473472
257830848
243112384
232991488
187705536
193758720
187560064
262418944
231564672
259239872
211483200
340663488
197627840
280116096
259743296
218223360
309338752
222347776
186312704
243897408
278854592
262639808
168673664
215809088
229561152
278011968
264899008
380140480
200936832
185668672
181714240
248159936
304854016
213362624
195515776
234616128
181480512
198925440
173169536
411736192
444092864
222510848
210475712
193399360
218042880
334017920
183823168
307269952
170609664
218761920
201610176
342838144
229398976
188314496
234217920
187347840
282360128
417627264
205659904
245067840
175183424
202787840
261898176
277862464
323452864
229653376
174503360
195129280
273788864
173613504
283632704
199701888
216110080
198391808
230258176
194975616
254519680
182421568
199576960
283930624
401346176
218835200
224024768
209090176
210962432
250683136
191664128
233160448
182956224
268185472
207381888
204429504
339976000
178390720
242574976
254777792
188705728
264748160
230536384
196040128
229110144
236342592
226269696
210832832
218566592
167628864
233717184
187932032
249497984
401914560
300250304
188081280
210971264
251583744
202414208
237840960
248277312
201042624
203368512
211724608
235370624
195319488
283876224
329391296
279946624
176445760
197015872
352370880
248139328
265484864
198532736
241900416
248178560
200265344
218949568
190373248
255200640
202686848
221537728
268906624
193547200
201857408
261617280
274626304
353268160
195380480
256814976
229729920
323938560
204432256
237089920
211214464
231342848
254620864
258621376
262950592
270227136
234918848
175800256
300466880
247183744
201860608
250036032
265795264
201367360
200972416
243126784
340371328
418802752
223382784
252812544
197012864
173415616
448148608
236575424
199274560
175830272
187491840
203288768
299631104
267616512
240486592
207132160
197152960
238813312
261463680
198970240
279751488
190498304
210571072
209815488
280155200
265101568
285338432
226834752
230835264
192125504
311277056
246102976
258819968
467203008
425172928
191175552
286726016
170806848
271498240
160191360
298018304
185478464
232127424
237445760
214655040
270297536
173202240
272185536
204105152
224408384
225086720
313200960
196642944
268345984
228316800
210124864
215363456
188875456
217411008
196807744
330796480
253286144
234740288
220967616
266088192
292555520
221982912
228970816
212612800
224895104
192392768
322950656
241187072
253747712
295686080
303515008
176155136
209579008
288822848
236231680
204374016
301926976
219025920
207103872
212167296
257295744
167630080
276354112
280803072
190167488
242373312
328247424
181369920
235860928
195816896
308739904
172243200
300241280
228482176
212141184
196763008
297109504
207560384
345849728
202866048
182031232
188673088
235020352
216374656
202990656
383305600
297519168
210660288
249118784
190315776
209909440
252771840
225286592
182830912
221074112
217349760
193691456
280448512
294989440
274844928
200706496
213815296
297417792
195383616
238754688
247137472
188750208
340012096
211483264
215754624
205760128
273254272
389321344
320761728
205797568
261964992
206907584
190125248
184510784
226975168
243783168
221171328
177867584
336105088
203652160
218532096
178742528
284275584
228193024
244994560
192689408
242263744
239508928
171739008
272884416
198723776
202987264
243794560
246512768
249732352
270863872
199738880
232342400
378228736
205337600
186307776
195588352
313094656
211237504
234152704
200111680
198517824
209833408
259114560
200873472
223640192
222039616
171720320
276414336
265858880
390783040
244619008
218168576
186292608
288931776
178195200
257318912
215826752
227875264
235118016
177192512
212589632
249681280
333718592
244086784
233091328
204151296
236115712
252141888
196609920
231246720
191144256
244527872
197897792
328824576
306141056
180855040
229560832
206889728
212803392
255475584
200112320
188360512
231168064
222486336
248187456
206945920
219565568
191679680
197537152
203280576
233326272
214347712
225761024
227862016
286519872
199871168
238509760
188511040
253433408
250553856
225824832
268573120
207913408
211547264
281733184
192848896
202665536
245845888
320431872
214248192
207221248
253287232
214321536
204708864
210244928
305175616
206315392
214340992
332392128
175011712
326856832
256770304
186017664
227856832
264457600
241052480
245939904
252681536
285921152
213061632
183564800
194783104
213829504
292935360
228863296
186194112
211884736
198449472
247253824
206023488
267349952
258295360
234658368
243835520
333596096
300957376
281675136
217195776
272473792
192134528
195229888
215295616
270670848
174803968
185132032
227902272
238505536
197845568
217500864
179755200
204712000
405418624
252129920
238753344
201514560
258965312
210960192
234453504
235114240
190568704
222113984
268842752
275314048
232733056
282609984
173145856
237665088
224373824
250974592
190414784
260495488
266066112
218308352
263276416
208847232
195840320
172373824
253509056
205339584
205578048
171403328
254790784
230430464
275042880
189392768
209813184
345163264
308639616
221054528
182114944
240931776
306873728
295345984
196519488
293810432
272139392
259795840
188562432
447110592
235761280
246715008
210518144
224484032
206561024
318376256
188999360
231137216
221525248
267600960
198768704
204341568
192012864
238163584
221356480
203712512
311886208
204507328
231469632
227343936
242378752
191625408
266306560
272522048
209237952
176908544
245979840
182552320
187441664
170601024
241093952
193480128
350843008
295590208
197249536
328577984
218115520
280095936
217513920
223834560
193832960
243581952
316810560
249156160
186194688
182830144
219009536
206697344
242274432
246116096
214408960
339064640
174169472
283287744
262336576
257460608
178220096
342855808
211009472
223620608
197694528
233963648
212133312
192206528
204536064
252184512
193517696
272993216
221492160
213234368
200873344
201967360
219560192
255067008
188543872
231817344
192145088
223488384
223733696
308343744
234852736
243977280
204528192
308787968
254035584
207901120
219741696
231895744
267817280
227197824
225467456
212681536
188430080
214556992
251995264
174579520
244131968
192418880
227265280
227426176
182812096
364312448
315623808
424921408
171497280
254829248
181268864
203734528
278469824
190423808
246379648
240579968
191331200
234891840
238754112
241099712
183220544
208085056
209632512
296377536
203653120
207568768
255157888
190624384
174794880
354891072
189125568
196231488
251989120
184631488
207556416
312755648
254842368
185086144
280571840
203256768
183831552
168192640
200367552
198012544
315184448
203111232
188041088
196655808
209377344
280300160
233439616
316381120
194868224
189669440
201627392
393882048
204937088
204190976
235425664
224884096
189605952
218660928
213709760
198141696
215337344
203116352
253525888
223875200
322735296
327606912
211823872
210633088
214530880
176014016
216306880
205478912
208046592
192851392
227561600
201993600
222069952
220046656
222838080
261298560
227419712
216961024
219265728
253963264
190172288
197958400
211098624
227936640
191773184
245356480
397385088
186702272
184251264
232407296
188046720
223183744
273927936
232757376
220563200
183323456
217721088
197171968
230916544
201576384
240645312
236478784
229899840
263784000
317187200
256378240
192392832
266648320
222395072
237212224
214865536
221629120
192942080
245062592
205508864
201349632
192967680
309873408
390363776
249681024
223489408
193671104
269740032
166952256
264454208
265150784
216210112
196110592
207755264
306558592
198499712
228975232
346059968
306483968
174898176
199241088
207289920
356389184
511730304
179760128
212605824
268412800
241793280
175239296
283588288
193741120
254515968
207644992
269403072
194592832
239979392
243031936
189958656
307475264
230114560
211928576
364633152
181775680
335706944
208518464
210877952
169708032
206392896
215734976
183449728
234690496
282277184
179414144
269397824
190347456
215944512
279769472
198690304
283788096
202346880
255142464
208225792
224149376
202014848
205426432
183275712
285877504
274306240
228923904
219274368
203560000
275429184
228358784
244485632
258729152
263909056
250954688
260176512
217529152
179714048
242470016
257913088
270226368
207082304
245074752
244317952
191545280
199333760
248422848
325483008
179759424
234699648
192365632
175998976
334943040
236366976
189231552
215691328
188698048
190793536
253107264
175781888
247643072
163859392
307070656
186521152
209967040
182563392
239870784
256127104
190631680
291568576
253080192
341056064
208426304
165647424
197736128
245158784
183122496
250594496
234202496
320278336
217798144
222810752
267791488
196858624
202396288
292566208
224422848
343550272
238094144
176287232
225772288
213571008
263788096
193174592
208673984
199170880
226024192
187337600
278675968
368631616
231625664
200801664
275801024
232066944
222408576
218396608
291929344
237387264
215883520
366461632
237444352
186353600
241642624
252332800
202131904
238457280
298498304
255968512
259733120
186186368
227196480
319905152
202894720
231897856
227264896
256185536
172658880
207969024
208815872
210439296
290102912
321976576
182680960
283601728
181758016
207213888
175540608
250184768
172735040
266290560
201692800
208867200
241646912
212087104
323649216
213791168
248070592
188867072
264544960
183120832
241697536
248037952
213273152
265306368
310490816
225599680
204926336
228688896
306935552
258905856
194310656
251303936
178464320
203555328
256370368
234990016
223196992
247187136
250396160
220694208
203193152
304204096
188750784
230139264
210206912
253263936
233862016
174125056
249590080
272273664
232293056
240976704
197856128
274982144
191831616
225800704
322881408
228896448
252913088
203525184
203779200
211331200
235920832
207203968
238174336
233813312
252325952
175536128
194212544
216622720
230189312
167583232
226501120
225433984
203059712
225754432
310023808
286509760
193941568
281530560
258233152
223531776
281870016
192868288
201666688
221835200
203392192
231963968
191627200
188201792
224829696
235024768
242518208
210593664
198404544
213982336
384919232
215342784
226607040
236615232
197963840
236007360
268959296
182281024
293809152
371822656
204564800
241360384
324305792
204351552
188209984
334505216
212884992
214071552
186988800
258465280
304794432
232961984
185878336
221062976
274410944
199103360
180977280
272593152
280107456
200249984
208019072
199372672
289766400
349753344
274161472
208387072
170441856
206474688
173705792
260681600
284488960
267473536
227436096
207551744
319587392
209508224
213758976
221272768
240606080
273319104
226483136
215457856
184333824
212996480
208122496
304170560
279750976
310772928
216993152
219615680
206908800
219124224
184772928
247835520
185794752
246382848
265211456
256471808
194066560
194420736
205883456
240584320
254200640
193385856
263122368
243488576
268096768
184423104
364109312
188468800
219463104
183313984
233168448
177593408
215200512
231222208
225425856
210735680
225284032
210905728
238348480
416816192
245506560
280228032
321007040
178831872
216409088
413763584
181782464
281642240
213179072
192122688
198354048
260866496
183836608
265734656
210186112
202740800
198690560
326329728
172302464
234660160
235460160
190588864
276459648
215737792
249107456
189790080
233149568
189898432
274027264
220007872
189827904
222700800
285100032
297043776
183281088
197192000
220802944
254098304
251738752
183251840
201992320
232675456
390451328
218147840
210846144
277883264
228319680
301311680
227920256
175275584
307600384
244084736
229915136
224168000
210749568
193701696
243177920
224238848
194164608
308945728
196408512
173729792
205212992
190672704
259428992
392771136
227362880
230898752
191029696
192833920
304281856
206255936
227620032
237267264
224922048
267976576
211007168
321032640
184899712
223678656
276666304
175082048
301917056
289730432
174464384
200496512
204183424
415860608
314769280
199570048
284054080
199259200
190429440
224219456
233978944
218649536
208356864
205884544
177458432
217938240
207215616
194728384
212548224
183984384
269588416
256113920
258211712
213416960
193952320
230008256
195667200
230565056
206337792
235006464
210716096
195281600
259148416
225070464
186208832
255803584
216796736
228582016
204273024
296882752
248048832
212417408
287178368
235737728
322534592
208053120
240662080
355862912
196622656
208740096
193890496
195699520
206628736
206461824
245892800
167175360
284207296
194091776
215759040
212819904
344118144
220610752
192215232
237468800
202356608
190475200
207478080
243649600
205090048
245473280
311323904
186406464
174759104
216185920
292490432
213689152
276849792
252282624
214535232
247780160
269696704
225150016
224042624
205281024
316549056
333937984
239407168
227281408
186018496
256889856
210853568
255582848
215025024
194336960
261361280
282351488
187288704
189016704
196151936
225383360
331473152
208663872
193895808
177807808
241177536
234577472
218588480
246626432
273098432
185996736
199027904
200121856
218643200
243115456
309488960
208303104
179932416
185753536
235233600
187714304
252684672
220752768
311411200
216454080
216017792
262314240
267952192
350657152
318977024
176300288
241315008
267089856
215246400
198395456
204449408
227943232