0.00472
0.005969508551061153
0.0069717406295239925
0.007869432680308819
0.008344250731170177
0.00876624695956707
0.008548140525817871
0.008875641040503979
0.009617364965379238
0.010801440104842186
0.010507408529520035
0.010688104666769505
0.010303322225809097
0.011203850619494915
0.011882168240845203
0.01070666965097189
0.01277067419141531
0.01201584655791521
0.012766300700604916
0.011710777878761292
0.012829485349357128
0.012535300105810165
0.013169464655220509
0.012002254836261272
0.012149914167821407
0.011623094789683819
0.01255892589688301
0.012297152541577816
0.01225189957767725
0.012895964086055756
0.01258060522377491
0.012404353357851505
0.011919290758669376
0.012072271667420864
0.012420635670423508
0.012948465533554554
0.012572080828249454
0.012554413639008999
0.013008281588554382
0.012218069285154343
0.011755293235182762
0.012292975559830666
0.012171541340649128
0.01166910957545042
0.010906005278229713
0.011436402797698975
0.010934824123978615
0.0125716682523489
0.010736812837421894
0.012027407996356487
0.012631397694349289
0.01197184156626463
0.011898325756192207
0.012057769112288952
0.010617902502417564
0.011096715927124023
0.01143935788422823
0.011796346865594387
0.011662095785140991
0.01187543012201786
0.011694008484482765
0.011082547716796398
0.010521398857235909
0.01005489844828844
0.010088061913847923
0.010804284363985062
0.01232252549380064
0.01177681889384985
0.01114051602780819
0.011540528386831284
0.010786733590066433
0.011195344850420952
0.010814887471497059
0.010070506483316422
0.010260488837957382
0.011393147520720959
0.011481407098472118
0.010306303389370441
0.011335155926644802
0.011886262334883213
0.011056579649448395
0.01125166192650795
0.010665906593203545
0.011606135405600071
0.012145111337304115
0.01006233785301447
0.010923946276307106
0.011372702196240425
0.01100179087370634
0.010381815955042839
0.01067882776260376
0.010901778005063534
0.010687432251870632
0.011126327328383923
0.010273818857967854
0.01051059365272522
0.010961281135678291
0.012174862436950207
0.011325934901833534
0.010636533610522747
0.010790151543915272
0.011400203220546246
0.011955728754401207
0.010759755037724972
0.010077199898660183
0.00964493490755558
0.011442380025982857
0.011409723199903965
0.01131078414618969
0.01093823928385973
0.010476415976881981
0.01142904069274664
0.01187901757657528
0.011067687533795834
0.010585489682853222
0.011137210763990879
0.010465522296726704
0.011134577915072441
0.010492086410522461
0.010644620284438133
0.01085834950208664
0.011013561859726906
0.011889385990798473
0.010977254249155521
0.011817644350230694
0.011763273738324642
0.011106794700026512
0.011251714080572128
0.012036358937621117
0.01038521807640791
0.01101383101195097
0.01153694186359644
0.010582623071968555
0.010661368258297443
0.011250381357967854
0.011158443987369537
0.010838281363248825
0.011918225325644016
0.012341994792222977
0.011009792797267437
0.010921881534159184
0.010958668775856495
0.01248372532427311
0.011628237552940845
0.011792059987783432
0.011450910940766335
0.012515720911324024
0.012903127819299698
0.012700311839580536
0.011251134797930717
0.013115956448018551
0.012650874443352222
0.012798509560525417
0.012230070307850838
0.012098829261958599
0.012229090556502342
0.011915871873497963
0.012287509627640247
0.01109690498560667
0.013177740387618542
0.012126789428293705
0.012462913058698177
0.012457704171538353
0.0130814453586936
0.012546033598482609
0.012953228317201138
0.011716586537659168
0.011811978183686733
0.011278842575848103
0.01212482713162899
0.012179831974208355
0.012467315420508385
0.012036982923746109
0.01328553818166256
0.014950551092624664
0.012102416716516018
0.011987808160483837
0.013841012492775917
0.012945341877639294
0.01193347666412592
0.011798924766480923
0.012340009212493896
0.013726222328841686
0.012882161885499954
0.01301891915500164
0.012163902632892132
0.012647759169340134
0.012655810452997684
0.013509015552699566
0.013287133537232876
0.013475064188241959
0.013025382533669472
0.011942503973841667
0.011831752024590969
0.011494318954646587
0.011797813698649406
0.013264735229313374
0.01377751026302576
0.013485089875757694
0.012207224033772945
0.012517035938799381
0.01224526483565569
0.01353374682366848
0.013884133659303188
0.01363732572644949
0.0137138357385993
0.012447402812540531
0.012551156803965569
0.012523086741566658
0.012605697847902775
0.012719768099486828
0.012854264117777348
0.013588063418865204
0.01335603091865778
0.012423304840922356
0.014040789566934109
0.01342956256121397
0.01313041616231203
0.012851247563958168
0.013772780075669289
0.013805598020553589
0.011859407648444176
0.011898407712578773
0.01420062966644764
0.013541349209845066
0.013363372534513474
0.013581864535808563
0.012871156446635723
0.01211368665099144
0.012986486777663231
0.013733462430536747
0.011745288036763668
0.015139065682888031
0.013901995494961739
0.013166378252208233
0.014159666374325752
0.012895504012703896
0.012436100281774998
0.013109873048961163
0.013269748538732529
0.013088260777294636
0.012392468750476837
0.013064742088317871
0.012519345618784428
0.013260280713438988
0.013059397228062153
0.013907440938055515
0.012869291007518768
0.013564657419919968
0.01331302896142006
0.01367401797324419
0.013269023038446903
0.01286216452717781
0.012888018041849136
0.01477621030062437
0.014624831266701221
0.012188049033284187
0.013341166079044342
0.013636804185807705
0.014231877401471138
0.014083174988627434
0.013298893347382545
0.01347040943801403
0.012885557487607002
0.0141318803653121
0.014552229084074497
0.013744940981268883
0.013294657692313194
0.014434516429901123
0.01324472576379776
0.013266223482787609
0.012270038947463036
0.0122842937707901
0.012629915028810501
0.012947428971529007
0.012967263348400593
0.012778112664818764
0.013684219680726528
0.014107605442404747
0.013567255809903145
0.013991935178637505
0.013455917127430439
0.013239365071058273
0.013345206156373024
0.012877145782113075
0.012472353875637054
0.014150873757898808
0.012807675637304783
0.012608637101948261
0.013799258507788181
0.012919757515192032
0.01281887385994196
0.013559078797698021
0.013855074532330036
0.01232757605612278
0.012923439033329487
0.01293003186583519
0.013721591793000698
0.013302401639521122
0.012363011948764324
0.012010332196950912
0.013280526734888554
0.013704338110983372
0.01352514885365963
0.0130356065928936
0.014238827861845493
0.012604105286300182
0.013174897991120815
0.014148673973977566
0.013562877662479877
0.014009850099682808
0.01425949390977621
0.014807390049099922
0.013116846792399883
0.0150005416944623
0.013284443877637386
0.013119054026901722
0.01487799547612667
0.013913608156144619
0.014378166757524014
0.013909895904362202
0.013217439875006676
0.013443095609545708
0.013802409172058105
0.01419459655880928
0.013465482741594315
0.013724910095334053
0.012632758356630802
0.014410782605409622
0.012133968994021416
0.012884722091257572
0.013962198980152607
0.015125362202525139
0.013679126277565956
0.014185620471835136
0.011801705695688725
0.013490894809365273
0.014672230929136276
0.012908770702779293
0.013540242798626423
0.013483630493283272
0.013389588333666325
0.012089643627405167
0.014079539105296135
0.012973219156265259
0.013842287473380566
0.01340933982282877
0.013690676540136337
0.011668111197650433
0.01360848918557167
0.014537883922457695
0.013114727102220058
0.013296638615429401
0.01358161773532629
0.013974137604236603
0.013510172255337238
0.014146656729280949
0.013938972726464272
0.013096450828015804
0.013426597230136395
0.013645499013364315
0.01403947826474905
0.013208874501287937
0.011913157999515533
0.013810415752232075
0.013661406002938747
0.014385133981704712
0.01208175253123045
0.014278437942266464
0.013132845051586628
0.012828418053686619
0.012964352034032345
0.014008801430463791
0.013368985615670681
0.014362195506691933
0.013709566555917263
0.012903939001262188
0.012659857980906963
0.012911404483020306
0.012639341875910759
0.01251407153904438
0.013054700568318367
0.013372546061873436
0.012449090369045734
0.011868248693645
0.012744558043777943
0.01248757354915142
0.01360043603926897
0.012271885760128498
0.013324132189154625
0.013151503168046474
0.013501274399459362
0.013364066369831562
0.012730623595416546
0.01215826254338026
0.012384777888655663
0.012150675058364868
0.014064669609069824
0.013162531889975071
0.013545786030590534
0.013239949941635132
0.013447391800582409
0.013854863122105598
0.014588910154998302
0.012520776130259037
0.013989797793328762
0.013146862387657166
0.013168303295969963
0.013526658527553082
0.013784870505332947
0.014049961231648922
0.012334800325334072
0.014195519499480724
0.012377751059830189
0.013547403737902641
0.012775279581546783
0.015396920032799244
0.013356441631913185
0.012012073770165443
0.012864691205322742
0.013221530243754387
0.014110504649579525
0.013767795637249947
0.0121222622692585
0.013601358979940414
0.015354366973042488
0.013490800745785236
0.014753527007997036
0.014245422556996346
0.014150205999612808
0.014360001310706139
0.013778751716017723
0.013623609207570553
0.01399221085011959
0.01478569395840168
0.014790362678468227
0.013579614460468292
0.013646460138261318
0.013506781309843063
0.014184128493070602
0.013976512476801872
0.013534695841372013
0.013266760855913162
0.013626065105199814
0.013697292655706406
0.01389705017209053
0.014930990524590015
0.012981506064534187
0.012574607506394386
0.014129244722425938
0.012986120767891407
0.012571998871862888
0.013106899335980415
0.012017441913485527
0.012590235099196434
0.013900717720389366
0.013616056181490421
0.014447213150560856
0.012262287549674511
0.013168956153094769
0.013249937444925308
0.012578618712723255
0.014079760760068893
0.013316283002495766
0.011964366771280766
0.014298809692263603
0.012139667756855488
0.014137651771306992
0.012693353928625584
0.013257854618132114
0.014253385365009308
0.013123014010488987
0.012291689403355122
0.015189331956207752
0.013971989043056965
0.01304839551448822
0.014066636562347412
0.01336370874196291
0.014270765706896782
0.012027343735098839
0.013640028424561024
0.012513269670307636
0.013266362249851227
0.013717266730964184
0.012682363390922546
0.012289192527532578
0.013191803358495235
0.01354648545384407
0.013250656425952911
0.013932422734797001
0.012389588169753551
0.012616174295544624
0.012659061700105667
0.012882502749562263
0.012325887568295002
0.013347015716135502
0.012915044091641903
0.014048917219042778
0.012248245999217033
0.013148595578968525
0.01307857595384121
0.012819111347198486
0.013394378125667572
0.01384189072996378
0.012819659896194935
0.012546458281576633
0.01336653158068657
0.012194243259727955
0.01413713488727808
0.013712406158447266
0.013349471613764763
0.013124354183673859
0.014440239407122135
0.014619930647313595
0.013337383978068829
0.014198632910847664
0.012748965062201023
0.012755456380546093
0.013253431767225266
0.01264425739645958
0.012973440811038017
0.013077856041491032
0.012229508720338345
0.012523764744400978
0.013736771419644356
0.012643563561141491
0.01374275702983141
0.01286627072840929
0.013040732592344284
0.013959736563265324
0.013298023492097855
0.013655944727361202
0.013546334579586983
0.014370746910572052
0.013035367242991924
0.011921840719878674
0.01244276948273182
0.011073984205722809
0.013528216630220413
0.013279103673994541
0.012461602687835693
0.01297327596694231
0.013273775577545166
0.014565855264663696
0.01462150551378727
0.013213864527642727
0.012241270393133163
0.013090028427541256
0.012981639243662357
0.012110731564462185
0.01333632878959179
0.01524471864104271
0.012125116772949696
0.014145854860544205
0.013205085881054401
0.012334069237112999
0.013581743463873863
0.01514326874166727
0.013725409284234047
0.01464462373405695
0.014471754431724548
0.01324736513197422
0.012894384562969208
0.013841497711837292
0.013491403311491013
0.013677562586963177
0.012296820990741253
0.014089609496295452
0.014450625516474247
0.012660863809287548
0.013151905499398708
0.013865756802260876
0.013005969114601612
0.013614675961434841
0.012778258882462978
0.01272288616746664
0.012560666538774967
0.014738497324287891
0.013178323395550251
0.013333555310964584
0.013445156626403332
0.013273517601191998
0.013012290932238102
0.013532537966966629
0.014221835881471634
0.014564446173608303
0.013367872685194016
0.01301534567028284
0.014757174998521805
0.014252934604883194
0.014065810479223728
0.011978162452578545
0.013161650858819485
0.012855365872383118
0.014130936935544014
0.012903904542326927
0.014850342646241188
0.014343734830617905
0.011591610498726368
0.012457925826311111
0.012011319398880005
0.013407819904386997
0.012849520891904831
0.012922925874590874
0.012786735780537128
0.013461701571941376
0.013935914263129234
0.013446302153170109
0.013314931653439999
0.013484079390764236
0.011838076636195183
0.013180985115468502
0.012191562913358212
0.012895121239125729
0.012524507008492947
0.014489961788058281
0.011877579614520073
0.012594361789524555
0.012550080195069313
0.012378756888210773
0.012969392351806164
0.012547016143798828
0.013547501526772976
0.013083726167678833
0.013094904832541943
0.013583086431026459
0.013487077318131924
0.012821597047150135
0.013451265171170235
0.012579577974975109
0.012658719904720783
0.014214573428034782
0.01302314829081297
0.013593005016446114
0.013142701238393784
0.013568992726504803
0.012737792916595936
0.013572330586612225
0.014701426960527897
0.014262632466852665
0.01272265613079071
0.013580000028014183
0.013286007568240166
0.0125212911516428
0.012232932262122631
0.013420281931757927
0.012703102082014084
0.014080855064094067
0.014123264700174332
0.01241710502654314
0.013045192696154118
0.013337190262973309
0.013365665450692177
0.011662149801850319
0.012016191147267818
0.014235714450478554
0.01313797291368246
0.012910615652799606
0.01366503443568945
0.014161870814859867
0.01444729883223772
0.014052805490791798
0.013881889171898365
0.013770400546491146
0.014348607510328293
0.013824154622852802
0.013126639649271965
0.01322377659380436
0.011918784119188786
0.013013179413974285
0.013810609467327595
0.014183035120368004
0.01308081578463316
0.013373599387705326
0.013821414671838284
0.01298566721379757
0.013426913879811764
0.012776143848896027
0.013006066903471947
0.013749626465141773
0.013237827457487583
0.01176514197140932
0.013279260136187077
0.01441348996013403
0.013713451102375984
0.013312230817973614
0.013004937209188938
0.013023481704294682
0.013810239732265472
0.013779690489172935
0.013606949709355831
0.014125343412160873
0.011958466842770576
0.011816444806754589
0.013657905161380768
0.013322890736162663
0.01271149329841137
0.013896588236093521
0.013602782972157001
0.013048900291323662
0.01419992744922638
0.012906518764793873
0.013511939905583858
0.01418596412986517
0.013243576511740685
0.013167343102395535
0.014509333297610283
0.013480196706950665
0.013958544470369816
0.013804854825139046
0.011726656928658485
0.014543287456035614
0.01324459444731474
0.013044135645031929
0.01358719915151596
0.012638455256819725
0.012523951940238476
0.013626501895487309
0.013334030285477638
0.012618761509656906
0.014578835107386112
0.013630184344947338
0.01226730551570654
0.010220099240541458
0.010811807587742805
0.010121624916791916
0.010545045137405396
0.011052603833377361
0.00931389071047306
0.009370045736432076
0.009128546342253685
0.008712324313819408
0.008135925978422165
0.008085045963525772
0.00744949234649539
0.008128241635859013
0.006995619740337133
0.00820393580943346
0.007773051969707012
0.007175134494900703
0.0077741979621350765
0.007549770176410675
0.007049217354506254
0.006340582389384508
0.006573549471795559
0.006702631711959839
0.006126426625996828
0.006177122704684734
0.0066462610848248005
0.006569980643689632
0.006082168314605951
0.005866232328116894
0.0056768455542624
0.005883838515728712
0.005724972113966942
0.005876411683857441
0.005513183306902647
0.005922927055507898
0.005730827804654837
0.005609776359051466
0.00528587494045496
0.005244696978479624
0.005467722192406654
0.005529979709535837
0.004980809986591339
0.0051361750811338425
0.004637798294425011
0.005072802305221558
0.0050462158396840096
0.004497994668781757
0.004580027889460325
0.004938231315463781
0.004672694019973278
0.004671787843108177
0.00452789943665266
0.004996380303055048
0.004331283736974001
0.004250011406838894
0.00445694662630558
0.004049480427056551
0.004015105776488781
0.004030466545373201
0.003921158146113157
0.004150537773966789
0.004270937293767929
0.004344210494309664
0.0038093929179012775
0.004113688599318266
0.004038486164063215
0.003800031030550599
0.004109400324523449
0.0037078869063407183
0.0039685508236289024
0.00401522358879447
0.0037663995753973722
0.004493725020438433
0.003586767939850688
0.0035396742168813944
0.003944929223507643
0.003962249495089054
0.0035765336360782385
0.0036463914439082146
0.003514220006763935
0.003271531779319048
0.003582559060305357
0.0032038541976362467
0.0030964910984039307
0.003390372497960925
0.0031242084223777056
0.0033324614632874727
0.0032256089616566896
0.0035401664208620787
0.003152400953695178
0.0032465136609971523
0.0031695840880274773
0.003275967203080654
0.003352126805111766
0.0030804588459432125
0.003253947477787733
0.003024871926754713
0.0029432307928800583
0.002864294685423374
0.0032923733815550804
0.002650105394423008
0.0027997056022286415
0.0029758508317172527
0.002794641302898526
0.0026799936313182116
0.003001317149028182
0.0025995085015892982
0.0030497568659484386
0.0029594763182103634
0.003077899571508169
0.0028883644845336676
0.002672420581802726
0.0031397819984704256
0.002660170430317521
0.0025164284743368626
0.002889814553782344
0.0029998719692230225
0.0025575163308531046
0.002966487780213356
0.002579288324341178
0.0025870664976537228
0.0023053092882037163
0.0024184053763747215
0.0027189848478883505
0.002546626841649413
0.003097992856055498
0.0028136121109128
0.002663134131580591
0.0030051791109144688
0.002473672619089484
0.002330659655854106
0.0023711654357612133
0.00256560486741364
0.0027321914676576853
0.002525719814002514
0.0030095677357167006
0.0024073433596640825
0.0024538522120565176
0.0028912490233778954
0.002351525239646435
0.002456121612340212
0.0025691757909953594
0.002240493893623352
0.002410879824310541
0.002080959966406226
0.002365255728363991
0.0021197509486228228
0.0020928820595145226
0.002728298306465149
0.0023902507964521646
0.002814088948071003
0.0022728522308170795
0.00242264149710536
0.0023309332318603992
0.002223333576694131
0.0024706071708351374
0.00251637096516788
0.002328393515199423
0.0025371317751705647
0.002457978669553995
0.0022323280572891235
0.002209835685789585
0.002296681748703122
0.0019483944633975625
0.002016253536567092
0.002527376636862755
0.0021311657037585974
0.0020687582436949015
0.0021462084259837866
0.0021404873114079237
0.0020710411481559277
0.002017255872488022
0.0023602345027029514
0.002319405786693096
0.002252336125820875
0.0023309991229325533
0.002030716510489583
0.0022476129233837128
0.002296953462064266
0.0018610868137329817
0.0020318750757724047
0.002439615549519658
0.0021494084503501654
0.0024448491167277098
0.002387776505202055
0.0022925178054720163
0.0022160899825394154
0.002108254237100482
0.002106737345457077
0.0023286938667297363
0.0022524220403283834
0.002453336026519537
0.002140975557267666
0.0018987484509125352
0.001984172500669956
0.0019390136003494263
0.0021139730233699083
0.0024866866879165173
0.0019550505094230175
0.0021636278834193945
0.0019845901988446712
0.002328617963939905
0.002212738851085305
0.002080395119264722
0.00191205320879817
0.001802740152925253
0.001962335081771016
0.0018815920921042562
0.0022622807882726192
0.0019832930993288755
0.002028258051723242
0.0018748480360955
0.0018018023110926151
0.0017286462243646383
0.0021481371950358152
0.0018693708116188645
0.0024176733568310738
0.002013613237068057
0.0018407058669254184
0.0018555844435468316
0.0018326484132558107
0.0021035191603004932
0.0020792800933122635
0.0020230296067893505
0.0018405185546725988
0.0019302982836961746
0.00204946449957788
0.0018979058368131518
0.001977608073502779
0.001968198688700795
0.002053976058959961
0.0020366788376122713
0.0018382540438324213
0.002053726464509964
0.0021796661894768476
0.002100481651723385
0.0020946278236806393