0.0002875
0.00032699762959964573
0.00025447161169722676
0.0003847661428153515
0.00028249010210856795
0.00038853861042298377
0.00044305375195108354
0.000512321712449193
0.00042740540811792016
0.0004532865423243493
0.0004040637577418238
0.0003410217759665102
0.0004458365438040346
0.00041198477265425026
0.0003873234672937542
0.0003014130052179098
0.0002662164333742112
0.0003000548167619854
0.00021330546587705612
0.00022838127915747464
0.00024525163462385535
0.00015686491678934544
0.00017410804866813123
0.00012359103129711002
0.00011815437028417364
0.00011064066347898915
9.835377568379045e-05
0.0001149795061792247
9.813775977818295e-05
9.10449234652333e-05
9.219596540788189e-05
9.25477288546972e-05
7.441941124852747e-05
8.049020107137039e-05
8.336858445545658e-05
5.831860107718967e-05
6.183607911225408e-05
6.1030823417240754e-05
5.785989196738228e-05
4.627277303370647e-05
6.334856152534485e-05
5.363256423152052e-05
4.7994395572459325e-05
4.7194458602461964e-05
4.811252802028321e-05
4.369375528767705e-05
3.607548205764033e-05
4.4805059587815776e-05
3.357728201081045e-05
3.753490818780847e-05
2.855638012988493e-05
4.491935033001937e-05
3.100910907960497e-05
2.7077370759798214e-05
3.05416870105546e-05
2.84245779766934e-05
2.8231059332028963e-05
2.578918974904809e-05
2.477237103448715e-05
3.076186840189621e-05
2.0175724785076454e-05
2.2305805032374337e-05
2.0415143808349967e-05
2.5972181902034208e-05
2.277058047184255e-05
1.6786418200354092e-05
1.5632524082320742e-05
1.8779888705466874e-05
1.8121510947821662e-05
1.5701823940617032e-05
1.5062643797136843e-05
1.3512987607100513e-05
1.6620493624941446e-05
1.5882684238022193e-05
1.2077806786692236e-05
1.3954534551885445e-05
1.1906171494047157e-05
1.4618309251090977e-05
1.1992546205874532e-05
1.4254411325964611e-05
1.3568203939939849e-05
1.173371038021287e-05
1.1101526069978718e-05
9.247974048776086e-06
1.0382865184510592e-05
9.277336175728124e-06
6.6553193391882814e-06
9.48992783378344e-06
1.0733249837358017e-05
8.841352610033937e-06
1.0549535545578692e-05
8.24300241220044e-06
8.250613973359577e-06
8.64825415192172e-06
6.328446033876389e-06
7.724212991888635e-06
6.807551017118385e-06
9.034680260811001e-06
8.714161594980396e-06
7.219671715574805e-06
7.462027497240342e-06
6.868212949484587e-06
7.5000607466790825e-06
5.883789981453447e-06
6.606921488128137e-06
6.17740170127945e-06
6.82545169183868e-06
5.3218368520902e-06
5.70393240195699e-06
6.648681846854743e-06
5.028527993999887e-06
7.74508953327313e-06
5.349166258383775e-06
4.762344360642601e-06
5.390593287302181e-06
5.235865046415711e-06
5.8679374888015445e-06
4.494831955526024e-06
6.7968949224450625e-06
4.093511961400509e-06
5.501898613147205e-06
3.79108951165108e-06
4.662958872359013e-06
4.616982550942339e-06
4.985665782442084e-06
3.7890360999881523e-06
4.950884886056883e-06
4.334769073466305e-06
4.004742095276015e-06
4.1087419049290475e-06
4.450661890587071e-06
3.953102350351401e-06
3.1079480322659947e-06
4.7427997742488515e-06
3.620103598223068e-06
2.915549202953116e-06
4.226219971315004e-06
3.5258824482298223e-06
3.621453288360499e-06
3.5926395867136307e-06
3.5579914765548892e-06
2.994842589032487e-06
3.0943335787014803e-06
3.7780935144837713e-06
3.7541642541327747e-06
3.8593784665863495e-06
3.7638956200680695e-06
3.0781370696786325e-06
3.1726092402095674e-06
3.5475220556691056e-06
2.8526635560410796e-06
3.6623841879190877e-06
2.5873926006170223e-06
2.9511529646697454e-06
2.7547023364604684e-06
3.999162345280638e-06
2.5716938125697197e-06
2.3843931558076292e-06
2.6767982035380555e-06
2.861529310393962e-06
2.3764753223076696e-06
2.92411550617544e-06
3.2981399726850213e-06
2.5930007723218296e-06
2.8359668249322567e-06
2.957188144137035e-06
2.1002090306865284e-06
2.7399919417803176e-06
1.9556807728804415e-06
2.6704462925408734e-06
2.338789272471331e-06
2.791514361888403e-06
2.002715518756304e-06
2.8409237984305946e-06
2.279964746776386e-06
2.72168972514919e-06
2.1593382371065672e-06
2.5206720692949602e-06
2.4714913706702646e-06
2.223538331236341e-06
2.3779300590831554e-06
2.15650288737379e-06
2.4859975837898673e-06
1.624039327907667e-06
1.5341828429882298e-06
2.864008138203644e-06
2.2431379420595476e-06
2.1182263481023256e-06
2.9506370538001647e-06
1.902903818518098e-06
2.073127461699187e-06
2.345705979678314e-06
2.115179995598737e-06
2.6260727281623986e-06
1.9017475096916314e-06
2.0819491055590333e-06
2.1833934624737594e-06
1.525523430245812e-06
2.1978926270094234e-06
1.728079837448604e-06
2.2321285086945863e-06
1.6731731875552214e-06
2.5290919438702986e-06
1.5595280729030492e-06
2.1591731638181955e-06
1.9221613456466002e-06
1.5126082644201233e-06
2.384597109994502e-06
1.691083298283047e-06
2.0823790691792965e-06
1.8542848465585848e-06
2.3145173599914415e-06
1.3248402410681592e-06
1.964493776540621e-06
1.5410714695462957e-06
1.8643418115971144e-06
1.696507865744934e-06
2.347865574847674e-06
2.053574007732095e-06
1.8887177475335193e-06
2.1820114852744155e-06
1.3188077900849748e-06
1.7083573311538203e-06
2.1178570932534058e-06
1.3562727190219448e-06
1.647914132263395e-06
1.547897454656777e-06
2.1450211988849333e-06
1.6599971104369615e-06
2.1305941118043847e-06
1.1560392749743187e-06
2.145556209143251e-06
1.6617819937891909e-06
1.6890265897018253e-06
1.4974857549532317e-06
1.7464097936681355e-06
1.5229607015498914e-06
1.915363100124523e-06
1.1941666571146925e-06
2.2896224436408374e-06
1.817783640944981e-06
1.7349035488223308e-06
1.564421381772263e-06
1.9819972294499166e-06
1.7516410935058957e-06
2.3501295345340623e-06
1.7007616861519637e-06
1.2155197737229173e-06
1.3406738617049996e-06
1.4045015177543974e-06
1.381740958095179e-06
1.8596502968648565e-06
1.4421739251702093e-06
1.596201627762639e-06
1.4123363598628202e-06
1.7208029703397187e-06
1.6720297253414174e-06
1.0091855529026361e-06
2.343866299270303e-06
1.5721545878477627e-06
2.1412201931525487e-06
1.3768718645223998e-06
1.8868086044676602e-06
1.7331745993942604e-06
1.6612968920526328e-06
1.469984795221535e-06
2.0066754586878233e-06
1.4449584568865248e-06
1.877337126643397e-06
1.3313706404005643e-06
1.6392631323469686e-06
1.931176029756898e-06
1.452861397410743e-06
1.7051123677447322e-06
1.2171315120212967e-06
2.1208347789070103e-06
1.4584522887162166e-06
1.3053921747996355e-06
1.6596773093624506e-06
1.6536677094336483e-06
1.911249455588404e-06
1.1028545259250677e-06
2.118243401127984e-06
1.862862404777843e-06
1.5327201481341035e-06
1.763164277690521e-06
8.622653240308864e-07
1.9598389826569473e-06
1.7224431303475285e-06
1.8982361780217616e-06
1.385565042255621e-06
1.8181350469603785e-06
1.8226917291030986e-06
1.7707263850752497e-06
2.305887164766318e-06
1.5408281797135714e-06
1.9038403706872487e-06
1.664837895987148e-06
1.4329308442029287e-06
1.4739598555024713e-06
1.3738348343395046e-06
1.4230273563953233e-06
1.7757065506884828e-06
1.78024890828965e-06
1.2996956684219185e-06
1.4807483239565045e-06
1.7038805708580185e-06
2.037595777437673e-06
1.627153665140213e-06
1.3020660389884142e-06
1.926576032929006e-06
1.5884249933151295e-06
1.7414919284419739e-06
1.4809050981057226e-06
1.2806096947315382e-06
1.9135138700221432e-06
1.4757788449060172e-06
1.3724336440645857e-06
2.1255486899462994e-06
1.3060273431619862e-06
1.9998174138891045e-06
1.3986917792863096e-06
1.8287048533238703e-06
1.059321789398382e-06
1.32105094508006e-06
1.5391565284517128e-06
1.499068503107992e-06
1.7887617786982446e-06
1.0880406762225903e-06
1.8537916730565485e-06
1.268927235287265e-06
1.6728248510844423e-06
1.6517853964614915e-06
1.5397361039504176e-06
1.1473895256131073e-06
1.762795477588952e-06
1.3397537941273185e-06
1.2527607395895757e-06
1.71728061104659e-06
1.8653734059626004e-06
1.5195946616586298e-06
1.7509159988549072e-06
1.6718238384783035e-06
1.768329070728214e-06
1.1616780284384731e-06
1.896426851999422e-06
1.437698188055947e-06
1.838185539781989e-06
1.3573244359577075e-06
1.0372490351073793e-06
1.1178412933077198e-06
1.7565810139785754e-06
1.1995067552561522e-06
1.856717062764801e-06
1.5524599348282209e-06
1.210697746500955e-06
1.6117019185912795e-06
1.735636487865122e-06
1.1474934353827848e-06
1.8425796497467672e-06
1.6526000763406046e-06
1.4043167766430997e-06
1.175259626506886e-06
1.3506936511475942e-06
1.0773147778309067e-06
1.7306601876043715e-06
1.6645926734781824e-06
1.7746078810887411e-06
1.2840196177421603e-06
1.501377482782118e-06
1.345370037597604e-06
1.698231244517956e-06
1.3410850669970387e-06
1.7796052134144702e-06
1.2156651791883633e-06
1.935728732860298e-06
1.4314330201159464e-06
1.529584778836579e-06
1.1296971251795185e-06
1.7306053905485896e-06
1.2401520734783844e-06
1.3127458942108206e-06
1.520600449111953e-06
1.468102141188865e-06
1.1802073913713684e-06
1.7794017139749485e-06
1.2615904552149004e-06
1.5634169585609925e-06
1.4230461147235474e-06
1.349153762930655e-06
1.2037073702231282e-06
1.2557384252431802e-06
1.7509013332528411e-06
1.2282798707019538e-06
1.2341316732999985e-06
1.3380644077187753e-06
1.603195528332435e-06
1.50978769397625e-06
1.5067565755089163e-06
1.1283759704383556e-06
1.7888023648993112e-06
1.0392578815299203e-06
1.7010729607136454e-06
1.3596441021945793e-06
1.4024336678630789e-06
1.1831064057332696e-06
1.4729657777934335e-06
1.234013893736119e-06
1.6933214510572725e-06
1.2168184184702113e-06
1.175880356640846e-06
1.3967880931886612e-06
1.2128218713769456e-06
1.8410686379866092e-06
1.0833452961378498e-06
1.7732721744323499e-06
1.2675612879320397e-06
1.2820418078263174e-06
1.4869721098875743e-06
1.5840740843486856e-06
1.196464381791884e-06
1.8295986592420377e-06
1.3805143908030004e-06
1.898953087220434e-06
1.1594204352149973e-06
1.5107358422028483e-06
1.0526158575885347e-06
1.8059546391668846e-06
1.1260813153057825e-06
1.2333716767898295e-06
1.3123657254254795e-06
1.5946886833262397e-06
1.4276314459493733e-06
1.5707164493505843e-06
1.2036100542900385e-06
1.4590494856747682e-06
1.421033744009037e-06
1.1864101452374598e-06
1.3709320683119586e-06
1.168851326838194e-06
1.1245696214245982e-06
1.5377891031675972e-06
1.3102220464134007e-06
1.784876303645433e-06
1.1428825246184715e-06
1.2647697076317854e-06
1.318029376307095e-06
8.642410875836504e-07
1.1671641004795674e-06
1.6227008927671704e-06
1.157584847533144e-06
1.1526876733114477e-06
1.1156369055242976e-06
1.484859240008518e-06
1.0533351542107994e-06
1.2552343378047226e-06
1.0702658528316533e-06
1.8294311985300737e-06
1.2392047210596502e-06
1.235830723089748e-06
1.6250073713308666e-06
1.5376131159428041e-06
1.0811855872816523e-06
1.4083514088270022e-06
1.2729782383757993e-06
1.4820097931078635e-06
1.1210790944460314e-06
1.41882560455997e-06
1.3665173810295528e-06
1.520937757959473e-06
1.2792439747499884e-06
1.6852493445185246e-06
1.3200162811699556e-06
1.1814570370916044e-06
1.306504032072553e-06
1.5496709693252342e-06
1.0137528079212643e-06
1.6192050225072308e-06
1.1266711226198822e-06
1.044306827679975e-06
1.3343623095352086e-06
1.0786634447867982e-06
1.0742328413471114e-06
1.8049570371658774e-06
1.227835014105949e-06
1.371397843286104e-06
1.0787389328470454e-06
1.4166045048114029e-06
1.0303813269274542e-06
1.2748995459332946e-06
1.0987116638716543e-06
1.3367147175813443e-06
1.346357976217405e-06
1.0777345096357749e-06
1.7461491097492399e-06
1.0511195114304428e-06
1.436655566067202e-06
1.1765040426325868e-06
1.4970387383073103e-06
1.6341768969141413e-06
1.1642109711829107e-06
1.5521048908340163e-06
8.863762559485622e-07
1.6775680933278636e-06
1.164698460343061e-06
1.577370767336106e-06
1.2142678542659269e-06
1.6450785551569425e-06
1.0396910283816396e-06
1.5883082369327894e-06
1.025750407279702e-06
1.6348801636922872e-06
1.4063060689295526e-06
1.260769408872875e-06
1.7191873666888569e-06
1.2919124401378212e-06
1.424187303200597e-06
1.0384234201410436e-06
1.3204759170548641e-06
1.4585473309125518e-06
1.2733573839796009e-06
1.5718655959062744e-06
1.0889001487157657e-06
1.7695703036224586e-06
1.2855690556534682e-06
1.4876078466841136e-06
1.2315186950218049e-06
1.6340999309250037e-06
9.649663752497872e-07
1.3008169617023668e-06
1.156073835772986e-06
1.3381513781496324e-06
1.0082853805215564e-06
1.453403683626675e-06
1.1087456641689641e-06
1.6063689827205963e-06
1.0327709105695249e-06
1.6499373032274889e-06
1.410225536346843e-06
1.4869351616653148e-06
1.350984121017973e-06
1.2880765325462562e-06
1.0638134426699253e-06
1.544385327179043e-06
1.35370271436841e-06
9.421291338185256e-07
1.4779578805246274e-06
1.382612026645802e-06
1.5605105545546394e-06
1.133027694777411e-06
1.4367569747264497e-06
1.1437701914474019e-06
1.6912822502490599e-06
1.0121792684003594e-06
1.2388171626298572e-06
1.0698382766349823e-06
1.0284833251716918e-06
1.0593395245450665e-06
1.8372861632087734e-06
1.126402480622346e-06
1.1901887546628132e-06
1.3362785011850065e-06
1.1614367849688279e-06
1.5187351891654544e-06
7.84826966082619e-07
2.0093903003726155e-06
1.09063887521188e-06
1.265322794097301e-06
1.6068753438958083e-06
1.3525447002393776e-06
1.6973259562291787e-06
1.1725517197191948e-06
1.174001795334334e-06
1.5233566728056758e-06
8.553889188078756e-07
1.5535371176156332e-06
1.3460708032653201e-06
1.553192078063148e-06
1.6411843262176262e-06
9.421382287655433e-07
1.4620181900681928e-06
1.022041033138521e-06
1.7316419871349353e-06
1.0547819329076447e-06
1.3673427474714117e-06
9.818752459977986e-07
1.2393012411848758e-06
1.4566292065865127e-06
1.1495108083181549e-06
1.3771897329206695e-06
1.1112990705441916e-06
1.365997832181165e-06
1.087772034225054e-06
1.307426941821177e-06
1.0271929795635515e-06
1.5838202216400532e-06
1.0104263310495298e-06
1.3170374586479738e-06
1.2564353255584138e-06
1.3729323882216704e-06
1.1936783721466782e-06
1.1022079888789449e-06
1.1265336752330768e-06
1.381694801239064e-06
1.4293119647845742e-06
1.2730108664982254e-06
1.2722448445856571e-06
1.2411786656230106e-06
1.107772163777554e-06
1.3305422044140869e-06
9.954645747711766e-07
1.407299464517564e-06
1.1290693464616197e-06
1.566319951962214e-06
1.1486550874906243e-06
1.2938386362293386e-06
1.5401445807583514e-06
1.3354164138945634e-06
1.1681512432915042e-06
1.1646901612039073e-06
1.1025997537217336e-06
1.5504692782997154e-06
1.1045113978980226e-06
1.485492703068303e-06
1.2886018794233678e-06
1.1098354661953636e-06
1.4014711950949277e-06
1.388427335768938e-06
9.428025578017696e-07
1.558693838887848e-06
1.0321430181647884e-06
1.0759268889160012e-06
1.0450661420691176e-06
1.208966182275617e-06
1.6440870922451722e-06
1.0762640840766835e-06
1.225654273184773e-06
1.2448720099200727e-06
1.1941499451495474e-06
1.2803211575374007e-06
1.0774750762720942e-06
1.5152990044953185e-06
1.265064724975673e-06
1.6758367564762011e-06
1.3778154652754893e-06
1.0182340020037373e-06
1.3030050922679948e-06
1.4636286778113572e-06
9.742458360051387e-07
1.2233551842655288e-06
1.5525789649473154e-06
1.1159347650391283e-06
1.365825482935179e-06
1.0686277391869226e-06
1.1589125961108948e-06
9.48974275161163e-07
1.2360713981252047e-06
1.1862694009323604e-06
1.2187986158096464e-06
1.0126044571734383e-06
1.3027331533521647e-06
9.207343509842758e-07
1.5324009154937812e-06
1.1208297792109079e-06
1.2092533552277018e-06
1.06112270259473e-06
1.5090078022694797e-06
9.531535738460661e-07
1.5061721114761895e-06
1.1041754532925552e-06
1.0690362159948563e-06
8.98696782769548e-07
1.3951924984212383e-06
1.0200981250818586e-06
1.7996497945205192e-06
1.06255777154729e-06
1.3998782151247724e-06
1.2721425264317077e-06
1.53312748807366e-06
9.078782454707834e-07
1.5458048210348352e-06
1.1658377161438693e-06
9.68610493146116e-07
1.3144288004696136e-06
1.1494652198962285e-06
1.1404089264033246e-06
1.0689923328754958e-06
8.384352554458019e-07
1.1548827387741767e-06
1.2512155080912635e-06
1.5513726339122513e-06
1.0806153341036406e-06
1.4249104651753441e-06
1.5233597423502943e-06
8.474184483020508e-07
1.4532657814925187e-06
1.5237703792081447e-06
1.3694758536075824e-06
1.061333477991866e-06
1.4313390011011506e-06
9.396011364515289e-07
1.1347552799634286e-06
1.5373132100648945e-06
1.2925131613883423e-06
1.1731642644008389e-06
9.28524968912825e-07
1.241759605363768e-06
1.08039830593043e-06
1.1450748615970952e-06
1.2200545143059571e-06
1.234003207173373e-06
1.585256541147828e-06
1.3198749684306676e-06
1.052716243066243e-06
1.0393684988230234e-06
9.893349215417402e-07
1.392389094689861e-06
1.2439197689673165e-06
1.3608887456939556e-06
1.1215007589271409e-06
1.575083842908498e-06
9.360129524793592e-07
1.268221126338176e-06
1.2526869568318943e-06
1.320971705354168e-06
1.0626902167132357e-06
1.4320679611046216e-06
9.822539368542493e-07
1.5263472050719429e-06
1.2797428325939109e-06
1.2981488453078782e-06
1.2815571608371101e-06
1.4817717328696745e-06
9.6786880021682e-07
1.217874228132132e-06
1.0331409612263087e-06
1.2276976804059814e-06
1.0962021406157874e-06
1.0924494517894345e-06
1.2137227258790517e-06
1.1800520951510407e-06
1.1546120504135615e-06
1.057487338584906e-06
1.6121613271025126e-06
9.85807787401427e-07
1.4306097000371665e-06
1.2275579592824215e-06
1.151793981080118e-06
1.1949838381042355e-06
1.3860919807484606e-06
1.0601772828522371e-06
1.2174128869446577e-06
1.2926467434226652e-06
1.0351349146731081e-06
1.3905115565648885e-06
1.2690882158494787e-06
1.255757297258242e-06
1.1145791631861357e-06
1.432153567293426e-06
1.0249557362840278e-06
1.1832922837129445e-06
1.224988182002562e-06
1.3837727692589397e-06
1.0297922017343808e-06
1.5632839449608582e-06
9.163349545815436e-07
1.4038174640518264e-06
1.0177911917708116e-06
1.3089862704873667e-06
1.0634412319632247e-06
1.2475169341996661e-06
1.126851316257671e-06
1.0339564369132859e-06
1.0136797072846093e-06
1.176150703940948e-06
1.1523632110765902e-06
9.028799468069337e-07
1.515332314738771e-06
1.0643349241945543e-06
1.634486125112744e-06
1.1496039178382489e-06
1.513484335191606e-06
1.085614599105611e-06
1.435265403415542e-06
1.1195577371836407e-06
1.5097282357601216e-06
9.998271934819059e-07
1.2885889191238675e-06
9.54931692831451e-07
1.1622586271187174e-06
9.60293732532591e-07
1.146382601291407e-06
1.0657062148311525e-06
8.900333341443911e-07
1.1948784504056675e-06
1.2303125913604163e-06
1.4250525737224962e-06
1.2790712844434893e-06
1.5165257991611725e-06
1.3078342817607336e-06
9.425741609447869e-07
1.4334613069877378e-06
9.636690947445459e-07
1.5575734551021014e-06
1.2010608543278067e-06
1.089475858861988e-06
1.292773390559887e-06
1.3776677860732889e-06
1.0266252274959697e-06
1.7027574585881666e-06
1.1587000017243554e-06
1.5984974197635893e-06
1.082086555470596e-06
1.7038596524798777e-06
1.283784968109103e-06
1.5499314258704544e-06
9.907702178679756e-07
1.3797334759146906e-06
1.1356634104231489e-06
1.0988998155880836e-06
1.1798231298598694e-06
1.439271272829501e-06
1.5007543652245658e-06
1.2934057167512947e-06
1.0916012342931936e-06
1.385216251037491e-06
1.1233806844757055e-06
9.674536158854607e-07
1.3616536307381466e-06
1.0957865015370771e-06
9.129215641223709e-07
1.0914023960140184e-06
1.529862061033782e-06
9.386324677507218e-07
1.6893745851120912e-06
1.2775853974744678e-06
1.2061412917319103e-06
9.362597666040529e-07
1.6122830857057124e-06
1.0667862397895078e-06
1.6003330074454425e-06
1.0100634426635224e-06
1.6428223261755193e-06
1.7509665894976933e-06
1.4301604096544906e-06
9.337702522316249e-07
1.0844646567420568e-06
1.220774947796599e-06
1.0145683972950792e-06
1.8014875422522891e-06
8.479973416797293e-07
1.245709086106217e-06
1.3076808045298094e-06
1.2936103530591936e-06
1.6400008462369442e-06
7.676731570427364e-07
9.255631425730826e-07
1.0864544037758606e-06
1.1098006780230207e-06
1.3608059816760942e-06
9.986835038944264e-07
1.467230276830378e-06
1.1477378620838863e-06
1.3560913885157788e-06
1.2839718692703173e-06
1.467851006964338e-06
1.154527353719459e-06
1.6080898603831884e-06
1.3324719247975736e-06
1.06737343230634e-06
1.295576907978102e-06
1.313542497882736e-06
8.044236778914637e-07
1.147265493273153e-06
8.875082357917563e-07
1.6091778434201842e-06
1.3791442370347795e-06
1.3094783071210259e-06
1.3046542335359845e-06
1.307439219999651e-06
1.0995278216796578e-06
1.490825297878473e-06
1.2185873856651597e-06
1.3860496892448282e-06
1.2080085980414879e-06
1.508225636825955e-06
1.2166782425993006e-06
1.42644603329245e-06
1.1504458825584152e-06
1.4365949709826964e-06
1.2280949022169807e-06
1.6934046698224847e-06
1.1055792583647417e-06
1.1213016932742903e-06
1.1385189964130404e-06
1.4816862403677078e-06
1.1357647053955588e-06
1.27821499518177e-06
1.083392589862342e-06
1.534960347271408e-06
9.252046879737463e-07
1.469630319661519e-06
1.0659647387001314e-06
1.5737123248982243e-06
1.1494588534333161e-06
1.5362027170340298e-06
1.1349246733516338e-06
1.6536413340872969e-06
1.2529601463029394e-06
1.2963697599843726e-06
8.79468132097827e-07
1.6028350273700198e-06
1.008893605103367e-06
2.025864660026855e-06
9.327832799499447e-07
1.3316686136022327e-06
1.110696189243754e-06
1.0912326615653e-06
1.2540270972749568e-06
1.723839545775263e-06
1.0111276651514345e-06
1.2910026043755352e-06
1.3560666047851555e-06
1.3630324247060344e-06
9.872842383629177e-07
1.4663937690784223e-06
9.133719345300051e-07
1.737814386615355e-06
1.1165071782670566e-06
1.2481243629736127e-06
1.1234101293666754e-06
1.659393319641822e-06
1.2374143807392102e-06
1.678778403402248e-06
9.646880698710447e-07
1.270327970814833e-06
1.176270757241582e-06
1.2098770412194426e-06
1.0659822464731405e-06
1.3287464071254362e-06
1.094313120120205e-06
1.4166047321850783e-06
1.2710019063888467e-06
1.389708017995872e-06
1.2042403341183672e-06
1.0664404044291587e-06
1.6707110717106843e-06
1.1478632586658932e-06
1.3333373090063105e-06
1.2992028359803953e-06
1.330649183728383e-06
1.1597678621910745e-06
1.5288483155018184e-06
1.1111786761830444e-06
1.3378634093896835e-06
1.1452922308308189e-06
1.5568160733892e-06
9.97727624962863e-07
1.4209002756615519e-06
1.2393760471240967e-06
1.5391552778964979e-06
1.4096606264502043e-06
1.3897873714086018e-06
1.1577578789001564e-06
1.108538640437473e-06
1.1128234973512008e-06
1.072712166205747e-06
1.7423728877474787e-06
1.1623325235632365e-06
1.5399069752675132e-06
1.0560981991147855e-06
1.7239051430806285e-06
1.6177858697119518e-06
1.3480581628755317e-06
8.844251624395838e-07
1.5670275388401933e-06
1.2309168369029067e-06
1.1861192206197302e-06
8.632792400931066e-07
1.2801667708117748e-06
1.2364392887320719e-06
1.4830010286459583e-06
9.783128689377918e-07
1.3772416878055083e-06
1.1066359775213641e-06
1.177398758045456e-06
1.566251739859581e-06
9.393128834744857e-07
1.6226520074269501e-06
1.2323565670158132e-06
1.5411810636578593e-06
1.2122754924348556e-06
1.315942085966526e-06
1.0052373227154021e-06
1.52203915604332e-06
1.1491555369502748e-06
1.3349230130188516e-06
1.2817955621358124e-06
1.0790563464979641e-06
1.4015157603353146e-06
1.1502110055516823e-06
1.5596452840327402e-06
1.053830715136428e-06
1.13766077447508e-06
1.0368837592977798e-06
1.4296296058091684e-06
9.671070984040853e-07
1.6042129118432058e-06
1.5691579164922587e-06
1.4957606708776439e-06
1.5337013792304788e-06
1.2427159390426823e-06
9.001590228763234e-07
1.5538216757704504e-06
9.152559528047277e-07
1.2024470379401464e-06
1.2620710094779497e-06
1.0351626542615122e-06
1.39834446599707e-06
1.2624395822058432e-06
1.7018372773236479e-06
1.2599954288816662e-06
1.1876314829351031e-06
1.0584668643787154e-06
1.5029445421532728e-06
9.410559869138524e-07
1.2046089068462607e-06
1.0937930028376286e-06
1.5119018144105212e-06
1.1869555009980104e-06
1.3645612852997147e-06
1.410894014952646e-06
1.4319276715468732e-06
1.392010062772897e-06
1.0719538749981439e-06
1.6770884485595161e-06
1.1267965192018892e-06
1.338989136456803e-06
1.1342675634296029e-06
1.2245984635228524e-06
1.1416045708756428e-06
1.0913445294136181e-06
1.4984317431299132e-06
1.1945073765673442e-06
1.6260676147794584e-06
1.1263286978646647e-06
1.2625698673218722e-06
1.0402441148471553e-06
1.6180857755898614e-06
9.150975301963626e-07
1.2907083828395116e-06
1.3658100215252489e-06
1.3628856549985358e-06
1.6196477190533187e-06
8.095490784398862e-07
1.907464593386976e-06
1.1920573115276056e-06
1.5145545830819174e-06
1.0816427220561309e-06
1.4055375459065544e-06
1.0348418300054618e-06
1.2674954632529989e-06
1.34944241381163e-06
1.268602545678732e-06
1.2546774996735621e-06
1.2779917142324848e-06
1.3864856782674906e-06
1.0223249091723119e-06
8.287308901344659e-07
1.2671034710365348e-06
1.5109038713490008e-06
1.223772869707318e-06
1.619367026250984e-06
1.1001769735230482e-06
1.1334474265822791e-06
1.1464520639492548e-06
1.341602342108672e-06
1.097351059797802e-06
1.288703515456291e-06
1.5526235301877023e-06
8.957225077210751e-07
1.2793152563972399e-06
1.428253540325386e-06
1.1869337868120056e-06
1.1021430736946058e-06
1.2119458006054629e-06
8.334383210240048e-07
1.610608933333424e-06
1.3470468047671602e-06
1.5291423096641665e-06
1.57440013026644e-06
1.1818323173429235e-06
1.4887554016240756e-06
1.5261892940543476e-06
1.4152284393276204e-06
1.1630648941718391e-06
1.0633866622811183e-06
1.481041294937313e-06
1.079631829270511e-06
1.2369748674245784e-06
1.1301995073154103e-06
1.3609795814772951e-06
1.254308813258831e-06
9.475356819166336e-07
1.4209072105586529e-06
1.2495072496676585e-06
1.0319787406842806e-06
1.3572481520895963e-06
9.693713991509867e-07
1.4908259799994994e-06
1.5296441233658697e-06
1.6269624438791652e-06
1.352727053927083e-06
1.2480954865168314e-06
1.4267084225139115e-06
1.0753328751889057e-06
1.5502671431022463e-06
1.216967234540789e-06
1.2355651506368304e-06
1.1015515610779403e-06
1.3691104641111451e-06
1.0905794169957517e-06
1.4522344145007082e-06
1.0536878107814118e-06
1.7585302884981502e-06
1.44892908338079e-06
1.2660568700084696e-06
1.4361157809616998e-06
1.0597925665933872e-06
1.3074255775791244e-06
1.2607471262526815e-06
1.0698827281885315e-06
1.2295901115066954e-06
9.15909254217695e-07
1.6136044678205508e-06
1.2120699466322549e-06
1.2414626553436392e-06
1.1256863672315376e-06
1.005086687655421e-06
1.5288085251086159e-06
1.0107793286806555e-06
1.9625158529379405e-06
1.2342338777671102e-06
1.3725381222684518e-06
1.3419710285234032e-06
1.2060324934282107e-06
1.2714135664282367e-06
1.066354116119328e-06
1.5637261867595953e-06
1.3524978612622363e-06
9.902288411467453e-07
1.5851981061132392e-06
1.077509409697086e-06
1.515453959655133e-06
1.2441444141586544e-06
1.2835353118134663e-06
1.2030527614115272e-06
1.6490818097736337e-06
1.0756115216281614e-06
1.3060595165370614e-06
1.0465923878655303e-06
1.3299007832756615e-06
1.0367936056354665e-06
1.523886680843134e-06
8.109698228508933e-07
1.2387797596602468e-06
1.4593874766433146e-06
1.286522319787764e-06
1.6822422139739501e-06
1.0243228416584316e-06
1.0617588941386202e-06
1.4946319879527437e-06
1.1684857099680812e-06
1.2560515187942656e-06
1.6912193814277998e-06
8.136297537930659e-07
1.7452276779295062e-06
1.4984242397986236e-06
1.5003677162894746e-06
1.175377633444441e-06
1.2135517408751184e-06
1.4863775277262903e-06
1.0108933565788902e-06
1.6029418929974781e-06
1.0708545232773758e-06
1.509571234237228e-06
1.508621380708064e-06
1.501449787610909e-06
1.2133189102314645e-06
1.5350748299169936e-06
1.0127089353773044e-06
1.468232426304894e-06
1.0560536338743987e-06
1.5000805433373898e-06
1.0688311249396065e-06
1.5981772776285652e-06
1.120019533118466e-06
1.593827732904174e-06
1.2534362667793175e-06
1.3278300912134e-06
1.3529580655813334e-06
1.5834103805900668e-06
1.0922580031547113e-06
1.4162304751152988e-06
1.1353606623742962e-06
1.6244378002738813e-06
1.390543616253126e-06
9.43106215345324e-07
1.251650587619224e-06
1.0748838121799054e-06
1.5747284578537801e-06
1.5122668628464453e-06
1.1586239452299196e-06
1.2508983218140202e-06
1.240288611370488e-06
1.5085696531969006e-06
1.3795558970741695e-06
1.1822889973700512e-06
1.2040234196319943e-06
1.2838370366807794e-06
1.4378515516000334e-06
1.0432355566081242e-06
1.4303540183391306e-06
1.5794940964042326e-06
9.225648796018504e-07
1.424994252374745e-06
1.0676986903490615e-06
1.451820025977213e-06
1.1841530067613348e-06
1.4222154050003155e-06
1.0938420018646866e-06
1.5160123894020217e-06
1.151534661403275e-06
1.3922109474151512e-06
1.2976195193914464e-06
1.309835170104634e-06
1.1104050372523488e-06
1.227935513270495e-06
1.2526853652161662e-06
1.3647822925122455e-06
1.1145307325932663e-06
1.4431017234528554e-06
1.2201646768517094e-06
8.761704179960361e-07
1.3268945622257888e-06
1.4747805607839837e-06
1.0664283536243602e-06
1.7458577303841594e-06
1.1917285291929147e-06
1.467110223529744e-06
1.1791264569183113e-06
1.1036236173822545e-06
1.1722397630364867e-06
1.3523698498829617e-06
9.801944997889223e-07
1.3805737353322911e-06
1.0781717492136522e-06
1.2142639889134443e-06
1.2008448493361357e-06
1.3639995586345321e-06
1.102229589378112e-06
1.6889380276552401e-06
1.2002373068753514e-06
1.5650869045202853e-06
1.0048458989331266e-06
1.4352586958921165e-06
1.065340939021553e-06
1.7466317103753681e-06
9.802212161957868e-07
1.3822766504745232e-06
1.0053922778752167e-06
1.1640044021987705e-06
1.0856168728423654e-06
1.6671737057549763e-06
1.2563145901367534e-06
1.4639642813563114e-06
1.0803764780575875e-06
1.5278523051165394e-06
1.1131602377645322e-06
1.2618729670066386e-06
1.495992592026596e-06
8.705758318683365e-07
1.7771347984307795e-06
1.1890683708770666e-06
1.5334850331782945e-06
1.003039074021217e-06
1.2242275033713668e-06
1.3481992482411442e-06
1.4894530977471732e-06
1.0515725534787634e-06
1.255142251466168e-06
9.211305496137356e-07
1.4918437045707833e-06
1.221201728185406e-06
1.1403377584429109e-06
1.392195940752572e-06
1.3520135553335422e-06
1.3127393003742327e-06
1.3883135352443787e-06
1.0864578143809922e-06
1.4390693650057074e-06
1.4223285234038485e-06
1.321852209912322e-06
9.58309442466998e-07
1.6058852452260908e-06
1.1714083711922285e-06
1.6156633364516892e-06
1.0335198794564349e-06
1.215159272760502e-06
1.2116665857320186e-06
1.7785853287932696e-06
1.0860698012038483e-06
1.3064833410680876e-06
1.1043796348531032e-06
1.5266299442373565e-06
1.1961085419898154e-06
1.5915861695248168e-06
9.751653351486311e-07
1.0776849421745283e-06
1.6223666534642689e-06
1.326426513514889e-06
1.3644051932715229e-06
1.0311364349036012e-06
1.4868097650833079e-06
1.5393303556265892e-06
1.2474649793148274e-06
1.5913490187813295e-06
1.1279622640358866e-06
1.4711893072671955e-06
1.0452793048898457e-06
1.5214324093903997e-06
1.1556753634067718e-06
1.5380711602119845e-06
1.1836754083560663e-06
1.513365077698836e-06
1.1332342637615511e-06
1.6326864624716109e-06
9.44282760428905e-07
1.3706769550481113e-06
1.3085611954011256e-06
1.4372974419529783e-06
1.0946906741082785e-06
1.5778778106323443e-06
1.0992754368999158e-06
1.5757361779833445e-06
1.2253399290784728e-06
1.842435153776023e-06
1.1503991572681116e-06
1.6035431826821878e-06
1.0127155292138923e-06
1.2502187018981203e-06
1.1195460274393554e-06
1.2304820984354592e-06
1.4042115026313695e-06
1.2631904837689945e-06
1.2201379604448448e-06
1.2409667533574975e-06
1.1370073025318561e-06
1.1993396356047015e-06
1.36560538521735e-06
9.078456741917762e-07
1.3157849707567948e-06
1.1487946949273464e-06
1.4910925756339566e-06
1.4910137906554155e-06
1.1182634125361801e-06
1.1074513395215035e-06
1.691520651547762e-06
1.046346710609214e-06
1.2585753665916855e-06
1.3796963003187557e-06
1.2725897704513045e-06
1.6931606978687341e-06
1.0055083521365304e-06
1.2117164942537784e-06
1.0798318044180633e-06
1.4455968084803317e-06
1.2150208021921571e-06
1.1840072602353757e-06
1.2039781722705811e-06
1.724017238302622e-06
1.2655677892325912e-06
1.2398234048305312e-06
1.4345392855830141e-06
1.3533602896131924e-06
1.0302479722668068e-06
1.361827003165672e-06
1.53243240674783e-06
1.0908959211519687e-06
1.5306550267268904e-06
1.2030150173814036e-06
1.5532216366409557e-06
1.3326708767635864e-06
1.0208163985225838e-06
1.204702698487381e-06
9.90058651950676e-07
1.195175968859985e-06
9.536690868117148e-07
1.5280887737390003e-06
1.281405275221914e-06
1.3516794297174783e-06
1.2330863228271483e-06
1.121665263781324e-06
9.315176612290088e-07
1.2732567711282172e-06
1.3456933629640844e-06
1.5856298887229059e-06
1.1959679113715538e-06
1.8839948552340502e-06
8.602735306340037e-07
1.468872369514429e-06
1.2817147307941923e-06
9.246155627806729e-07
1.5764154568387312e-06
1.1071759900005418e-06
1.389263729834056e-06
9.461276704314514e-07
1.5115712130864267e-06
1.2309278645261656e-06
1.2106911526643671e-06
1.1186623396497453e-06
1.0638750609359704e-06
1.2131438325013733e-06
1.3797287010675063e-06
9.96912490336399e-07
1.464008960283536e-06
1.4477836884907447e-06
1.0312886615793104e-06
1.4245968031900702e-06
1.303504859606619e-06
1.1260724477324402e-06
1.5151549632719252e-06
1.3599924386653583e-06
1.3631740785058355e-06
1.1978301017734339e-06
1.3351814232009929e-06
1.5326226048273384e-06
1.0362052762502572e-06
1.2179185659988434e-06
8.72940574936365e-07
1.5654618437110912e-06
9.168919632429606e-07
1.4414881661650725e-06
1.180217395813088e-06
1.4680465483252192e-06
1.4369372820510762e-06
1.119403691518528e-06
1.2132254596508574e-06
1.7148918232123833e-06
1.1076751889049774e-06
1.206527372232813e-06
1.3400127727436484e-06
1.1149987813041662e-06
1.5258552821251214e-06
9.424576319361222e-07
1.4546087641065242e-06
1.2287205208849628e-06
1.375469423692266e-06
8.403434890169592e-07
1.448865759812179e-06
1.4035168760528904e-06
1.1515334108480602e-06
1.4106375374467461e-06
1.0562162060523406e-06
1.197839878841478e-06
1.3839385246683378e-06
1.3392848359217169e-06
1.2802215678675566e-06
1.7572832575751818e-06
1.4965040691095055e-06
1.4538970845023869e-06
9.274741046283452e-07
1.6434179315183428e-06
1.3257082400741638e-06
1.0437275932417833e-06
1.2863284837294486e-06
9.931718523148447e-07
1.432724502592464e-06
1.1417951100156642e-06
1.578405203872535e-06
1.1319509667373495e-06
1.6808693317216239e-06
9.364319453197822e-07
1.3725660892305314e-06
1.2352495559753152e-06
1.2176664085927769e-06
1.3024408644923824e-06
1.0561961971689016e-06
2.0101140307815513e-06
9.853349638433428e-07
1.645150632612058e-06
1.2478573125918047e-06
1.4052403685127501e-06
1.0582697314021061e-06
1.111604433390312e-06
8.369167403543543e-07
1.5048950672280625e-06
1.5826154822207172e-06
1.489440933255537e-06
1.1123941021651262e-06
1.372314272884978e-06
1.371893631585408e-06
1.3286271496326663e-06
8.204791583921178e-07
1.4400307009054814e-06
1.0857868346647592e-06
1.5820828593859915e-06
8.426897011304391e-07
1.6093252952487092e-06
1.0464156048328732e-06
1.5567236459901324e-06
9.769661346581415e-07
1.5654769640605082e-06
1.3103239098199992e-06
1.2512174407675047e-06
1.4975991007304401e-06
1.3832492413712316e-06
1.0644833992046188e-06
1.180706590275804e-06
1.1259393204454682e-06
1.417367343492515e-06
1.1742184824470314e-06
1.6063610246419557e-06
1.0272256076859776e-06
1.3148622883818462e-06
9.037514132614888e-07
1.6504086488566827e-06
1.3371219438340631e-06
1.7431329979444854e-06
9.78427920017566e-07
1.758980829436041e-06
1.3175521189623396e-06
1.1503615269248257e-06
1.5171115137491142e-06
1.3939933296569507e-06
9.895227321976563e-07
1.762822421369492e-06
1.3082042187306797e-06
1.3534220215660753e-06
1.5320206330216024e-06
1.733117983349075e-06
1.023369463837298e-06
1.5220051636788412e-06
1.229221084031451e-06
1.4603614317820757e-06
1.3016913271712838e-06
1.2965866744707455e-06
1.4802407122260774e-06
1.9870249161613174e-06
8.855216719894088e-07
1.241306335941772e-06
1.3394802635957603e-06
1.1343734058755217e-06
1.8713589042818057e-06
8.73977853643737e-07
1.5318843225031742e-06
1.6894418877200224e-06
1.4106935850577429e-06
1.2817196193282143e-06
1.0960044392049895e-06
1.3673975445271935e-06
1.1214450523766573e-06
1.1435927262937184e-06
1.050166702043498e-06
1.2507282463047886e-06
1.8614601913213846e-06
8.225766237046628e-07
1.5509898503296426e-06
9.690692195363226e-07
1.345925056739361e-06
1.5305766964957002e-06
1.2984156683160109e-06
1.4475502894129022e-06
8.605029506725259e-07
1.230499719895306e-06
1.2424119404386147e-06
1.292199613089906e-06
1.2308188388487906e-06
1.3109560086377314e-06
1.4099480267759645e-06
1.34131403228821e-06
1.214605958921311e-06
1.113750045078632e-06
1.5465516298718285e-06
1.3732704928770545e-06
1.2786080105797737e-06
1.2843914873883477e-06
1.493353579462564e-06
1.4131317129795207e-06
8.590714628553542e-07
1.7518824506623787e-06
1.0562423540250165e-06
1.767938215380127e-06
1.158034933723684e-06
1.4490577768810908e-06
1.092231173061009e-06
1.4207980711944401e-06
1.2624361716007115e-06
1.285678990825545e-06
1.2339426120888675e-06
1.0943373354166397e-06
1.3516460057871882e-06
1.4222271147446008e-06
1.1556089702935424e-06
1.1374232826710795e-06
1.286377369069669e-06
1.0903233942372026e-06
1.2668837143792189e-06
1.1330951110721799e-06
1.072164991455793e-06
1.1763730753955315e-06
1.3529497664421797e-06
1.0664857654774096e-06
1.6103191455840715e-06
1.2907316886412445e-06
1.1296414186290349e-06
1.1158987263115705e-06
1.639144556975225e-06
8.530479362889309e-07
1.2003949905192712e-06
1.3263884284242522e-06
1.1530295296324766e-06
9.118984962697141e-07
1.8235804191135685e-06
9.732817716212594e-07
1.2906125448353123e-06
1.2438331395969726e-06
1.399958023284853e-06
1.2175878509879112e-06
1.2466148291423451e-06
1.0818658893185784e-06
1.3465496522258036e-06
8.782097324910865e-07
1.1567334468054469e-06
1.604390035936376e-06
1.7504922880107188e-06
8.494785674884042e-07
1.4482189953923807e-06
1.0878836746996967e-06
1.2808003475583973e-06
9.498414215158846e-07
1.6182232229766669e-06
1.2030400284857024e-06
1.4835629826848162e-06
1.37365293539915e-06
1.0762996680568904e-06
1.3317201137397205e-06
1.3368095324040041e-06
9.7102235940838e-07
1.4921237152520916e-06
1.1951231044804445e-06
1.8796442873281194e-06
1.0139543746845447e-06
1.2947689356224146e-06
1.0953128821711289e-06
1.8405850141789415e-06
1.07034884422319e-06
1.5847105032662512e-06
1.1323327271384187e-06
1.060207182490558e-06
1.2701385685431887e-06
1.3324045085028047e-06
9.954098914022325e-07
1.2982147836737568e-06
9.319360856352432e-07
1.374845396640012e-06
1.2427599358488806e-06
1.5383685649794643e-06
1.228085807269963e-06
1.5201643464024528e-06
1.220921944877773e-06
1.3174752666600398e-06
1.0309132676411537e-06
1.367178015243553e-06
1.322142566095863e-06
1.5446595398316276e-06
9.070986948245263e-07
1.4019784657648415e-06
9.981702078221133e-07
1.3501829698725487e-06
1.2237445616847253e-06
1.5815286360520986e-06
7.678123097321077e-07
1.155190147983376e-06
1.1861571920235292e-06
1.4616541648138082e-06
1.3933527043263894e-06
1.6790819472589646e-06
9.370575639877643e-07
1.6513905620740843e-06
9.686999646874028e-07
1.1551777561180643e-06
1.256459768228524e-06
1.0052499419543892e-06
1.1360021971995593e-06
1.4445766964854556e-06
1.2512425655586412e-06
1.102576334233163e-06
1.2881940847364604e-06
1.0886359405049006e-06
1.3721756886297953e-06
9.517774515188648e-07
1.6922863323998172e-06
1.2769504564857925e-06
1.2786729257641127e-06
1.2786065326508833e-06
1.6529789945707307e-06
1.0643605037330417e-06
1.546923044770665e-06
7.497562819480663e-07
1.6581058162046247e-06
1.1539333399923635e-06
1.2792410188922076e-06
1.1288150290056365e-06
1.546729095025512e-06
1.3282136706038727e-06
1.2960263120476156e-06
1.4999144468674785e-06
1.1451028285591747e-06
1.4772786016692407e-06
1.1018736358892056e-06
1.46382762977737e-06
1.297397488997376e-06
1.4551425238096272e-06
1.142693690781016e-06
1.2452286455300055e-06
1.22867425034201e-06
9.601833426131634e-07
1.1695759667418315e-06
1.5438436093972996e-06
1.0164986861127545e-06
1.3143762771505862e-06
1.1799321555372444e-06
1.2271830200916156e-06
1.3916323950979859e-06
1.102445594369783e-06
1.5166714320002939e-06
1.0291751095792279e-06
1.5380600189018878e-06
1.0666515208868077e-06
1.4837531807643245e-06
9.112877705774736e-07
1.090048385776754e-06
1.3209257758717285e-06
1.0834066870302195e-06
1.3835988283972256e-06
1.1388790426281048e-06
1.674121222094982e-06
1.034501565300161e-06
1.3837923233950278e-06
1.4446906106968527e-06
9.319168725596683e-07
1.495168021392601e-06
1.001688133328571e-06
1.3897646340410574e-06
9.841384098763228e-07
1.4494302149614668e-06
8.846107562021643e-07
1.285429448216746e-06
1.2042715979987406e-06
1.6752029523559031e-06
1.2891655387647916e-06
1.290420755140076e-06
1.5516924349867622e-06
9.798790188142448e-07
1.5257670611390495e-06
1.1145687039970653e-06
1.0986474308083416e-06
1.1821522321042721e-06
1.0259203691020957e-06
1.2270833167349338e-06
9.91830575003405e-07
1.0611522611725377e-06
1.318992303822597e-06
1.0208802905253833e-06
1.0046120451079332e-06
1.3498914768206305e-06
1.5684710206187447e-06
1.0866725688174483e-06
1.3736589608015493e-06
1.0992513352903188e-06
1.1563174666662235e-06
1.2769374961862923e-06
1.3198144870329998e-06
1.0974995348078664e-06
1.5244091855493025e-06
8.471440082757908e-07
1.230068505719828e-06
9.542404768581036e-07
1.3217304513091221e-06
1.0910792980212136e-06
1.3400509715211228e-06
9.15678924684471e-07
1.1353819218129502e-06
1.0583595440039062e-06
1.0019643923442345e-06
9.233820037479745e-07
1.4209515484253643e-06
8.549695849069394e-07
1.0535111414355924e-06
1.1548484053491848e-06
1.3626686268253252e-06
1.0543707276156056e-06
1.305982891608437e-06
1.1502022516651778e-06
1.5985492609615903e-06
1.080856918633799e-06
1.0785815902636386e-06
1.1644672213151352e-06
1.168112135019328e-06
1.3235608093964402e-06
1.0626856692397268e-06
1.305273940488405e-06
8.095353791759408e-07
1.3204729611970834e-06
1.1046050758523052e-06
1.6152504258570843e-06
1.056368773788563e-06
1.2559313518067938e-06
1.4441891380556626e-06
1.3946302033218672e-06
1.0529839755690773e-06
1.281397544516949e-06
1.0665146419341909e-06
1.3160623666408355e-06
1.1134118267364101e-06
1.065230662788963e-06
1.1437103921707603e-06
1.0230655789200682e-06
1.4684471807413502e-06
9.648338163970038e-07
1.1039443279514671e-06
1.180687036139716e-06
9.859967349257204e-07
1.1574326208574348e-06
1.2266790463399957e-06
1.0759406450233655e-06
1.4053023278393084e-06
1.0341647111999919e-06
1.1723002444341546e-06
1.1173536904607317e-06
1.0821341902556014e-06
1.3465900110531948e-06
1.1068391359003726e-06
1.1821356338259648e-06
1.0902017493208405e-06
1.1147973282277235e-06
1.2493542271840852e-06
8.940743896346248e-07
1.4826511005594512e-06
1.0596878610158456e-06
1.0292214938090183e-06
1.414876578564872e-06
1.0372539236414013e-06
1.0858832411031472e-06
1.117593342314649e-06
1.3760740102952695e-06
1.1003099871231825e-06
1.623869820832624e-06
9.778865432963357e-07
1.5659645669074962e-06
7.800767889420968e-07
1.5097331242941436e-06
1.035210971167544e-06
1.0669980383681832e-06
1.2521160215328564e-06
1.0554450682320748e-06
1.3557697684518644e-06
1.0208152616542066e-06
1.420227590642753e-06
1.135365209847805e-06
1.3280667872095364e-06
1.2608223869392532e-06
1.3440647990137222e-06
8.554742976230045e-07
1.1611070931394352e-06
8.766462542553199e-07
1.0851080105567235e-06
1.1766479701691424e-06
1.354137225462182e-06
1.0265856644764426e-06
1.2513777392086922e-06
1.2917623735120287e-06
1.0388405371486442e-06
1.2351719078651513e-06
8.123881798383081e-07
1.3458395642373944e-06
1.2663859934036736e-06
1.162972239399096e-06
1.0735132036643336e-06
1.2321905842327396e-06
1.139960772889026e-06
1.5221386320263264e-06
1.187658881462994e-06
1.1602425047385623e-06
9.943639724951936e-07
1.1413809488658444e-06
1.2247544418642065e-06
1.1526143453011173e-06
1.0986988172589918e-06
1.2633324786293088e-06
1.1368088053131942e-06
1.1999045455013402e-06
1.0271261317029712e-06
1.0350995580665767e-06
9.251652386410569e-07
1.558258873046725e-06
1.0904176406256738e-06
1.2474620234570466e-06
1.1470225445009419e-06
1.2893978009742568e-06
9.511097687209258e-07
1.3777806771031464e-06
1.1452156059021945e-06
1.230952193509438e-06
1.0065650712931529e-06
1.1107759974038345e-06
9.739086408444564e-07
1.064507387127378e-06
1.1489642020023894e-06
8.391974120058876e-07
1.5558757695544045e-06
9.673050271885586e-07
1.094228991860291e-06
1.1351384046065505e-06
1.035640138979943e-06
1.2700057823167299e-06
8.55273185607075e-07
1.2198906915728003e-06
1.0707603905757423e-06
1.1054804645027616e-06
9.957092288459535e-07
1.1783058653236367e-06
8.964352105067519e-07
1.4486073496300378e-06
9.794356401471305e-07
1.2914226772409165e-06
1.178388629341498e-06
1.4502949170491775e-06
9.753144922797219e-07
1.320135766036401e-06
1.0181313427892746e-06
1.4124273093329975e-06
1.0470591860212153e-06
1.334247372142272e-06
8.79488993632549e-07
1.3529448779081577e-06
1.30466344216984e-06
1.2523692021204624e-06
1.1468810043879785e-06
1.0844058806469548e-06
9.457722853767336e-07
1.3329649846127722e-06
8.933835147217906e-07
1.3602127637568628e-06
9.040123245540599e-07
1.139565824814781e-06
7.938787121020141e-07
1.4867422351017012e-06
9.472288979850418e-07
9.386288297719148e-07
1.1248282589804148e-06
1.3046080766798696e-06
9.528170608064102e-07
1.2658191508307937e-06
1.1278451665930334e-06
1.204400518872717e-06
9.68819108493335e-07
1.5420890804307419e-06
1.0656860922608757e-06
1.0168387234443799e-06
1.0226669928670162e-06
1.470088932364888e-06
7.616652624164999e-07
1.1468052889540559e-06
7.669269734833506e-07
1.4490925650534336e-06
8.48979595957644e-07
1.6181609225895954e-06
1.7624647625780199e-06
1.293861373596883e-06
1.1131572819067515e-06
1.3061790014035068e-06
9.757239922691952e-07
1.2401582125676214e-06
9.546291721562739e-07
1.2630192713913857e-06
1.2044978348058066e-06
1.5408054423460271e-06
1.0338998208681005e-06
9.153032465292199e-07
1.0004142723119003e-06
1.2455080877771252e-06
1.2552823136502411e-06
9.410580332769314e-07
1.1837431657113484e-06
1.0102157830260694e-06
1.126821871366701e-06
1.3389012565312441e-06
9.133568141805881e-07
1.454614107387897e-06
1.0814687811944168e-06
1.380278945362079e-06
1.2139076943640248e-06
1.0154248002436361e-06
1.051370190907619e-06
1.3179968618715066e-06
1.6318862208208884e-06
8.467407610623923e-07
7.664951908736839e-07
1.2423120097082574e-06
1.286952738155378e-06
1.08233484752418e-06
7.630162031091459e-07
1.5280073739631916e-06
9.659250963522936e-07
1.2941289924128796e-06
1.2966063422936713e-06
1.1787057019319036e-06
1.3057009482508874e-06
6.777875682928425e-07
1.3214022374086198e-06
1.330054146819748e-06
1.4412668178920285e-06
1.002049543785688e-06
1.4091904176893877e-06
7.557356411780347e-07
1.0330073791919858e-06
1.1573160918487702e-06
9.080405902750499e-07
1.3735690345129115e-06
1.0956414371321443e-06
1.3747809362030239e-06
1.1268316484347451e-06
1.3628656461150968e-06
1.1865661235788139e-06
1.7965443248613155e-06
9.122255164584203e-07
1.0137841854884755e-06
1.4100485259405104e-06
9.542033012621687e-07
1.3283323596624541e-06
1.1910638022527564e-06
1.4983000937718316e-06
9.622681318433024e-07
1.3551218671636889e-06
1.331730913989304e-06
1.2476123174565146e-06
1.134385115619807e-06
1.2168072771601146e-06
1.5518571672146209e-06
1.0485439361218596e-06
1.543410121485067e-06
8.219828373512428e-07
8.872823968886223e-07
1.2721001212412375e-06
9.10919652596931e-07
8.418717811764509e-07
1.3111821317579597e-06
8.826430075714597e-07
1.4711322364746593e-06
1.1655400840027141e-06
9.53813582782459e-07
1.3851890798832756e-06
9.573292345521622e-07
1.4626720030719298e-06
1.2074616506652092e-06
1.053975211107172e-06
1.2336319059613743e-06
1.4051948937776615e-06
9.593039749233867e-07
1.2138892770963139e-06
1.2540435818664264e-06
1.2156872344348812e-06
1.2594528016052209e-06
9.20347531518928e-07
1.3606094171336736e-06
1.2103695326004527e-06
1.0607628837533412e-06
9.587263321009232e-07
1.0220976491837064e-06
1.1682443528115982e-06
9.907791991281556e-07
9.382308689964702e-07
1.3144771173756453e-06
1.0255096185574075e-06
1.206019760502386e-06
9.929225370797212e-07
1.1908698525076034e-06
9.767101118995924e-07
1.2453790532163111e-06
1.0946922657240066e-06
1.0500583584871492e-06
9.476233913119358e-07
1.5105666761883185e-06
1.0882810101975338e-06
1.4480452819043421e-06
1.1763896736738388e-06
1.011402673611883e-06
1.2162463463027962e-06
8.276905418824754e-07
1.343198277936608e-06
1.1427767958593904e-06
1.2159842981418478e-06
8.144165803969372e-07
1.257948269994813e-06
8.694336770531663e-07
1.2685280808000243e-06
9.153952191809367e-07
1.2700913885055343e-06
1.068946517079894e-06
1.3729338661505608e-06
1.3063101960142376e-06
1.2287517847653362e-06
1.0900215556830517e-06
9.61788032327604e-07
1.0071615861306782e-06
1.3603807929030154e-06
1.0250736295347451e-06
1.1222747389183496e-06
1.0871236781895277e-06
1.0415301403554622e-06
1.4438587641052436e-06
8.438321970061224e-07
1.1303816336294403e-06
1.0956113101201481e-06
9.174395358968468e-07
1.0523136779738707e-06
1.0089825082104653e-06
1.1913446087419288e-06
1.0425287655380089e-06
1.3607291293737944e-06
1.170681684925512e-06
1.0366962897023768e-06
1.305482214775111e-06
9.385533417116676e-07
9.050410199051839e-07
1.2031277947244234e-06
1.2795378552254988e-06
9.75409193415544e-07
1.060990825862973e-06
9.606529829397914e-07
1.343550707133545e-06
9.182866733681294e-07
1.1605279723880813e-06
1.0602201427900582e-06
1.484207928115211e-06
1.1420360124247964e-06
1.1747206372092478e-06
1.278558443118527e-06
1.25040833154344e-06
1.199082930725126e-06
8.58418957250251e-07
1.2569606724355253e-06
1.216661758007831e-06
1.1364653573764372e-06
1.0336143532185815e-06
1.0767680578283034e-06
1.1967814543822897e-06
1.2314801551838173e-06
1.032183604365855e-06
1.193816842715023e-06
1.0081276968776365e-06
1.0510076435821247e-06
1.0265714536217274e-06
9.63973320722289e-07
1.3346400464797625e-06
9.099944691115525e-07
1.2184906381662586e-06
1.0059015949082095e-06
1.0804635621752823e-06
1.0484801578058978e-06
1.2352962812656187e-06
9.67295022746839e-07
1.2758106322507956e-06
9.648896366343251e-07
1.000479301183077e-06
1.1677265092657763e-06
1.0801275038829772e-06
1.1508606121424236e-06
1.0422278364785598e-06
1.0534208740864415e-06
1.070171265382669e-06
9.290669709116628e-07
1.3777759022559621e-06
8.058152047851763e-07
1.6317420659106574e-06
9.721685501062893e-07
9.84695816441672e-07
1.1909429531442584e-06
1.1895170928255538e-06
1.2206526207592105e-06
9.829307145992061e-07
1.0370362133471644e-06
1.0630689075696864e-06
1.2029681784042623e-06
9.866324717222597e-07
1.2159139259892981e-06
9.291587161897041e-07
1.1335378076182678e-06
9.53189157826273e-07
8.741258739064506e-07
1.2010322052447009e-06
8.635009862700826e-07
1.1586027994781034e-06
1.0405564125903766e-06
1.1677552720357198e-06
1.1995565500910743e-06
1.0070236839965219e-06
1.186419012810802e-06
1.259536475117784e-06
7.383226829915657e-07
1.048547460413829e-06
1.1944225661864039e-06
1.2050701343468972e-06
9.95697973849019e-07
1.3821594393448322e-06
8.399700277550437e-07
1.2197144769743318e-06
1.0799514029713464e-06
1.2013573496005847e-06
9.12338748548791e-07
1.155117843154585e-06
8.711855343790376e-07
1.2895718555228086e-06
9.439219752493955e-07
1.1275357110207551e-06
1.1877583574460004e-06
1.157871565737878e-06
9.509888627690088e-07
8.824508199722914e-07
1.3800794249618775e-06
8.173255992005579e-07
1.295180027227616e-06
9.121908419729152e-07
1.045146404976549e-06
1.2432691391950357e-06
1.1146914857818047e-06
1.2673685887421016e-06
1.058001885212434e-06
1.2555944977066247e-06
1.0442623761264258e-06
1.3024310874243383e-06
7.365724172814225e-07
1.2411671832524007e-06
9.111271310757729e-07
9.039874839800177e-07
1.1971013691436383e-06
1.1021658110621502e-06
1.3526974953492754e-06
8.676998959344928e-07
9.68636982179305e-07
1.1012550658051623e-06
9.383154520037351e-07
1.4643117083323887e-06
1.0140531685465248e-06
1.5895179785729852e-06
8.050367341638776e-07
9.188922263092536e-07
1.0814918596224743e-06
1.1155974561916082e-06
9.237014637619723e-07
1.408377215739165e-06
6.017315854478511e-07
1.3244886076790863e-06
1.2943478395754937e-06
7.74724867369514e-07
1.3445225022223894e-06
1.1945921869482845e-06
1.1753822946047876e-06
1.031587771649356e-06
1.096690311896964e-06
1.0454747325638891e-06
1.3007967254452524e-06
1.0602935844872263e-06
1.137628942160518e-06
9.560175158185302e-07
1.2334219263721025e-06
8.893344443094975e-07
1.1126630852231756e-06
1.0495484730199678e-06
1.1921653140234412e-06
1.1502501138238586e-06
1.0103054819410318e-06
9.215768841386307e-07
1.0950374189633294e-06
1.08120366348885e-06
1.3823778317600954e-06
1.0501063343326678e-06
1.5052388562253327e-06
1.076970420399448e-06
1.17867944027239e-06
1.1229614074181882e-06
9.230273008142831e-07
1.2268391174075077e-06
1.0887540611292934e-06
1.2894626024717581e-06
1.023492814056226e-06
1.1271397397649707e-06
1.222533001055126e-06
9.298769896304293e-07
1.2359308811937808e-06
9.83273366728099e-07
1.1166411013618927e-06
9.451915730096516e-07
1.4704592103953473e-06
8.731545335649571e-07
1.1724849855454522e-06
8.602307843830204e-07
1.4556599126080982e-06
1.0857201004910166e-06
8.543901230950723e-07
1.2317838127273717e-06
1.218213583342731e-06
8.612714168521052e-07
1.0867195214814274e-06
8.043207344599068e-07
1.5232378700602567e-06
1.353741936327424e-06
1.4169337418934447e-06
9.812247299123555e-07
1.1280799299129285e-06
1.0086341717396863e-06
1.3621934158436488e-06
9.370649536322162e-07
1.291549097004463e-06
1.1662978067761287e-06
1.2096459158783546e-06
8.960666377788584e-07
1.0768641232061782e-06
1.4442542806136771e-06
1.0123087577085244e-06
1.0624428341543535e-06
1.0334339322071173e-06
1.1954596175201004e-06
1.0435448984935647e-06
1.1535649946381454e-06
1.0053985306512914e-06
1.0780651109598693e-06
1.1443805760791292e-06
1.0187562793362304e-06
9.832028808887117e-07
1.0185198107137694e-06
1.0761785915747168e-06
9.461647323405487e-07
1.0262900786983664e-06
1.1292576118648867e-06
9.943504437615047e-07
1.034284764500626e-06
1.0601511348795611e-06
1.15366356112645e-06
8.797547366157232e-07
1.153160837930045e-06
7.326949571506702e-07
1.1558352071006084e-06
1.3067744930594927e-06
1.2236055226821918e-06
1.0127836276296875e-06
1.1579886631807312e-06
8.305516416839964e-07
1.1685629033308942e-06
9.914907650454552e-07
9.772700195753714e-07
8.809257110442559e-07
1.3549856703320984e-06
1.2217993798913085e-06
1.17695196877321e-06
8.193655389732157e-07
1.1784578646256705e-06
7.111103172974254e-07
1.4260320995163056e-06
1.0874910003622063e-06
1.380758362756751e-06
9.562045306665823e-07
9.39135929911572e-07
1.0307970796930022e-06
1.1751166084650322e-06
1.0229775853076717e-06
1.2890707239421317e-06
1.0707190085668117e-06
1.174252929558861e-06
7.542207072219753e-07
1.0393839602329535e-06
8.689369224157417e-07
1.4755207757843891e-06
8.644965987514297e-07
1.4170595932228025e-06
9.740040241013048e-07
1.1852941952383844e-06
1.1049966133214184e-06
1.1493322062960942e-06
7.374572419394099e-07
9.959709359463886e-07
9.708858215162763e-07
1.4151429468256538e-06
8.506518156536913e-07
1.1547527947186609e-06
1.1996621651633177e-06
1.1438982028266764e-06
8.524199870407756e-07
1.380928665639658e-06
1.2696278872681432e-06
1.0003957413573517e-06
7.669281103517278e-07
1.2334402299529756e-06
1.6884955584828276e-06
9.42828535244189e-07
1.2020796020806301e-06
1.1841850664495723e-06
1.2769778550136834e-06
1.0831090548890643e-06
9.647212664276594e-07
1.5163101352300146e-06
7.954681677802e-07
1.239918674400542e-06
1.0205634453086532e-06
9.998216228268575e-07
9.944096746039577e-07
9.74006411524897e-07
1.4741500535819796e-06
1.1700484492394025e-06
8.93794151579641e-07
1.2250341114850016e-06
1.0344323300159886e-06
1.5075891042215517e-06
9.91065689959214e-07
1.3681699329026742e-06
1.0977910278597847e-06
9.996218750529806e-07
1.090297132577689e-06
1.2342210311544477e-06
1.0211110748059582e-06
1.0996582204825245e-06
1.0276739885739516e-06
9.517326020613837e-07
1.2171711887276615e-06
8.011069780877733e-07
1.107149728341028e-06
1.0288006251357729e-06
1.2498441037678276e-06
9.753473477758234e-07
8.589056506025372e-07
9.347831451123056e-07
1.1865753322126693e-06
1.1949135796385235e-06
1.2605564734258223e-06
9.522628943159361e-07
8.667717565913335e-07
1.3065043731330661e-06
8.616535183136875e-07
1.2704575738098356e-06
9.597091548130265e-07
1.107009666156955e-06
7.77102457050205e-07
1.0934691090369597e-06
1.1277132898612763e-06
9.961879641195992e-07
8.119419590002508e-07
1.1655730531856534e-06
9.679240520199528e-07
1.3049888138993992e-06
8.417586627729179e-07
1.017496174426924e-06
1.086426891561132e-06
1.3856365512765478e-06
8.315321906593454e-07
9.91756678558886e-07
8.506581821166037e-07
1.0387292377345148e-06
1.299671794185997e-06
9.36834283038479e-07
1.2121178087909357e-06
9.00612917575927e-07
1.2076473012712086e-06
1.0458589940753882e-06
1.2111009937143535e-06
1.1768303238568478e-06
9.048889637597313e-07
1.0276695547872805e-06
1.0459390296091442e-06
1.0696337540139211e-06
1.1468340517239994e-06
9.552961728331866e-07
1.4014793805472436e-06
9.494159485257114e-07
1.2765134442815906e-06
1.0918894304268179e-06
1.194001470139483e-06
8.481970326101873e-07
1.3038830957157188e-06
9.93361595647002e-07
1.3174562809581403e-06
8.479448183607019e-07
1.0824965102074202e-06
8.923073551159177e-07
8.985786621451552e-07
1.187382849821006e-06
9.155555176221242e-07
1.3827830116497353e-06
9.166633390123025e-07
1.3624076018459164e-06
1.1033372402380337e-06
1.2252054375494481e-06
9.103670208787662e-07
9.702016541268677e-07
1.113585881284962e-06
1.0492100273040705e-06
9.242989449376182e-07
1.4564933508154354e-06
9.407403354089183e-07
9.474238709117344e-07
1.0749394050435512e-06
1.211364178743679e-06
9.563200364937074e-07
9.478284823671856e-07
9.485036684964143e-07
1.2074465303157922e-06
7.551615794909594e-07
9.981296216210467e-07
1.532788928670925e-06
7.431705171256908e-07
9.162974947685143e-07
8.848856509757752e-07
1.5205800991680007e-06
9.768043582880637e-07
1.0656351605575765e-06
1.121183345276222e-06
1.3361152468860382e-06
8.01299052000104e-07
9.923502375386306e-07
1.0536083436818444e-06
1.033174726217112e-06
1.0664580258890055e-06
1.0946919246634934e-06
1.0853334515559254e-06
1.3593488574770163e-06
8.728001716917788e-07
1.3333288961803191e-06
1.1346071460138774e-06
1.1767133401008323e-06
1.3544969306167332e-06
7.800455250617233e-07
1.0864017667699954e-06
9.5482346296194e-07
1.0416561053716578e-06
9.674834018369438e-07
1.0697989409891306e-06
1.5836019429116277e-06
8.519291441189125e-07
1.2074568758180249e-06
1.1405065833969275e-06
9.4312787268791e-07
1.2573282219818793e-06
9.158054012914363e-07
1.2484024409786798e-06
1.1828811921077431e-06
9.640932603360852e-07
8.010546252990025e-07
1.4779528783037676e-06
9.005404990602983e-07
1.0934483043456567e-06
1.1793978273999528e-06
1.4134726598058478e-06
1.200199903905741e-06
8.398934028264193e-07
1.1956465186813148e-06
9.260439242098073e-07
1.1334839200571878e-06
1.1610558203756227e-06
1.1753342050724314e-06
1.1325312243570806e-06
1.1011736660293536e-06
1.0718122211983427e-06
1.1512029232108034e-06
8.740165640119812e-07
9.506620699539781e-07
1.0405951798020396e-06
1.0058549833047437e-06
1.2741794535031659e-06
9.1387266820675e-07
1.436957745681866e-06
1.0051031722468906e-06
1.1790605185524328e-06
1.3239188092484255e-06
9.43049883517233e-07
9.52642324136832e-07
7.759934987916495e-07
9.416833108844003e-07
1.0313123084415565e-06
1.0433233228468453e-06
8.940970701587503e-07
1.3170946431273478e-06
1.410009872415685e-06
1.0456036534378654e-06
1.1585918855416821e-06
1.1026753554688185e-06
1.0803116765600862e-06
1.3485044974004268e-06
9.735275625644135e-07
1.2467746728361817e-06
8.804945537121966e-07
1.2186617368570296e-06
9.731636509968666e-07
1.1407583997424808e-06
1.0337990943298792e-06
7.145813469833229e-07
1.1706049463100499e-06
1.3178377002986963e-06
9.163546224044694e-07
1.042935423356539e-06
1.0952304592137807e-06
8.509816780133406e-07
1.1503723271744093e-06
1.2357992318356992e-06
9.10173127977032e-07
1.0279252364853164e-06
1.1502219194881036e-06
7.803992048138753e-07
1.1252647027504281e-06
9.524481470180035e-07
1.1591331485760747e-06
9.939176379702985e-07
1.2707077985396609e-06
9.498809845354117e-07
9.944567409547744e-07
1.112736867980857e-06
9.373847547067271e-07
1.0448055718370597e-06
1.3783792383037508e-06
9.854417157839634e-07
1.0708829449868063e-06
9.500248552285484e-07
8.040024681577052e-07
1.1385851621525944e-06
1.0505577847652603e-06
1.0858618679776555e-06
1.0845976703421911e-06
1.3965196785648004e-06
9.090931030186766e-07
1.2399949582686531e-06
9.89082195701485e-07
1.1906033705599839e-06
7.176351459747821e-07
1.2710918326774845e-06
8.60646252931474e-07
1.2045300081808819e-06
9.260866704607906e-07
8.642722377771861e-07
1.4472120710706804e-06
1.3389385458140168e-06
9.223234656019486e-07
7.664137342544564e-07
1.4227205156203127e-06
9.185514500131831e-07
1.110098651224689e-06
1.280871515518811e-06
1.0587355063762516e-06
9.281364441449114e-07
9.049161917573656e-07
1.3545841284212656e-06
1.1608407248786534e-06
1.2538666851469316e-06
1.1010442904080264e-06
1.0982120102198678e-06
1.3293030178829213e-06
7.434599069711112e-07
1.3635266213896102e-06
9.785509291759809e-07
1.2032011227347539e-06
1.001191549221403e-06
1.245756493517547e-06
9.261562468054763e-07
1.0614452321533463e-06
8.864631695360004e-07
9.539460279484047e-07
1.0156393273064168e-06
8.539216196368216e-07
1.3432368177745957e-06
1.0794948366310564e-06
1.303000885854999e-06
1.0839640935955686e-06
1.26920042475831e-06
8.355677891813684e-07
1.2360250138954143e-06
9.872634336716146e-07
1.246734541382466e-06
1.0510389074624982e-06
6.800356118219497e-07
1.1760948837036267e-06
8.881800681592722e-07
1.1516817721712869e-06
1.0488103043826413e-06
9.963209777197335e-07
1.150330831478641e-06
1.3013643638259964e-06
9.356256214232417e-07
1.5095679373189341e-06
1.0112122481586994e-06
1.0387047950644046e-06
9.337863389191625e-07
1.1242349273743457e-06
9.783495897863759e-07
1.0598690778351738e-06
9.531212867841532e-07
1.0744466862888657e-06
1.0760463737824466e-06
1.043766133079771e-06
1.1546864016054315e-06
1.0119040325662354e-06
9.707387107482646e-07
9.066153552339529e-07
1.4521718867399613e-06
1.1424135664128698e-06
1.0222389619229943e-06
1.1079285968662589e-06
1.0766258355943137e-06
9.675551382315462e-07
1.1062421663154964e-06
1.0684746030165115e-06
9.962368494598195e-07
9.859849114945973e-07
9.820614650379866e-07
9.409213248545711e-07
1.1513286608533235e-06
8.607648851466365e-07
9.776358638191596e-07
7.637909789082187e-07
1.1446398957559722e-06
6.982619424888981e-07
1.5106976434253738e-06
7.959176286931324e-07
1.404173758601246e-06
1.057994950315333e-06
1.3471524198394036e-06
1.057407644111663e-06
1.040130314322596e-06
1.0938531431747833e-06
1.3796329767501447e-06
9.72699581325287e-07
1.3467633834807202e-06
8.719640618437552e-07
8.921407470552367e-07
1.084473183254886e-06
9.487258694207412e-07
1.5263611885529826e-06
9.439612540518283e-07
1.0567357549007284e-06
1.2192911071906565e-06
9.61638534136e-07
1.3995875178807182e-06
1.056486780726118e-06
1.0592509624984814e-06
1.0838641628652113e-06
1.0113914186149486e-06
7.775830113132542e-07
1.2689366712947958e-06
1.2553936130643706e-06
1.176235628008726e-06
8.006753660083632e-07
1.1808166391347186e-06
7.449457370967139e-07
1.0062719866255065e-06
9.826932227952057e-07
1.1152411616421887e-06
8.051966915445519e-07
1.3421947642200394e-06
8.874448553797265e-07
9.987601288230508e-07
7.002593065408291e-07
1.2534624147519935e-06
9.67083110481326e-07
1.21967514132848e-06
1.0021959724326734e-06
8.871884347172454e-07
7.90203728229244e-07
1.1977570011367789e-06
8.874840773387405e-07
1.0271778592141345e-06
1.290659611186129e-06
1.3404765013547149e-06
1.0285384632879868e-06
1.0082022754431819e-06
1.165388198387518e-06
1.0582255072222324e-06
1.045410272126901e-06
9.052932909980882e-07
1.0180419849348255e-06
1.0032167665485758e-06
1.1536478723428445e-06
8.925965175876627e-07
1.2559595461425488e-06
8.390862831220147e-07
1.156995153905882e-06
1.0040548659162596e-06
9.889562306852895e-07
1.099340693144768e-06
9.897051995721995e-07
8.149286827574542e-07
1.1639795047813095e-06
8.924901635509741e-07
1.142727114711306e-06
1.166467200164334e-06
1.1520110092533287e-06
1.0052571042251657e-06
1.2141425713707577e-06
9.184494729197468e-07
1.0576455906630144e-06
9.780445680007688e-07
1.0715983762565884e-06
9.327894758826005e-07
7.829282822058303e-07
1.1187790960320854e-06
1.1736429996744846e-06
1.0311974847354577e-06
9.41875782700663e-07
7.533985808549915e-07
1.1752860018532374e-06
9.483001690568926e-07
1.1465585885162e-06
8.989682100946084e-07