0.0002875
0.00026406123652122915
0.00028493450372479856
0.0003832691872958094
0.00043077595182694495
0.0004333549295552075
0.0007586627616547048
0.000743348675314337
0.0006257325294427574
0.000800979440100491
0.0007932631997391582
0.000722539029084146
0.0008406223496422172
0.0007793667609803379
0.000610761868301779
0.0006155695300549269
0.0007767394417896867
0.0005608212086372077
0.0008914370555430651
0.0007713147788308561
0.0010763242607936263
0.0008420734666287899
0.0005621510208584368
0.0005989533383399248
0.0006483190227299929
0.0005607907078228891
0.0005813793395645916
0.0004418714379426092
0.0005432153702713549
0.0004777690628543496
0.0004177384253125638
0.0003871997178066522
0.0004221954441163689
0.0004394622810650617
0.00043291301699355245
0.00043399594142101705
0.00042490186751820147
0.000561088090762496
0.00048630006494931877
0.0004194780485704541
0.0004694772360380739
0.0004125274426769465
0.00044683850137516856
0.00044246113975532353
0.00039708768599666655
0.0003784511354751885
0.00043329320033080876
0.00044847646495327353
0.0004174076020717621
0.0003386384341865778
0.00033729179995134473
0.0003928478399757296
0.0004081146325916052
0.0004293316451366991
0.0003556313458830118
0.00036266306415200233
0.00047261398867703974
0.00028027553344145417
0.0004023218934889883
0.0004982016398571432
0.00041537394281476736
0.0002570251817815006
0.0004616568039637059
0.00035297192516736686
0.0003454424731899053
0.0004174437199253589
0.0004154650087002665
0.0003585729864425957
0.00047658829134888947
0.0004290271899662912
0.00033914344385266304
0.0003843303129542619
0.0004506143450271338
0.0004369503876660019
0.00025188500876538455
0.00039297755574807525
0.0003439257270656526
0.00043569947592914104
0.00031329342164099216
0.0003185607201885432
0.0004946485860273242
0.00034626873093657196
0.00044099881779402494
0.0003494788834359497
0.00025953378644771874
0.0004677662218455225
0.00031937321182340384
0.00040726663428358734
0.00032766556250862777
0.0003896457201335579
0.0004471131251193583
0.00045422441326081753
0.0002839076623786241
0.0003715382772497833
0.00034066924126818776
0.00034640476224012673
0.00045270746340975165
0.00037152034929022193
0.00031004316406324506
0.0003673661267384887
0.0003156957682222128
0.00031675162608735263
0.0003206015971954912
0.00034087186213582754
0.0003594246809370816
0.0003729119780473411
0.00039570213994011283
0.0004281911824364215
0.000363773520803079
0.00043812443618662655
0.0003529154055286199
0.00037590318243019283
0.0003522368788253516
0.0003236007469240576
0.00023884924303274602
0.0003244588733650744
0.00042117625707760453
0.0002900542167481035
0.00040241365786641836
0.00034401126322336495
0.0004248801269568503
0.0003440622240304947
0.00039844721322879195
0.00033322651870548725
0.00037067904486320913
0.00037788564804941416
0.00034198950743302703
0.00025783019373193383
0.0004114680632483214
0.00036769459256902337
0.0002910831826739013
0.00039802430546842515
0.0002693714923225343
0.00044074797187931836
0.0004190649196971208
0.00039400855894200504
0.00025398097932338715
0.00036515455576591194
0.0003695003979373723
0.0002969857887364924
0.0004165430145803839
0.00027525314362719655
0.000399613258196041
0.0003535904979798943
0.0003601775970309973
0.0004733975511044264
0.0002962643629871309
0.00039474168443121016
0.0003539546742103994
0.00028419014415703714
0.0003387387259863317
0.0004915313329547644
0.0003418547275941819
0.0002964249870274216
0.00043215276673436165
0.00041357631562277675
0.00038153270725160837
0.00039501427090726793
0.00040942756459116936
0.00035416442551650107
0.00027900669374503195
0.0003828741319011897
0.00042152992682531476
0.00030808168230578303
0.0004170135944150388
0.0003415039973333478
0.0002882150874938816
0.0004771950771100819
0.0004123794788029045
0.0003971183905377984
0.00033653684658929706
0.00033554784022271633
0.0003372539358679205
0.0003795456432271749
0.0002673201961442828
0.00038819797919131815
0.0002747320686466992
0.0003407988988328725
0.0003091082035098225
0.0004195549990981817
0.00034571689320728183
0.0003593023575376719
0.0003222969244234264
0.00030214228900149465
0.0003383135481271893
0.0002822109963744879
0.0003011604421772063
0.0002726147649809718
0.000429740350227803
0.0003302549012005329
0.0003527667431626469
0.0002607921196613461
0.0004138814692851156
0.00034038920421153307
0.00028113488224335015
0.0004843398928642273
0.0003775434161070734
0.000352530914824456
0.0003387697506695986
0.00039749935967847705
0.0003719424712471664
0.0004102488455828279
0.00041575913201086223
0.0003824102459475398
0.0004648634640034288
0.0003284381527919322
0.00032902625389397144
0.0003814907686319202
0.00033273224835284054
0.0003442864690441638
0.0002498956164345145
0.00040986761450767517
0.0003377613320481032
0.000341668666806072
0.0003968655946664512
0.0004209132166579366
0.00033498104312457144
0.0003585233062040061
0.0004049077979288995
0.000318370497552678
0.0004134722694288939
0.00024076898989733309
0.0003627438854891807
0.00030731045990251005
0.0004291825753170997
0.00037239445373415947
0.0003398334083613008
0.000315305485855788
0.0004639448306988925
0.0003136705490760505
0.00037213711766526103
0.0003673701430670917
0.0003109424142166972
0.0002937946410384029
0.0004005464434158057
0.0002748857659753412
0.00039430646575056016
0.00042249436955899
0.00035103358095511794
0.00041853581205941737
0.00040090232505463064
0.0003211822477169335
0.0002771906729321927
0.0003673094615805894
0.00030591522227041423
0.00042549712816253304
0.00026222990709356964
0.0004481035575736314
0.0003029860381502658
0.00034364621387794614
0.00034802700974978507
0.0003983918868470937
0.00031323565053753555
0.00031093304278329015
0.00034887378569692373
0.00040250003803521395
0.0003300014359410852
0.0004881090426351875
0.00036296076723374426
0.0003596380993258208
0.0003184738161507994
0.0003239295328967273
0.00031393999233841896
0.0002346925757592544
0.00030515488469973207
0.00036138342693448067
0.0003545131767168641
0.0004571914323605597
0.00028190601733513176
0.00038482024683617055
0.00039689839468337595
0.0003929958329536021
0.00027546321507543325
0.0004123942053411156
0.00036971387453377247
0.0003744146379176527
0.00029321343754418194
0.00046723519335500896
0.00031355067039839923
0.00035025697434321046
0.0003731639590114355
0.00028864352498203516
0.00035551050677895546
0.0003753768396563828
0.0003448098141234368
0.00026030372828245163
0.0003943471529055387
0.0003040420706383884
0.0004095017211511731
0.00035205818130634725
0.0003539057797752321
0.00029804400401189923
0.00039611125248484313
0.0002948542241938412
0.00029568542959168553
0.0003682688402477652
0.0003407570766285062
0.00030772830359637737
0.00037668211734853685
0.0003700997040141374
0.0003069078375119716
0.0003743391716852784
0.00036643934436142445
0.00044964408152736723
0.0003504292690195143
0.0003208385896869004
0.00030861489358358085
0.00034852055250667036
0.0003914751869160682
0.00040577116305939853
0.00038180145202204585
0.0003702599206008017
0.0003068000660277903
0.0003166018286719918
0.00040259756497107446
0.00032669014763087034
0.0002638275327626616
0.0003481477324385196
0.0003949768142774701
0.0002700786280911416
0.00036560199805535376
0.00028990203281864524
0.0002639790182001889
0.0003354395448695868
0.0003157990868203342
0.00044708509813062847
0.0002738752809818834
0.00028539932100102305
0.00032106623984873295
0.00029485367122106254
0.0002468059246893972
0.00042095661046914756
0.00034086385858245194
0.00026543589774519205
0.000274324556812644
0.00026804808294400573
0.0003837363328784704
0.0003752624324988574
0.00037283444544300437
0.00032210935023613274
0.0004077646299265325
0.0002483663847669959
0.0003505018539726734
0.0003741266264114529
0.00025544920936226845
0.00036362616810947657
0.0003005923063028604
0.00030262558721005917
0.0003819739504251629
0.00029021999216638505
0.00036002660635858774
0.0003288963343948126
0.0004037966427858919
0.00033127653296105564
0.0002797830675262958
0.00031776621472090483
0.0003996801970060915
0.0002980697900056839
0.00030647162930108607
0.00034863411565311253
0.0002890832838602364
0.00040321293636225164
0.00028590939473360777
0.0004178475064691156
0.00039743250817991793
0.000371484988136217
0.000350636342773214
0.00020372345170471817
0.00043838066630996764
0.00037507707020267844
0.0003173167642671615
0.0003216714831069112
0.0002568531490396708
0.0003717901126947254
0.00037697365041822195
0.00031673561898060143
0.0002923201536759734
0.0002688434615265578
0.0003173708391841501
0.00037271890323609114
0.0003231011505704373
0.0003144795191474259
0.00029367278330028057
0.00036290939897298813
0.0003083834599237889
0.0003762624692171812
0.0002826080599334091
0.00033980520674958825
0.0002658364246599376
0.00041925092227756977
0.0003086000797338784
0.0003166741516906768
0.00033588759833946824
0.000377775082597509
0.00035321933683007956
0.00031959524494595826
0.0003853413218166679
0.00038062228122726083
0.0003037519636563957
0.00032867450499907136
0.0002618319122120738
0.0003651264123618603
0.00039705171366222203
0.00030261691426858306
0.0003733925987035036
0.00025235587963834405
0.000265733920969069
0.0003693597100209445
0.0002505455631762743
0.00031469701207242906
0.00033813933259807527
0.00024849866167642176
0.0002592385280877352
0.00034202029928565025
0.0002906635927502066
0.0002634878910612315
0.00034614582546055317
0.00032671415829099715
0.0002702455676626414
0.0003761097905226052
0.0003977416781708598
0.00034140076604671776
0.0003836842661257833
0.00030183253693394363
0.00034281593980267644
0.00033237694879062474
0.0004132207832299173
0.0002809531579259783
0.00029727816581726074
0.0002703937061596662
0.00036391918547451496
0.0003385495801921934
0.0002543519367463887
0.00025764433667063713
0.00039077558903954923
0.00027826440054923296
0.00033396363141946495
0.0003097477601841092
0.00029003582312725484
0.00033299438655376434
0.0003737810184247792
0.00027123064501211047
0.00027610050165094435
0.0002534154918976128
0.0003047636419069022
0.000444428704213351
0.0003181049250997603
0.0003129847755189985
0.0003649192221928388
0.0003386109310667962
0.00031431092065759003
0.00036768303834833205
0.0003089772944804281
0.00031431292882189155
0.0003681092639453709
0.00033087009796872735
0.0002616030105855316
0.0003291740140412003
0.00031169995781965554
0.0002764940436463803
0.00033777437056414783
0.00026257114950567484
0.00032815750455483794
0.00028588148416019976
0.0003153382567688823
0.00026211008662357926
0.00038911483716219664
0.0003667340206447989
0.00032548201852478087
0.0002884900604840368
0.00041938619688153267
0.0002852798206731677
0.00037132963188923895
0.0003316965012345463
0.00029011297738179564
0.00034839860745705664
0.000359769124770537
0.0003289521555416286
0.00039343544631265104
0.0003577000752557069
0.00033978751162067056
0.00032902456587180495
0.000404081103624776
0.00034860827145166695
0.0003411670040804893
0.000419758289353922
0.0003841301950160414
0.00037311448249965906
0.00034656492061913013
0.0002488732570782304
0.00022353226086124778
0.00032329605892300606
0.00037264724960550666
0.00036448281025514007
0.00030753176542930305
0.0004606346774380654
0.0003269669832661748
0.00028314930386841297
0.00035220684367232025
0.00039009019383229315
0.0003375050728209317
0.00043136937892995775
0.0003017955750692636
0.0003102566406596452
0.00041758405859582126
0.0003279265365563333
0.0003924057527910918
0.00030354742193594575
0.00036152356187812984
0.0003380839480087161
0.00033365158014930785
0.0003139291366096586
0.0003900298906955868
0.0003262280661147088
0.00035008505801670253
0.00046211338485591114
0.0002966928295791149
0.0003577686147764325
0.0004114330804441124
0.00039569431100971997
0.000347935245372355
0.000352149159880355
0.0002855615457519889
0.0002860872191376984
0.0003506018256302923
0.00024261779617518187
0.0004361006140243262
0.0002897717640735209
0.00031270142062567174
0.0003405253228265792
0.0004051418509334326
0.000371891597751528
0.00022550768335349858
0.0004057483747601509
0.0002850540622603148
0.0002786561963148415
0.00032206959440372884
0.0003718593798112124
0.0004152987094130367
0.0002719422918744385
0.0004093190946150571
0.0004102041420992464
0.0003297074290458113
0.00036179611925035715
0.0002808891877066344
0.00026047631399706006
0.0002484035794623196
0.00039449974428862333
0.00043081596959382296
0.0004228342149872333
0.00035070377634838223
0.0003317326190881431
0.0004034754238091409
0.0003425810136832297
0.0004106911364942789
0.000271164026344195
0.00032765703508630395
0.0003997824096586555
0.00023718446027487516
0.00028328088228590786
0.00031284481519833207
0.0003501207975205034
0.00035739215672947466
0.00034711929038167
0.00032276989077217877
0.00029317045118659735
0.0002863129775505513
0.0003549122193362564
0.0003794203803408891
0.0004068370326422155
0.0003455339465290308
0.00032268385984934866
0.00035134845529682934
0.00031052122358232737
0.0003941767499782145
0.00027902028523385525
0.0003564237558748573
0.0003290770691819489
0.0003366938908584416
0.0003657005727291107
0.00039507547626271844
0.00028454844141379
0.00038052984746173024
0.0002669804380275309
0.00031926235533319414
0.00036982647725380957
0.00032754067797213793
0.0003364058502484113
0.00034288960159756243
0.00032801844645291567
0.00037922788760624826
0.0002829628356266767
0.00032493361504748464
0.0003267883730586618
0.00035910672158934176
0.0004224106087349355
0.0003872501547448337
0.0003115527506452054
0.0003612792934291065
0.00032009679125621915
0.0003548900713212788
0.0002767576079349965
0.00040979249752126634
0.000370990252122283
0.00030869845068082213
0.0003440842847339809
0.00039644361822865903
0.0003515158605296165
0.0003104310017079115
0.000254124024650082
0.0004482045187614858
0.0003463627363089472
0.0003036503621842712
0.0002697046147659421
0.0003450897347647697
0.00029651960358023643
0.0003036356356460601
0.00030828884337097406
0.00033969598007388413
0.0004032096767332405
0.00033414995414204895
0.0002853627665899694
0.0003459381696302444
0.0003455207624938339
0.00027989776572212577
0.0003064601041842252
0.0003394596860744059
0.0003152784483972937
0.00042983799357898533
0.00027384533314034343
0.0003792348434217274
0.0003500875609461218
0.0003936915018130094
0.0002730216074269265
0.00030702672665938735
0.0003622921940404922
0.0004417572636157274
0.0002644702617544681
0.00032026294502429664
0.00030640923068858683
0.0003747859154827893
0.0002323583175893873
0.00023886194685474038
0.00031982100335881114
0.00032908335560932755
0.0003049098595511168
0.0002962917787954211
0.0003150065604131669
0.0003082670154981315
0.00021258456399664283
0.0003434304380789399
0.00025708938483148813
0.000327419227687642
0.0003988048410974443
0.0002919221587944776
0.00031887428485788405
0.0002781203656923026
0.0003505262720864266
0.000288020062725991
0.0003111558617092669
0.0003208169946447015
0.00026396941393613815
0.00035444850800558925
0.0002912860654760152
0.00027857624809257686
0.00037892855471000075
0.00037202166276983917
0.00032591974013485014
0.0003580668999347836
0.00035782562918029726
0.00033490677014924586
0.0003570617118384689
0.00023500841052737087
0.0003037150017917156
0.0003289185115136206
0.00023080824757926166
0.00034451650572009385
0.0004115951305720955
0.00030953093664720654
0.00028662654221989214
0.0002532977086957544
0.0003486991336103529
0.0004090469446964562
0.0003453434619586915
0.0003643629897851497
0.00032620507408864796
0.00034593045711517334
0.0002443933626636863
0.0003627719997894019
0.0002915083314292133
0.0002562579757068306
0.00033102300949394703
0.0003369138576090336
0.00028620025841519237
0.0003765024885069579
0.00035003249649889767
0.00027913530357182026
0.0003601227654144168
0.0002532984653953463
0.00041694092215038836
0.00031065059010870755
0.00036887580063194036
0.00030654226429760456
0.0002737859613262117
0.00031237033545039594
0.0003065773344133049
0.00035555113572627306
0.00028102315263822675
0.0003256959898862988
0.00033284787787124515
0.0004175708454567939
0.0002550462959334254
0.00037244707345962524
0.00030740932561457157
0.0004105825792066753
0.00028400300652720034
0.00029773576534353197
0.00025675419601611793
0.00025252936757169664
0.00028853429830633104
0.00038071986637078226
0.00028609801665879786
0.00034004932967945933
0.00027070826035924256
0.00036769549478776753
0.00024366661091335118
0.0002835676714312285
0.0003186082758475095
0.000262516550719738
0.0004502517986111343
0.00033559580333530903
0.0002780381473712623
0.00025803176686167717
0.0003296411596238613
0.00027740877703763545
0.0003384486772119999
0.00030043316655792296
0.00033541914308443666
0.0002674088755156845
0.00031204521656036377
0.00033234190777875483
0.00030911414069123566
0.00025232741609215736
0.0003590343112591654
0.00034448542282916605
0.00028349889907985926
0.000326367502566427
0.00037489511305466294
0.0002858945808839053
0.0003914267581421882
0.00033500403515063226
0.00028133310843259096
0.0003441364970058203
0.00027790048625320196
0.0003189695125911385
0.0002674282877705991
0.0002587049384601414
0.00032092572655528784
0.00034613205934874713
0.00025320774875581264
0.0003424985916353762
0.00029961421387270093
0.0002915601944550872
0.0003036485577467829
0.000367139873560518
0.00034659309312701225
0.0003177437756676227
0.00033118054852820933
0.0003562874917406589
0.0003891604137606919
0.0003297991934232414
0.0003992443671450019
0.00021642347564920783
0.0003485854249447584
0.0003344741999171674
0.00033205034560523927
0.0002599578001536429
0.00031349912751466036
0.00030260972562246025
0.00025875470601022243
0.00028397716232575476
0.00033864963916130364
0.0003260633675381541
0.0002835402265191078
0.0003024881880264729
0.00034851182135753334
0.0003935231361538172
0.0002965381136164069
0.00032376256422139704
0.00030705356039106846
0.0003128370735794306
0.0004436071903910488
0.0003509384987410158
0.0002831020101439208
0.00032278732396662235
0.0003880768781527877
0.0003568300453480333
0.0002836229687090963
0.00035595300141721964
0.00032205047318711877
0.00034970976412296295
0.0003742608241736889
0.000309056747937575
0.00032629992347210646
0.00036613945849239826
0.00032695135450921953
0.0003348985337652266
0.0003162805223837495
0.000289715186227113
0.00032034143805503845
0.00031807360937818885
0.00024616613518446684
0.0002481666742824018
0.0003695835475809872
0.0003266283601988107
0.0003067611251026392
0.00027449673507362604
0.00026409997371956706
0.0003937016590498388
0.00029971441836096346
0.00023824683739803731
0.00032535940408706665
0.0003413854574318975
0.0003703861148096621
0.0003562543133739382
0.0003348538011778146
0.0003020879812538624
0.00031700453837402165
0.00034703794517554343
0.00031468135421164334
0.0003099303285125643
0.00042902148561552167
0.00025677878875285387
0.0003085904463659972
0.00036474972148425877
0.0004048554983455688
0.0003035432891920209
0.0003658719069790095
0.00031614702311344445
0.000288294511847198
0.0003229995782021433
0.00026946747675538063
0.0003319380048196763
0.00040732522029429674
0.0002754761080723256
0.00023270498786587268
0.0003806116874329746
0.00031667170696891844
0.00033761683152988553
0.0003036624984815717
0.0003911117964889854
0.00031056790612637997
0.00033665323280729353
0.00022894774156156927
0.0003222489031031728
0.0003258117940276861
0.00038953989860601723
0.00025992526207119226
0.0003204448730684817
0.00040972806164063513
0.00036832955083809793
0.0003804499574471265
0.0003063606272917241
0.00029271902167238295
0.00032109630410559475
0.00023617073020432144
0.0003095969441346824
0.000363981380360201
0.0003139749460387975
0.0003566219820640981
0.0002795179607346654
0.00024544235202483833
0.0003534575516823679
0.00027403843705542386
0.0003549632674548775
0.00036917097168043256
0.00027853582287207246
0.00032590480986982584
0.000403683225158602
0.0003529236128088087
0.00037852462264709175
0.00041394331492483616
0.00032752862898632884
0.00028435757849365473
0.00026989876641891897
0.00029128414462320507
0.00025009943055920303
0.00031931765261106193
0.0002732698048930615
0.0004340205923654139
0.00030484964372590184
0.0003778938262257725
0.00035224598832428455
0.0003222333325538784
0.00023307708033826202
0.00033060164423659444
0.0003544090432114899
0.0003455845289863646
0.00034983662771992385
0.00028878296143375337
0.0003662286326289177
0.00028753909282386303
0.0003308213781565428
0.0003100888861808926
0.00028286458109505475
0.0002913893258664757
0.0002892548218369484
0.000340316619258374
0.0003446472401265055
0.0002861426037270576
0.00027180538745597005
0.0003393696970306337
0.00031049735844135284
0.00037784079904668033
0.0003254939219914377
0.0003338081587571651
0.0003301808319520205
0.00040306555456481874
0.00039458717219531536
0.0003580100310500711
0.00035844347439706326
0.00025152426678687334
0.00032970233587548137
0.0003539942263159901
0.0003028624050784856
0.00034904430503956974
0.0002725025115069002
0.00029751023976132274
0.00028634772752411664
0.00043060194002464414
0.0003939330345019698
0.0002719699405133724
0.00027122534811496735
0.00037152928416617215
0.0002659954479895532
0.0002983893209602684
0.00030482624424621463
0.0003108487871941179
0.0002958927070721984
0.00032950646709650755
0.0002822898677550256
0.00033501963480375707
0.00023645292094442993
0.00021651839779224247
0.00034357112599536777
0.0002405999694019556
0.00032477921922691166
0.00036452076165005565
0.0003474426339380443
0.0004012176941614598
0.00028564617969095707
0.0003119932662229985
0.00035477368510328233
0.00033432961208745837
0.00036209149402566254
0.0002364479732932523
0.00029586339951492846
0.000246130715822801
0.00031278733513318
0.00021374229982029647
0.00041061476804316044
0.0003724234993569553
0.0003199212660547346
0.0002234145940747112
0.000333133531967178
0.00034005774068646133
0.00032444411772303283
0.00039841525722295046
0.0002648523368407041
0.00038344907807186246
0.0002900378021877259
0.0002991163928527385
0.0003453383396845311
0.0003992369747720659
0.00033637002343311906
0.00036919667036272585
0.000318395032081753
0.00032003733213059604
0.00019915986922569573
0.0003178920305799693
0.0002927794703282416
0.0003040430601686239
0.0003040104638785124
0.0003095880092587322
0.0003135890292469412
0.0003140125481877476
0.00033890095073729753
0.00019957959011662751
0.0002964810701087117
0.00040412702946923673
0.0003029353392776102
0.0003473509568721056
0.0003420836292207241
0.00034828163916245103
0.0003388528130017221
0.0002968497574329376
0.00034967364626936615
0.00037018160219304264
0.00038805956137366593
0.0003537754819262773
0.00028444905183278024
0.0002858531952369958
0.0003123956557828933
0.0003881822049152106
0.00031896939617581666
0.00025457065203227103
0.0004487033002078533
0.0002730043197516352
0.0003438823623582721
0.00034904072526842356
0.0003885583719238639
0.0003501875326037407
0.0002713504945859313
0.000325263972626999
0.00037303208955563605
0.0003730648313648999
0.00019468937534838915
0.00039027255843393505
0.00037700714892707765
0.00027194703579880297
0.0002836254716385156
0.0002247828379040584
0.00038165401201695204
0.0003637047193478793
0.0003408098127692938
0.00034933231654576957
0.00030394032364711165
0.00034932413836941123
0.0003531826368998736
0.0002469366881996393
0.00023906266142148525
0.0003206383262295276
0.00039989533252082765
0.0003392417565919459
0.0003983322239946574
0.0003194505115970969
0.00035599435796029866
0.0004048651026096195
0.000369770685210824
0.00027555227279663086
0.00037798317498527467
0.00035738328006118536
0.0003140483458992094
0.000403734331484884
0.00030046235769987106
0.00034922431223094463
0.00034880099701695144
0.0003145122609566897
0.00025104149244725704
0.00030552063253708184
0.0003945669159293175
0.00034118298208341
0.0003298653173260391
0.00038719811709597707
0.0003382959694135934
0.0003811438218690455
0.00029904782422818244
0.000402597215725109
0.0003268091531936079
0.0002905394940171391
0.00026773789431899786
0.00039622027543373406
0.0002922497224062681
0.0002967863983940333
0.00033348813303746283
0.00027561967726796865
0.00030140989110805094
0.0003108575474470854
0.0002951105998363346
0.0003973933053202927
0.0002576367696747184
0.0004335268458817154
0.0002994098758790642
0.00043289069435559213
0.0002883827837649733
0.0003485481720417738
0.0003122532507404685
0.0004307689960114658
0.00033726400579325855
0.0002448649029247463
0.00033836462534964085
0.0003634990134742111
0.0003824001469183713
0.00029016201733611524
0.00036368623841553926
0.00032788541284389794
0.00033605622593313456
0.00035908562131226063
0.0002711023553274572
0.0003413743688724935
0.0003475339326541871
0.000321301631629467
0.00041080755181610584
0.0002285842492710799
0.00037612018059007823
0.0003444383037276566
0.0004257247783243656
0.0003356369270477444
0.00033193003037013113
0.00033398563391529024
0.0003196130564901978
0.0002620884624775499
0.0003357358218636364
0.0003606039681471884
0.00040102432831190526
0.0003219783247914165
0.00024338967341464013
0.0002762920630630106
0.0003254921466577798
0.0003693056642077863
0.00035327888326719403
0.0003969229001086205
0.00032975582871586084
0.00035188201582059264
0.00032677242415957153
0.0003813098883256316
0.00020828508422710001
0.00026655022520571947
0.000384899671189487
0.00029203356825746596
0.00029952864861115813
0.00033331027952954173
0.00037119045737199485
0.0002762642106972635
0.00032938760705292225
0.0003796658420469612
0.00032959613599814475
0.0003810218477156013
0.00022234476637095213
0.0003421893052291125
0.0003518371668178588
0.0003468177455943078
0.0002496081870049238
0.00031882437178865075
0.00033201719634234905
0.00028911096160300076
0.0003587242099456489
0.00031334758386947215
0.00037620097282342613
0.00031151867005974054
0.00029356448794715106
0.00036641329643316567
0.0002981678699143231
0.0003831450012512505
0.0003107783559244126
0.0002341605577385053
0.0003677524800878018
0.0002146997139789164
0.00028587167616933584
0.0003507121291477233
0.00035751372342929244
0.00033599522430449724
0.0003528247762005776
0.00031646026764065027
0.00034430346568115056
0.0003343516727909446
0.0003227573470212519
0.00044078612700104713
0.0002630398375913501
0.00032749606180004776
0.00031555586610920727
0.00029286093194969
0.0002836684579961002
0.0003441066073719412
0.0002825792762450874
0.0003437627456150949
0.00044866284588351846
0.0002668472006917
0.0002610596420709044
0.00038650489295832813
0.00032621200080029666
0.00030604866333305836
0.00037464755587279797
0.0003000313008669764
0.0002498390094842762
0.0004259939887560904
0.00035221321741119027
0.0002929978654719889
0.0002878735540434718
0.000444091041572392
0.00040533332503400743
0.00026440623332746327
0.0003225329564884305
0.00033399727544747293
0.0003042013559024781
0.0003491039969958365
0.0003877506824210286
0.00034462561598047614
0.00025089713744819164
0.0002832614991348237
0.0002831410674843937
0.0003345163422636688
0.00029030576115474105
0.0003127928648609668
0.0003024659235961735
0.0004295725666452199
0.00035799204488284886
0.0002838796062860638
0.00028790757642127573
0.00037995781167410314
0.0002775131433736533
0.00030704549863003194
0.0003054719709325582
0.00035279698204249144
0.0003892726090271026
0.00037407618947327137
0.00030161882750689983
0.00032434286549687386
0.0003237848577555269
0.0003954202984459698
0.0002850599412340671
0.00037073303246870637
0.0003231989103369415
0.0003200979554094374
0.0003415693645365536
0.00028102859505452216
0.0003420406428631395
0.0002564024180173874
0.0002009401796385646
0.00036148293293081224
0.00030092644738033414
0.0002964517043437809
0.00035443357774056494
0.0003072460531257093
0.0004372754192445427
0.00035798733006231487
0.0002867183939088136
0.0003442658926360309
0.00032620562706142664
0.00029527576407417655
0.00022661170805804431
0.00032809548429213464
0.000360659061698243
0.0002453794586472213
0.000367214233847335
0.000406198319979012
0.0003943518968299031
0.000271232653176412
0.0003246169653721154
0.0003538370947353542
0.00038822475471533835
0.0002570893557276577
0.00035950541496276855
0.00030233972938731313
0.0003351065097376704
0.0002910749171860516
0.00019820222223643214
0.0003628955746535212
0.00031245738500729203
0.00030244464869610965
0.0002948862675111741
0.0003422168374527246
0.0003426421608310193
0.0002697284216992557
0.00036002646083943546
0.0003280494420323521
0.00034452482941560447
0.0003227019333280623
0.0003369367332197726
0.00031018740264698863
0.00042332118027843535
0.000270712684141472
0.0003578229225240648
0.0003232018498238176
0.000344087922712788
0.00042904552537947893
0.00030004343716427684
0.00034117457107640803
0.00028897557058371603
0.0004025926464237273
0.0002522013965062797
0.0003666582051664591
0.00038986923755146563
0.00034216322819702327
0.00039152411045506597
0.0003897405695170164
0.00030421922565437853
0.00039111109799705446
0.0003892666136380285
0.00038168663741089404
0.0003801775455940515
0.00032399268820881844
0.00035600317642092705
0.000305029796436429
0.00027496673283167183
0.0002752259315457195
0.00036588855437003076
0.00032854636083357036
0.00023671562667004764
0.00034903912455774844
0.000276992708677426
0.00027736389893107116
0.00031073170248419046
0.0003040645970031619
0.00039874116191640496
0.00040249741869047284
0.00040807598270475864
0.00034621087252162397
0.00028816043050028384
0.00027577250148169696
0.0003371360944584012
0.0002449314633850008
0.0003506994980853051
0.0003400157729629427
0.00035043811658397317
0.0003274685295764357
0.00034527562092989683
0.0004433873691596091
0.0003015831462107599
0.00028964606462977827
0.00031723882420919836
0.0004035753372590989
0.00032474842737428844
0.0003019378345925361
0.00038396852323785424
0.0003692745231091976
0.0003482562897261232
0.0003888147766701877
0.00034958100877702236
0.00039158115396276116
0.00038142665289342403
0.00032022802042774856
0.00041044584941118956
0.00036539090797305107
0.000358011806383729
0.00043389538768678904
0.000283353787381202
0.000378491822630167
0.00033247951068915427
0.0003370570484548807
0.00029272682149894536
0.0002974987728521228
0.00033310975413769484
0.0002488825120963156
0.00031490169931203127
0.00031715884688310325
0.00030253268778324127
0.00029113731579855084
0.0005460971733555198
0.0003874243702739477
0.000286859052721411
0.00034552905708551407
0.0003573881112970412
0.00032238231506198645
0.00036604315391741693
0.00035408727126196027
0.00030910121859051287
0.00036476406967267394
0.00043536731391213834
0.0003031957312487066
0.00042467715684324503
0.0003442372544668615
0.00024130901147145778
0.00026029450236819685
0.00035371512058191
0.00035268545616418123
0.000289694668026641
0.0003432405646890402
0.0003658433852251619
0.00036505807656794786
0.00030013188370503485
0.0004031316202599555
0.0003084974305238575
0.0002950889465864748
0.00044906738912686706
0.00029671500669792295
0.0003723435220308602
0.0003439854481257498
0.0003858156851492822
0.0003345412842463702
0.0002930928021669388
0.00039036653470247984
0.00036303928936831653
0.00040553114376962185
0.0002627990033943206
0.00037000110023655
0.0004207060264889151
0.00027305324329063296
0.00032026079134084284
0.00031860379385761917
0.00031063391361385584
0.0003529473615344614
0.0002772920415736735
0.0003806025197263807
0.0003660359652712941
0.000402702804422006
0.00025423942133784294
0.0004087950801476836
0.00029320019530132413
0.0002862229885067791
0.0003636849287431687
0.00033452751813456416
0.0003575343871489167
0.0003333433996886015
0.00029513711342588067
0.00034622097155079246
0.00033577473368495703
0.00028430926613509655
0.0003121996414847672
0.0002797299239318818
0.0002551203069742769
0.00036179760354571044
0.00041768356459215283
0.00030034821247681975
0.00036120167351327837
0.000276051985565573
0.0003227011184208095
0.00029809819534420967
0.0002410237939329818
0.00030361852259375155
0.00030404323479160666
0.000377114542061463
0.0003481486637610942
0.0003739946405403316
0.0002975949028041214
0.00029323025955818594
0.00031332255457527936
0.0002890189934987575
0.0003433483652770519
0.00032125061261467636
0.00029795695445500314
0.0002892528136726469
0.00038822207716293633
0.0002934810472652316
0.00034046798828057945
0.00034670144668780267
0.000353830837411806
0.00042624742491170764
0.00035493524046614766
0.000361267157131806
0.00031354324892163277
0.0002575581311248243
0.0003359488910064101
0.0004323823959566653
0.0002843428519554436
0.00042985862819477916
0.00033253111178055406
0.0003269067674409598
0.0002990907814819366
0.0003551867266651243
0.000302093947539106
0.0003003298188559711
0.0003179267805535346
0.00028992013540118933
0.0002493140345904976
0.0003918224247172475
0.00032827784889377654
0.0004289749194867909
0.00029291558894328773
0.0003299456730019301
0.00024613525602035224
0.00036920703132636845
0.00023001275258138776
0.00033709732815623283
0.0002962880244012922
0.00025476692826487124
0.00036118130083195865
0.0002741162898018956
0.0002197608264395967
0.0003778020036406815
0.0003225804539397359
0.0003561806515790522
0.00039835862116888165
0.0004383025225251913
0.0002676120784599334
0.0003470212686806917
0.00034589064307510853
0.00038770376704633236
0.0003946498909499496
0.00029710668604820967
0.00038784221396781504
0.00027315912302583456
0.00031589175341650844
0.00031627449789084494
0.0002598356222733855
0.0003002590383403003
0.00041433252044953406
0.00026057069771923125
0.00032131056650541723
0.0002418886433588341
0.0004042249347548932
0.0003093834384344518
0.0003746821894310415
0.00040243033436127007
0.000380594254238531
0.0003436344850342721
0.0002550602948758751
0.00034599093487486243
0.0003865640901494771
0.00034579113707877696
0.00031285875593312085
0.0003838922129943967
0.00039474424556829035
0.00036253893631510437
0.00033695425372570753
0.00040796760004013777
0.0002833460457623005
0.0003068265214096755
0.0003062340838368982
0.00031928159296512604
0.00028247461887076497
0.0002966428583022207
0.0003391635254956782
0.00025065382942557335
0.0002651319664437324
0.00032372912392020226
0.00030447295284830034
0.0003166552633047104
0.0004523646493908018
0.0002805745170917362
0.0003199222846888006
0.00028118756017647684
0.0002716936287470162
0.00036777558852918446
0.0002919438120443374
0.000269783049589023
0.000362759834388271
0.0003025949699804187
0.0003309135790914297
0.00034557702019810677
0.0003799632249865681
0.00031372238299809396
0.0003766711743082851
0.0003636730252765119
0.00033967799390666187
0.00032559558167122304
0.0003896794223692268
0.0003380976850166917
0.0004011991841252893
0.0003311835171189159
0.00029349475516937673
0.0004399729077704251
0.0003622673684731126
0.000325987784890458
0.0003429762728046626
0.00040071451803669333
0.0002799937501549721
0.00041412096470594406
0.0003165104135405272
0.00033916349639184773
0.00047535044723190367
0.00030192226404324174
0.0003136581799481064
0.0004001385241281241
0.0002875326026696712
0.00032406815444119275
0.0003677049244288355
0.00042679876787588
0.00039765011752024293
0.0004089218273293227
0.00041902781231328845
0.00033547115162946284
0.00032207381445914507
0.0003645738761406392
0.00041124934796243906
0.0003203609958291054
0.0003533125563990325
0.00032765662763267756
0.0003576534800231457
0.00038614621735177934
0.0003949870588257909
0.00037735229125246406
0.00028569099958986044
0.0003549193497747183
0.0003240044752601534
0.0003232224262319505
0.00031598072382621467
0.00034137346665374935
0.0004344971675891429
0.00031030672835186124
0.0002525410964153707
0.0003746995353139937
0.0003420767898205668
0.00034304341534152627
0.0003085777861997485
0.0002705015067476779
0.0003774197248276323
0.0003187274851370603
0.00036131779779680073
0.0003827862092293799
0.0002817408530972898
0.0003841266443487257
0.00047373349661938846
0.0003377379907760769
0.00027115613920614123
0.00037296777009032667
0.000270669290330261
0.00027582873008213937
0.00035621089045889676
0.0004124207771383226
0.00039958913112059236
0.0003055584093090147
0.0003445888578426093
0.00035150378243997693
0.0003007323248311877
0.0002862523542717099
0.0002847954456228763
0.00028894213028252125
0.00034609652357175946
0.0002704861108213663
0.00033973620156757534
0.000229674915317446
0.00021557859145104885
0.0003242029924876988
0.00037119764601811767
0.00034922079066745937
0.0003724394482560456
0.00026763943606056273
0.0003019850410055369
0.0003752153425011784
0.00029422910301946104
0.0003887850616592914
0.0002794332103803754
0.0003714234917424619
0.0003493044641800225
0.0003370976191945374
0.00034430387313477695
0.0002764527453109622
0.0003250637382734567
0.0005018310621380806
0.00022348554921336472
0.00030335967312566936
0.000364202685886994
0.0004216849338263273
0.00022501571220345795
0.0003319180686958134
0.00026467128191143274
0.0003597444447223097
0.00032709361403249204
0.00031713597127236426
0.0004125894047319889
0.00031677790684625506
0.0003243725805077702
0.00027583789778873324
0.00034564148518256843
0.0002985699684359133
0.00026073065237142146
0.0003437999985180795
0.00029226671904325485
0.00031558205955661833
0.0002272538549732417
0.00025598041247576475
0.0003114996652584523
0.00026687263743951917
0.00035703484900295734
0.0002911685733124614
0.000320898718200624
0.0003650146827567369
0.0003800169797614217
0.00031296067754738033
0.0003475671401247382
0.00040595728205516934
0.00040707484004087746
0.00031421059975400567
0.00026885780971497297
0.00038359317113645375
0.0002696730080060661
0.00034284708090126514
0.0003210465074516833
0.00025399247533641756
0.0003928102960344404
0.00032551493495702744
0.00030868459725752473
0.00032996878144331276
0.0004264332528691739
0.00028405862394720316
0.0002638523292262107
0.0003850912326015532
0.00030541219166480005
0.00035417673643678427
0.0003311051113996655
0.0002984626917168498
0.0003653503372333944
0.00042106391629204154
0.00035488331923261285
0.0003011234221048653
0.0002875372301787138
0.00030804029665887356
0.0002650390670169145
0.000336297758622095
0.0004588340816553682
0.0002961133432108909
0.00033213081769645214
0.00040551350684836507
0.0003057302674278617
0.00024380288959946483
0.00036124259349890053
0.00044250115752220154
0.00034216645872220397
0.00038651793147437274
0.0002565427857916802
0.0002931850031018257
0.00036442658165469766
0.00034689082531258464
0.00027746870182454586
0.00034088295069523156
0.0003123513306491077
0.00031611599843017757
0.0003221821680199355
0.00034511348349042237
0.0004659208934754133
0.0003890600928571075
0.00032260132138617337
0.00035671459045261145
0.00036659487523138523
0.0003414873208384961
0.00033823089324869215
0.00026974105276167393
0.00030435912776738405
0.0003661680384539068
0.0002877501246985048
0.0003833917435258627
0.0003544354985933751
0.00025371182709932327
0.00037955722655169666
0.0003403652226552367
0.0002961173595394939
0.00036427497980184853
0.0003683708782773465
0.0003429804346524179
0.00035582069540396333
0.00039112698868848383
0.0003807170141953975
0.00038765891804359853
0.00032790511613711715
0.00039420099346898496
0.00033011790947057307
0.0002511939383111894
0.0003167541872244328
0.00034087421954609454
0.00036092079244554043
0.00038346400833688676
0.00032416978501714766
0.00030865531880408525
0.0004901702632196248
0.0003169015690218657
0.00032027193810790777
0.00035052382736466825
0.0003212660376448184
0.00029590693884529173
0.0003912454121746123
0.0003577159368433058
0.00033311714651063085
0.00028849244699813426
0.00040194651228375733
0.00022382607858162373
0.0003862765443045646
0.00028895202558487654
0.00027072118245996535
0.0003547084634192288
0.0003409807977732271
0.0003531627298798412
0.0002967625332530588
0.0004398236924316734
0.00030751232407055795
0.0003007286577485502
0.00034274416975677013
0.0004552662721835077
0.00032941694371402264
0.00031040568137541413
0.0003144872607663274
0.00035629307967610657
0.00037328104372136295
0.0003303812409285456
0.00039540143916383386
0.00031784336897544563
0.00039318623021245003
0.0003014763642568141
0.0004416892770677805
0.00043641121010296047
0.0002876819053199142
0.00033707788679748774
0.00045761832734569907
0.00034078327007591724
0.0003221773949917406
0.00035221214056946337
0.0002831223828252405
0.0002969244378618896
0.0003220355720259249
0.0003078628797084093
0.00037580408388748765
0.00024834219948388636
0.0003000972210429609
0.0004542666720226407
0.0003380138659849763
0.00023280430468730628
0.00032530815224163234
0.00036978814750909805
0.0003741701366379857
0.00037595347384922206
0.00032960050157271326
0.00028815463883802295
0.00037208510912023485
0.00031760192359797657
0.00027210809639655054
0.00031728719477541745
0.0004428179527167231
0.0003541415499057621
0.0003805238229688257
0.00028280302649363875
0.0002591139345895499
0.00029746413929387927
0.0002998737618327141
0.00036896351957693696
0.0003593037254177034
0.00043619549251161516
0.0003419498389121145
0.00037937835440970957
0.000379794102627784
0.000288217852357775
0.0003024365578312427
0.0004048670525662601
0.00042894776561297476
0.0002737959148362279
0.00036533302045427263
0.0002657912846188992
0.0003326126898173243
0.0002730121777858585
0.00032871111761778593
0.00037503388011828065
0.00033666513627395034
0.0002768255944829434
0.00038310527452267706
0.00035720880259759724
0.0002895242068916559
0.00026100457762368023
0.000326965149724856
0.00028387378551997244
0.0003484701446723193
0.00029984215507283807
0.00039111817022785544
0.00036060033016838133
0.00032993557397276163
0.0003068990190513432
0.00044465530663728714
0.00037258773227222264
0.00028681301046162844
0.00033868898754008114
0.00030998807051219046
0.00030137223075143993
0.00033100685686804354
0.0003289146989118308
0.00036364843253977597
0.00032982026459649205
0.0003495206474326551
0.00038681048317812383
0.00042523627053014934
0.0003511232207529247
0.00043129464029334486
0.0003075175918638706
0.0002694949507713318
0.0003956270811613649
0.00031378003768622875
0.0003354825312271714
0.0003499640733934939
0.00029030098812654614
0.0002761172072496265
0.0003468944050837308
0.00029356731101870537
0.00033962438465096056
0.0003685330448206514
0.0002788036654237658
0.00028446089709177613
0.0003407610929571092
0.0003856001712847501
0.0002966345346067101
0.0003824539599008858
0.0003184048691764474
0.0004405364452395588
0.00046889280201867223
0.0003937089059036225
0.00029520128737203777
0.0003857008123304695
0.0004197934176772833
0.0002993809466715902
0.00032580329570919275
0.0003249349829275161
0.0002220636379206553
0.00024777415092103183
0.0003153519646730274
0.0002970599161926657
0.000338936282787472
0.00039885001024231315
0.0003328729944769293
0.00028378696879372
0.0004115888732485473
0.0002989748027175665
0.00034629524452611804
0.0003143934009131044
0.0003971845144405961
0.00036926628672517836
0.0003291123721282929
0.0003122079942841083
0.00024467770708724856
0.0003082805487792939
0.00037414414691738784
0.0003051082603633404
0.00034455329296179116
0.00035014640889130533
0.00027484356542117894
0.00043275090865790844
0.0003427140472922474
0.00037768823676742613
0.00038489580038003623
0.0003716380742844194
0.00033970954245887697
0.00038539222441613674
0.0002822460373863578
0.0002781431539915502
0.00034519052132964134
0.0003076252469327301
0.0002769005950540304
0.0002999057178385556
0.0002966371539514512
0.00030433398205786943
0.0003622594231273979
0.0002584063040558249
0.0003324061690364033
0.00027931731892749667
0.0003641484072431922
0.0003198405902367085
0.0004546422278508544
0.0003326103906147182
0.00037463611806742847
0.00036759497015736997
0.00039639329770579934
0.0003895683912560344
0.0003259883087594062
0.000295603706035763
0.00048291907296516
0.00038337011937983334
0.0003245244442950934
0.0002814696345012635
0.0003393694059923291
0.00027440537814982235
0.000325347064062953
0.000295765174087137
0.00041176777449436486
0.00031443932675756514
0.0002940702543128282
0.0003216525074094534
0.00023484636039938778
0.0003516663273330778
0.00039609242230653763
0.00020451004093047231
0.00036348417052067816
0.0002449893800076097
0.00025946367532014847
0.00032062953687272966
0.0003421868314035237
0.0004161656543146819
0.000315905490424484
0.00032061856472864747
0.000351666851202026
0.00030838948441669345
0.00031941334600560367
0.0003325887955725193
0.00036062346771359444
0.00038644997403025627
0.00026620994322001934
0.00032933425973169506
0.0003020727599505335
0.00029950158204883337
0.00031202560057863593
0.00034894130658358335
0.0002244475472252816
0.0002984901366289705
0.0002788032579701394
0.00038776767905801535
0.00027773648616857827
0.00038065487751737237
0.0003545804647728801
0.000265196111286059
0.0004120601515751332
0.00041826919186860323
0.00037466458161361516
0.00033834646455943584
0.00034116848837584257
0.000401595258153975
0.0003582790959626436
0.0002622513857204467
0.0003559404576662928
0.0003193540615029633
0.00031874090200290084
0.00028300995472818613
0.0003059853333979845
0.00040063814958557487
0.00030944737954996526
0.00026932600303553045
0.0003330515755806118
0.00039061415009200573
0.0003356990637257695
0.0002924585423897952
0.0003700618981383741
0.00025180785451084375
0.0003821937716566026
0.0002926767629105598
0.00032384716905653477
0.0003130364930257201
0.0002872981131076813
0.00035923844552598894
0.00036047244793735445
0.0003735744976438582
0.0003136594023089856
0.0003489055670797825
0.000330865615978837
0.00041664409218356013
0.00030541096930392087
0.0003398079425096512
0.0002603576285764575
0.0003993375285062939
0.00036819506203755736
0.0003324004355818033
0.0003345465811435133
0.0003066056815441698
0.00028952996945008636
0.00038242118898779154
0.00029743288177996874
0.00033681574859656394
0.00038437239709310234
0.00036832730984315276
0.00036672118585556746
0.0004095837939530611
0.0004212654603179544
0.0003237333439756185
0.00033732136944308877
0.0003439613210503012
0.00038623815635219216
0.0003452017263043672
0.0003972212434746325
0.0003268946602474898
0.00032111743348650634
0.0004157403309363872
0.0004688618937507272
0.000334231648594141
0.00041371077531948686
0.0002549710916355252
0.0004338836297392845
0.00032114514033310115
0.00032825564267113805
0.00031780003337189555
0.00043869498767890036
0.0003350635233800858
0.0003564867947716266
0.0003994591243099421
0.0004095697950106114
0.0003544326464179903
0.0003117721644230187
0.0003128364041913301
0.0003202987427357584
0.00020903843687847257
0.00037179476930759847
0.00025416910648345947
0.0004056644393131137
0.000404783379053697
0.00030462592258118093
0.0003513471456244588
0.0003782393760047853
0.0003710498276632279
0.0002789514255709946
0.00040250777965411544
0.00030618265736848116
0.00038705641054548323
0.00037203828105702996
0.0002836277708411217
0.00030027161119505763
0.000301516818581149
0.0002909931354224682
0.00025114681920967996
0.0002567893825471401
0.0003676764899864793
0.0003553996793925762
0.0003587162063922733
0.0004100595833733678
0.0003664392279461026
0.0002887380833271891
0.0002820485970005393
0.00035775391734205186
0.0003435900143813342
0.00031213389593176544
0.00032555844518356025
0.0003661082882899791
0.00036561809247359633
0.00036873764474876225
0.00031918942113406956
0.00030590331880375743
0.00031290776678361
0.0003190237912349403
0.0003388107579667121
0.0003442825109232217
0.00033255250309593976
0.00022377815912477672
0.0003067533252760768
0.00023293342383112758
0.00038015691097825766
0.0002627791545819491
0.000302184431347996
0.0003844080783892423
0.00032138428650796413
0.00037127319956198335
0.00033327180426567793
0.000413913163356483
0.000328557362081483
0.0004273632657714188
0.00029626733157783747
0.000312703283270821
0.00019746441103052348
0.0003829889465123415
0.0003152031858917326
0.00033689450356177986
0.0003333918866701424
0.0002818980428855866
0.00034647100255824625
0.0003226456174161285
0.00041794151184149086
0.00046825557365082204
0.0003659251378849149
0.0003970497637055814
0.000374263763660565
0.000367547880159691
0.0002586916962172836
0.0002691972767934203
0.00041716708801686764
0.0003248292487114668
0.000416967726778239
0.00030162776238285005
0.00036496479879133403
0.00041317121940664947
0.00022787931084167212
0.00032626590109430254
0.00022073833679314703
0.00026487180730327964
0.0003770517650991678
0.0003540196630638093
0.000265885959379375
0.00038091398891992867
0.00031594670144841075
0.00042130291694775224
0.00024181730987038463
0.00032487534917891026
0.0003237657656427473
0.0003124104696325958
0.00034781420254148543
0.0003439950232859701
0.0003741749096661806
0.0003262018144596368
0.0003957141889259219
0.0003495339478831738
0.0002717974712140858
0.0003875262336805463
0.0003941415634471923
0.00028400486917234957
0.00039675988955423236
0.00030938710551708937
0.00039474439108744264
0.00031078411848284304
0.0003289312880951911
0.0003627318947110325
0.00031184672843664885
0.0002769777784124017
0.000303409353364259
0.0003031789092347026
0.0003305730933789164
0.00026461249217391014
0.0003070421516895294
0.0003510481910780072
0.00036978613934479654
0.00025113095762208104
0.0002571220393292606
0.00041220858111046255
0.0003741039545275271
0.0003402334114070982
0.0002886317379307002
0.000286341441096738
0.00038323638727888465
0.00030854527722112834
0.0003636085893958807
0.00029953644843772054
0.0003807468747254461
0.00032564555294811726
0.000307575857732445
0.0003795760276261717
0.0003293219779152423
0.00036851916229352355
0.00033157202415168285
0.000257692503510043
0.00036250121775083244
0.00036022381391376257
0.000409438565839082
0.0002631953975651413
0.00034117308678105474
0.0002764103701338172
0.00038344200584106147
0.0003031575761269778
0.00025894897407852113
0.00025893852580338717
0.0004092008457519114
0.0003064378979615867
0.00034250892349518836
0.0003041169256903231
0.0002663569466676563
0.0003756963706109673
0.00040267378790304065
0.0002638489822857082
0.0003411012003198266
0.00035093488986603916
0.0003384262672625482
0.00035597116220742464
0.0002782723749987781
0.00024200665939133614
0.00027323339600116014
0.0003305022546555847
0.00029487244319170713
0.00024325642152689397
0.000311084499116987
0.00041100906673818827
0.00031297525856643915
0.000332819065079093
0.0004290953220333904
0.00029357869061641395
0.0002905610017478466
0.0003037799324374646
0.00037545195664279163
0.0003539652971085161
0.00022025828366167843
0.0004106881096959114
0.00029619791894219816
0.0002388721622992307
0.00038697454147040844
0.00030649983091279864
0.00035555014619603753
0.00029769630054943264
0.00023938239610288292
0.0003733697230927646
0.0003676965134218335
0.0002819696383085102
0.0002617694262880832
0.0002929208567366004
0.0003574066795408726
0.0003295092610642314
0.00032254750840365887
0.0003458461433183402
0.00035777330049313605
0.00031506805680692196
0.0002863956615328789
0.0002517775574233383
0.000336187775246799
0.00031076057348400354
0.0003880012664012611
0.0003366120217833668
0.00030567144858650863
0.00038367885281331837
0.00030730481375940144
0.00038380632759071887
0.0002492906351108104
0.00029334230930544436
0.00027723656967282295
0.0003385521413292736
0.00034242376568727195
0.00030164746567606926
0.0003548908280208707
0.0004641569685190916
0.00031060026958584785
0.0002488844038452953
0.0002649052476044744
0.00039262912468984723
0.00028003923944197595
0.0003269461158197373
0.0003052614920306951
0.0002515256928745657
0.0002454474742989987
0.00038885936373844743
0.0002964409941341728
0.00043417527922429144
0.0003195383178535849
0.0003104622010141611
0.00041115470230579376
0.0003784007567446679
0.0003282511024735868
0.0005153389647603035
0.00032844828092493117
0.0003611252177506685
0.00028911541448906064
0.00043018467840738595
0.00036874343641102314
0.00034065477666445076
0.000275017402600497
0.0003755764046218246
0.0003361279668752104
0.00032935175113379955
0.0002503509458620101
0.0003326037258375436
0.00037509933463297784
0.0002987198531627655
0.00033605904900468886
0.0003706796851474792
0.0003085339558310807
0.00034687333391048014
0.0002868678711820394
0.0002563025918789208
0.00028476762236095965
0.00036273078876547515
0.0003340495750308037
0.0003679797810036689
0.0003297284711152315
0.0003955111897084862
0.0003019742725882679
0.00039519916754215956
0.00029778265161439776
0.00035038706846535206
0.00022080524649936706
0.000426110957050696
0.0003617398615460843
0.0002826618147082627
0.0002630447852425277
0.00031163846142590046
0.0002741978387348354
0.00026180726126767695
0.00034722802229225636
0.00034687327570281923
0.000381363119231537
0.00023232093371916562
0.0003521186299622059
0.0003068435180466622
0.0003301256219856441
0.00039053198997862637
0.0003093834675382823
0.0003370192425791174
0.00033114603138528764
0.0003050803788937628
0.0004039639898110181
0.0003142573405057192
0.00028815859695896506
0.00035843905061483383
0.0002633300609886646
0.00028426971402950585
0.00035493128234520555
0.0004098077188245952
0.00033178937155753374
0.0003077472501900047
0.00035358767490834
0.0002908828610088676
0.00029024717514403164
0.00035604072036221623
0.00032311701215803623
0.00036173666012473404
0.0003755704965442419
0.00042398113873787224
0.0003167609393130988
0.0003511013346724212
0.00032329984242096543
0.0002873002376873046
0.0002944899315480143
0.0004122153331991285
0.00031439305166713893
0.0002954633964691311
0.00033897822140716016
0.00026417223853059113
0.0002868127776309848
0.00036241699126549065
0.0002877700317185372
0.0002987331827171147
0.00034259623498655856
0.000459403294371441
0.0003493641270324588
0.00034366987529210746
0.00026421231450513005
0.0003230587171856314
0.00033570145023986697
0.0003198713529855013
0.00021675355674233288
0.0003439095162320882
0.00024867235333658755
0.00026209591305814683
0.000400729535613209
0.00028998262132517993
0.00033475051168352365
0.00031182292150333524
0.00036722453660331666
0.0003378621768206358
0.0003715154598467052
0.00039904520963318646
0.0003277491487096995
0.00035987820592708886
0.00027418206445872784
0.000287794042378664
0.00036581282620318234
0.0003256541967857629
0.00026619347045198083
0.00032876411569304764
0.00031447605579160154
0.00026369947590865195
0.0003081185568589717
0.0003568211104720831
0.00036578960134647787
0.0003647168050520122
0.00028452451806515455
0.0003475254343356937
0.00038246417534537613
0.0003829816123470664
0.00038930209120735526
0.0002852562174666673
0.0003171520074829459
0.00027503829915076494
0.0003755686338990927
0.0002551875659264624
0.00037751984200440347
0.00025862513575702906
0.0002696341834962368
0.0003759408718906343
0.0002682599297259003
0.0003917257417924702
0.0003491461102385074
0.0003247020940762013
0.0003022703458555043
0.0002484345168340951
0.0003122712660115212
0.0003836805699393153
0.00038398377364501357
0.00039860038668848574
0.0003842312435153872
0.0003468439681455493
0.00036282045766711235
0.000386902189347893
0.0002948880719486624
0.0003338874375913292
0.0003373194776941091
0.00033793607144616544
0.0003282268880866468
0.0003174823068547994
0.00029703075415454805
0.00026794345467351377
0.0003854608803521842
0.000351399794453755
0.0003524372004903853
0.0003913245745934546
0.00019434152636677027
0.0003504822961986065
0.00029528554296121
0.00036754438770003617
0.00038722436875104904
0.00032011966686695814
0.0002755604509729892
0.00039795879274606705
0.0003029273939318955
0.0003957020817324519
0.0003348953032400459
0.00033985995105467737
0.00028440356254577637
0.0003388373297639191
0.00025607028510421515
0.00033007803722284734
0.0003471428353805095
0.0004034492594655603
0.00036664155777543783
0.00032288001966662705
0.00037177669582888484
0.00032375636510550976
0.00032373255817219615
0.00037370220525190234
0.00033316409098915756
0.00029614585218951106
0.0003744448476936668
0.00026103583513759077
0.0003798236430156976
0.0003380957059562206
0.0003361792187206447
0.0003997301100753248
0.0003167878894601017
0.00032288124202750623
0.00033750839065760374
0.0003024550969712436
0.0002948693581856787
0.0003014195244759321
0.00037799254641868174
0.0004541824455372989
0.0003959960595238954
0.0003587605315260589
0.00026894573238678277
0.0003155804006382823
0.0002960807760246098
0.0003173311415594071
0.0003296492504887283
0.00032520617241971195
0.0002729778934735805
0.0003025745099876076
0.00032884354004636407
0.00039510318310931325
0.00034595231409184635
0.0003322389966342598
0.000455041037639603
0.0003654042084235698
0.00027669165865518153
0.000336505618179217
0.0003062739851884544
0.0003979273315053433
0.00029320729663595557
0.00033617098233662546
0.0004405328945722431
0.0002868750598281622
0.0002892079355660826
0.0004070003342349082
0.0003571891866158694
0.000366996944649145
0.00027038707048632205
0.0002895097422879189
0.00039664783980697393
0.0003652332816272974
0.0003734338970389217
0.0003867156046908349
0.00044704164611175656
0.0003075901768170297
0.0003816339303739369
0.00038384218350984156
0.00034395683906041086
0.0003314210625831038
0.0003527689550537616
0.00033504716702736914
0.000306870904751122
0.00032933917827904224
0.00027324247639626265
0.0003612948639784008
0.00034206302370876074
0.0003489803639240563
0.0003232233866583556
0.00034461685572750866
0.0002815430925693363
0.0004059996281284839
0.00039653448038734496
0.0003644405514933169
0.00029243549215607345
0.0003420647408347577
0.00039957385160960257
0.0003376613021828234
0.0003037411661352962
0.00037155780592001975
0.0003356816596351564
0.00038230037898756564
0.0003303347621113062
0.00030160482856445014
0.00035915221087634563
0.0003989398246631026
0.0004145882267039269
0.0003733407938852906
0.0002527380711399019
0.00021567301882896572
0.00029548071324825287
0.00027869545738212764
0.00039902018033899367
0.000324676395393908
0.0003842083679046482
0.0002961115096695721
0.00028492099954746664
0.0002515420492272824
0.00026016103220172226
0.00037949156831018627
0.0003148239047732204
0.00032439970527775586
0.0002979971468448639
0.00038158358074724674
0.00024733206373639405
0.0003791611234191805
0.00030183885246515274
0.00042166252387687564
0.00037370302015915513
0.0002871085307560861
0.0004688550834544003
0.00034064080682583153
0.00035325720091350377
0.00023604099988006055
0.00023455495829693973
0.00047897794866003096
0.0002584273461252451
0.0002716881863307208
0.0003943175543099642
0.0003107888624072075
0.0004064975946675986
0.0003628241247497499
0.0004029932606499642
0.00031781732104718685
0.0003260666271671653
0.0003333308850415051
0.00030636292649433017
0.00032720796298235655
0.00027611004770733416
0.00037511411937884986
0.0002950681373476982
0.0004084751708433032
0.00037108914693817496
0.00033264714875258505
0.0002782083465717733
0.0003532100818119943
0.0003062182804569602
0.0004947581910528243
0.00039201887557283044
0.0002571855147834867
0.00034270857577212155
0.00026480949600227177
0.00028872667462565005
0.00032350249239243567
0.00031028955709189177
0.00034784109448082745
0.00030912039801478386
0.00032601942075416446
0.00030264584347605705
0.0004082591040059924
0.00035757350269705057
0.0003920305462088436
0.0003704979899339378
0.0002431711764074862
0.00031562885851599276
0.0004157555813435465
0.0002931163180619478
0.0004435042792465538
0.00031879989546723664
0.00034718422102741897
0.00033230302506126463
0.0002963714941870421
0.00033312515006400645
0.00035827193642035127
0.000356449862010777
0.00037174057797528803
0.0003902323078364134
0.0003039265575353056
0.0002873223274946213
0.00028708335594274104
0.0003930669918190688
0.00030687672551721334
0.000334699812810868
0.00028201183886267245
0.0003160446649417281
0.00035745452623814344
0.0003834479139186442
0.00031448304071091115
0.0002511094498913735
0.0002635167329572141
0.0002648412191774696
0.00030897368560545146
0.0003319557581562549
0.00033532429370097816
0.0004363018670119345
0.00028123968513682485
0.00040590341086499393
0.0003666075353976339
0.00029400113271549344
0.00036306833499111235
0.0002748873957898468
0.0003706874849740416
0.00032919718069024384
0.0003665080002974719
0.0003728960291482508
0.0003256275085732341
0.0004091743612661958
0.0003627284022513777
0.000269035721430555
0.0003769995819311589
0.0004307094495743513
0.00022511759016197175
0.0003443435998633504
0.00037132843863219023
0.0003966119256801903
0.000356523843947798
0.00040464347694069147
0.00036485440796241164
0.00033896652166731656
0.00044215336674824357
0.00030828433227725327
0.00039412107435055077
0.00024023854348342866
0.0002997295814566314
0.0003447003837209195
0.0003065284399781376
0.00036909052869305015
0.00035197503166273236
0.0002788229612633586
0.00036994260153733194
0.0003439133579377085
0.0003751984622795135
0.0003859099524561316
0.0003327970043756068
0.00029303666087798774
0.0004444242222234607
0.00038753231638111174
0.00030488503398373723
0.00033076826366595924
0.00036053574876859784
0.00037982233334332705
0.0003214803582523018
0.00029702900792472064
0.0004729016509372741
0.0003061295428778976
0.00026153752696700394
0.0003419508575461805
0.00040795758832246065
0.0003491185780148953
0.00038683757884427905
0.00031181672238744795
0.0003027334751095623
0.000282738299574703
0.0003387993492651731
0.00032014650059863925
0.000403444078983739
0.0003804116859100759
0.00030476716347038746
0.00033383056870661676
0.00030380047974176705
0.0003301991964690387
0.0003325246798340231
0.0003453066456131637
0.0003094794519711286
0.000280248757917434
0.0004090397560503334
0.0002881702675949782
0.0003436532861087471
0.0003385503950994462
0.00028501643100753427
0.00040364693268202245
0.0004218884860165417
0.00037406536284834146
0.0003391900099813938
0.0003425299364607781
0.0002964767627418041
0.00024412009224761277
0.00033971850643865764
0.0003115423896815628
0.00037234093178994954
0.00036014599027112126
0.00025272724451497197
0.00043307692976668477
0.0003180845524184406
0.0003458928258623928
0.000345638080034405
0.00037395505933091044
0.0003802012652158737
0.0003218140045646578
0.0003378082765266299
0.00034793413942679763
0.00035900145303457975
0.0002851954777725041
0.00027408948517404497
0.00031084450893104076
0.00038036968908272684
0.0002646667417138815
0.00033781176898628473
0.00033515275572426617
0.00033088112832047045
0.00044675113167613745
0.00038152767228893936
0.00038748234510421753
0.0002873912744689733
0.00039893967914395034
0.0003821325663011521
0.0002827563730534166
0.00035402184585109353
0.00039257860044017434
0.0003158795298077166
0.00031553651206195354
0.000301045598462224
0.0002378645003773272
0.00036218250170350075
0.0003401180438231677
0.0003372390638105571
0.0003682690439745784
0.0003562073106877506
0.00030047836480662227
0.0004420654440764338
0.00043303935672156513
0.0004737848066724837
0.00034600755316205323
0.0003519173769745976
0.0003374451189301908
0.00036453534266911447
0.0004515144682954997
0.0003042414609808475
0.00029672333039343357
0.00036086479667574167
0.0003631096624303609
0.00032880535582080483
0.00038428226253017783
0.0003602079814299941
0.0003661871887743473
0.00036170598468743265
0.00034651701571419835
0.0004656652454286814
0.00024635245790705085
0.00031366024632006884
0.0003853500238619745
0.0003532620903570205
0.00034482390037737787
0.0003294850466772914
0.00027924019377678633
0.00032121603726409376
0.00036692668800242245
0.00042362671229057014
0.000345182663295418
0.0003058337315451354
0.0002943490690086037
0.00028129442944191396
0.00038306330679915845
0.00042000578832812607
0.0002926923334598541
0.0002462209668010473
0.0003115683502983302
0.0003133857680950314
0.0003544940846040845
0.000304970279103145
0.0004048958944622427
0.0003242317761760205
0.0003231967275496572
0.00032632058719173074
0.0003536187286954373
0.0002928320609498769
0.0003311353793833405
0.0003740667598322034
0.0004391093971207738
0.00032650603679940104
0.00033046610769815743
0.000340662692906335
0.00032241197186522186
0.00031095105805434287