0.00472
0.0048247771337628365
0.004732828121632338
0.005116126965731382
0.005032668821513653
0.005508629139512777
0.004996186587959528
0.004963767249137163
0.0050636469386518
0.0053899576887488365
0.005143681541085243
0.00576471071690321
0.004791668616235256
0.005586971063166857
0.005442935507744551
0.005704524461179972
0.0052613429725170135
0.004817019682377577
0.005603631492704153
0.005106362514197826
0.005219053011387587
0.005496923811733723
0.005242300685495138
0.004853904712945223
0.005961201153695583
0.006134697701781988
0.005847831256687641
0.0059931292198598385
0.006030777003616095
0.005730140954256058
0.005580445751547813
0.005368820857256651
0.005800093058496714
0.005653060972690582
0.006885857321321964
0.006214458961039782
0.00661487178876996
0.006736708339303732
0.006496664602309465
0.006807936821132898
0.00715312035754323
0.00694233737885952
0.006985440384596586
0.007583686150610447
0.006965273525565863
0.006375440396368504
0.006730457302182913
0.007238620426505804
0.007042925339192152
0.0072176759131252766
0.007510240655392408
0.007346013095229864
0.006622768938541412
0.007182216737419367
0.006939288694411516
0.0069215125404298306
0.006778514478355646
0.007117965258657932
0.006587865296751261
0.007626072037965059
0.007592615205794573
0.0077476706355810165
0.007735531311482191
0.007825564593076706
0.007483471184968948
0.007739103399217129
0.008130419068038464
0.007882333360612392
0.0075252242386341095
0.008307784795761108
0.008007838390767574
0.007758561987429857
0.008065321482717991
0.007883084006607533
0.008267649449408054
0.008332736790180206
0.008492671884596348
0.008112456649541855
0.008063002489507198
0.008830824866890907
0.008482295088469982
0.00822627916932106
0.008135512471199036
0.008582870475947857
0.00905307661741972
0.008358675055205822
0.008554039523005486
0.007966949604451656
0.009091765619814396
0.009280063211917877
0.008828839287161827
0.00895305909216404
0.009058307856321335
0.009164792485535145
0.008886872790753841
0.00908852182328701
0.009629355743527412
0.010272003710269928
0.009152555838227272
0.00941021740436554
0.009825621731579304
0.00994810275733471
0.010322017595171928
0.009968812577426434
0.009293271228671074
0.009721921756863594
0.009558563120663166
0.009457913227379322
0.00935967918485403
0.009207086637616158
0.010011570528149605
0.00936877354979515
0.010507569648325443
0.009299539029598236
0.009387806057929993
0.010044670663774014
0.00959746353328228
0.009846467524766922
0.009226296097040176
0.009344869293272495
0.009432710707187653
0.00986299104988575
0.009546085260808468
0.009341479279100895
0.009961532428860664
0.009619977325201035
0.009804103523492813
0.009710898622870445
0.010142983868718147
0.009990964084863663
0.010286143980920315
0.010603057220578194
0.009559504687786102
0.009961949661374092
0.009929868392646313
0.010684240609407425
0.010191744193434715
0.009531297720968723
0.009905199520289898
0.009362462908029556
0.009409411810338497
0.010604764334857464
0.009836542420089245
0.00951025914400816
0.00931861624121666
0.009206193499267101
0.009813359007239342
0.010576428845524788
0.010121450759470463
0.009999556466937065
0.010568523779511452
0.010178831405937672
0.009686630219221115
0.011086888611316681
0.010702135041356087
0.010170230641961098
0.009989512152969837
0.010088661685585976
0.009297138080000877
0.009943385608494282
0.009607110172510147
0.010672233998775482
0.009681429713964462
0.010219660587608814
0.010756024159491062
0.010975209064781666
0.009841369464993477
0.009244457818567753
0.009372713975608349
0.010444379411637783
0.00993443001061678
0.009704897180199623
0.010199948213994503
0.009816072881221771
0.011182759888470173
0.009959259070456028
0.009743562899529934
0.009444850496947765
0.009443001821637154
0.009365785866975784
0.009101038798689842
0.010401139035820961
0.011154647916555405
0.009347118437290192
0.009692072868347168
0.010108118876814842
0.009732143022119999
0.011425932869315147
0.010492296889424324
0.009525386616587639
0.01042124256491661
0.010061896406114101
0.009563647210597992
0.009762782603502274
0.00935057457536459
0.010149462148547173
0.010740788653492928
0.009232927113771439
0.009667713195085526
0.00855123158544302
0.00926839280873537
0.009184080176055431
0.009849591180682182
0.00928440224379301
0.009079353883862495
0.009423499926924706
0.010132012888789177
0.008884190581738949
0.009925460442900658
0.009995533153414726
0.009875031188130379
0.01131150871515274
0.010484423488378525
0.00978744588792324
0.009647817350924015
0.011059452779591084
0.00900286715477705
0.010493559762835503
0.009262417443096638
0.00916337501257658
0.009394283406436443
0.009426206350326538
0.010025355033576488
0.010297685861587524
0.009138945490121841
0.009738996624946594
0.010388202033936977
0.00947827473282814
0.00940384529531002
0.008928943425416946
0.01038559153676033
0.009732251055538654
0.010288097895681858
0.010973953641951084
0.010605205781757832
0.01060391403734684
0.010722527280449867
0.009778432548046112
0.009673096239566803
0.009873798117041588
0.009957104921340942
0.010284660384058952
0.01010119542479515
0.009406412951648235
0.009586566127836704
0.009819624945521355
0.01001226156949997
0.009740586392581463
0.009423995390534401
0.010018227621912956
0.009822684340178967
0.010179244913160801
0.00946611724793911
0.009941644966602325
0.010351465083658695
0.010098766535520554
0.009193457663059235
0.009360050782561302
0.009489079006016254
0.010334453545510769
0.010584479197859764
0.010423336178064346
0.011498430743813515
0.009595261886715889
0.009947244077920914
0.010332717560231686
0.009377148933708668
0.00893610343337059
0.010321611538529396
0.010255979374051094
0.009643878787755966
0.01097822841256857
0.009713576175272465
0.009653576649725437
0.009626184590160847
0.009526873007416725
0.010386712849140167
0.010007969103753567
0.01026193518191576
0.009437516331672668
0.00993171613663435
0.009854786098003387
0.010111380368471146
0.0101182134822011
0.009585153311491013
0.01000900100916624
0.01165941171348095
0.010526364669203758
0.01029073353856802
0.010741169564425945
0.010282130911946297
0.0094005037099123
0.010714243166148663
0.010439665988087654
0.01080214511603117
0.009011541493237019
0.009533890523016453
0.009415597654879093
0.008851209655404091
0.009363142773509026
0.009928639978170395
0.010280915535986423
0.009543770924210548
0.009992575272917747
0.010324748232960701
0.009465020149946213
0.009184611961245537
0.009903918951749802
0.009627418592572212
0.009668687358498573
0.009720606729388237
0.010042835958302021
0.009015134535729885
0.009106799960136414
0.009545588865876198
0.009063273668289185
0.009618368931114674
0.01079139206558466
0.009133716113865376
0.009194123558700085
0.010351183824241161
0.010698049329221249
0.011613480746746063
0.010436804965138435
0.009554016403853893
0.01049660425633192
0.009537167847156525
0.009602569043636322
0.010928583331406116
0.009491076692938805
0.010055698454380035
0.009828143753111362
0.008832558989524841
0.009314954280853271
0.008747135289013386
0.009020109660923481
0.009018654003739357
0.009462753310799599
0.010485092177987099
0.009294930845499039
0.009843374602496624
0.008881143294274807
0.009789963252842426
0.009524905122816563
0.00884936936199665
0.008970502763986588
0.008750906214118004
0.008940687403082848
0.008426420390605927
0.009709198027849197
0.009362391196191311
0.009449772536754608
0.009542911313474178
0.010163554921746254
0.009326618164777756
0.010469400323927402
0.009353906847536564
0.010595081374049187
0.010097886435687542
0.00908353179693222
0.009483056142926216
0.009240693412721157
0.009102026000618935
0.009754123166203499
0.010788274928927422
0.009861892089247704
0.009076567366719246
0.010080588050186634
0.009569607675075531
0.00940913800150156
0.009636471047997475
0.010513369925320148
0.009803349152207375
0.01010055560618639
0.010274874977767467
0.010275463573634624
0.009677198715507984
0.010404261760413647
0.009903804399073124
0.010757625102996826
0.010149634443223476
0.009346505627036095
0.010403534397482872
0.009739862754940987
0.010322119109332561
0.009432240389287472
0.009212431497871876
0.011003788560628891
0.009634635411202908
0.009033476002514362
0.008978618308901787
0.010445021092891693
0.010487404651939869
0.010360511019825935
0.009783678688108921
0.010241691023111343
0.009803611785173416
0.009236223064363003
0.011565923690795898
0.009076726622879505
0.009632280096411705
0.009117614477872849
0.010615729726850986
0.010684535838663578
0.010037083178758621
0.009776278398931026
0.00871890690177679
0.010027753189206123
0.00891124363988638
0.01017179898917675
0.008826320990920067
0.009102704003453255
0.00972655601799488
0.009561645798385143
0.009245884604752064
0.009245377033948898
0.010482371784746647
0.009764432907104492
0.009712320752441883
0.010291622951626778
0.00983850285410881
0.011218037456274033
0.00908750481903553
0.009180951863527298
0.009049750864505768
0.008349122479557991
0.010248541831970215
0.009388183243572712
0.010638728737831116
0.00943347904831171
0.01078223716467619
0.009346633218228817
0.010129972361028194
0.008824101649224758
0.009136556647717953
0.009713923558592796
0.009205198846757412
0.009527037851512432
0.008719193749129772
0.010093915276229382
0.00958232767879963
0.008905709721148014
0.009111146442592144
0.00897853635251522
0.009933030232787132
0.011371026746928692
0.010303926654160023
0.008795137517154217
0.010100023820996284
0.009831680916249752
0.010188695043325424
0.009434242732822895
0.009372149594128132
0.009148655459284782
0.009802097454667091
0.010061405599117279
0.010292306542396545
0.010162720456719398
0.00948410015553236
0.009660929441452026
0.01007754821330309
0.010380865074694157
0.009896289557218552
0.009895725175738335
0.009833455085754395
0.009120423346757889
0.01015669759362936
0.008899735286831856
0.010296899825334549
0.009890129789710045
0.009761972352862358
0.009816408157348633
0.009487406350672245
0.009761382825672626
0.010291789658367634
0.010976413264870644
0.009552503004670143
0.009606894105672836
0.00917575228959322
0.009515062905848026
0.009913002140820026
0.010377220809459686
0.009643408469855785
0.010782180353999138
0.009608369320631027
0.009571867994964123
0.009622050449252129
0.010205925442278385
0.008654460310935974
0.009358460083603859
0.008046109229326248
0.00870203971862793
0.008958625607192516
0.009902178309857845
0.009911640547215939
0.008499291725456715
0.008866366930305958
0.009397100657224655
0.009547267109155655
0.009525444358587265
0.009779831394553185
0.009748399257659912
0.00947069562971592
0.010246298275887966
0.009583627805113792
0.009422769770026207
0.009533219039440155
0.011133844964206219
0.00893128477036953
0.009113254956901073
0.007605134509503841
0.009867560118436813
0.009399846196174622
0.009314187802374363
0.009179605171084404
0.009355934336781502
0.00922501552850008
0.008792724460363388
0.009114583022892475
0.009860046207904816
0.009708992205560207
0.009325954131782055
0.010244538076221943
0.009806633926928043
0.010728447698056698
0.010590111836791039
0.010366130620241165
0.010946033522486687
0.009299221448600292
0.009048028849065304
0.009703247807919979
0.009016820229589939
0.009850081987679005
0.009978455491364002
0.009183994494378567
0.009258371777832508
0.009901836514472961
0.009431098587810993
0.009337568655610085
0.01072752382606268
0.01106319110840559
0.009632262401282787
0.010454762727022171
0.009927748702466488
0.009890933521091938
0.010184673592448235
0.01053229346871376
0.009369529783725739
0.009074287489056587
0.00909367948770523
0.00945089291781187
0.010031243786215782
0.009558141231536865
0.00976363755762577
0.009799549356102943
0.010603208094835281
0.009339059703052044
0.008606747724115849
0.010063115507364273
0.009149136953055859
0.00906949769705534
0.00917842611670494
0.008824067190289497
0.009253832511603832
0.009470210410654545
0.010401984676718712
0.009650548920035362
0.0097846994176507
0.010879826731979847
0.009960689581930637
0.009272263385355473
0.009374040178954601
0.009571980684995651
0.010407937690615654
0.010058460757136345
0.00955850537866354
0.010457330383360386
0.009876521304249763
0.009538765996694565
0.009602664969861507
0.00976023729890585
0.010006283409893513
0.009768877178430557
0.009983133524656296
0.009435981512069702
0.010203832760453224
0.009783870540559292
0.009727917611598969
0.009545435197651386
0.009871182963252068
0.010294702835381031
0.009576506912708282
0.009050177410244942
0.01002569030970335
0.009644325822591782
0.010596043430268764
0.008588101714849472
0.009352845139801502
0.009612910449504852
0.011330119334161282
0.009804322384297848
0.009404562413692474
0.010798066854476929
0.009026795625686646
0.009070168249309063
0.009974970482289791
0.010211294516921043
0.009056493639945984
0.008955421857535839
0.008756421506404877
0.009800110012292862
0.009419243782758713
0.008860258385539055
0.009268383495509624
0.010977458208799362
0.009164654649794102
0.00876464694738388
0.010006996802985668
0.010303488932549953
0.009388783946633339
0.010229560546576977
0.009211589582264423
0.010092907585203648
0.009605908766388893
0.009055850096046925
0.00970008596777916
0.009490888565778732
0.01004738174378872
0.009108088910579681
0.0099755534902215
0.01013193093240261
0.009171846322715282
0.009511466138064861
0.009707237593829632
0.01002062950283289
0.008877518586814404
0.009750910103321075
0.00941492710262537
0.00912532489746809
0.009979596361517906
0.009101350791752338
0.009094798937439919
0.010189460590481758
0.010656186379492283
0.010508785955607891
0.009987534955143929
0.009366911835968494
0.011178653687238693
0.009730853140354156
0.008922661654651165
0.009920480661094189
0.009038635529577732
0.0096445232629776
0.008704515174031258
0.00879005528986454
0.009306129068136215
0.009701354429125786
0.010200669057667255
0.008917845785617828
0.009557776153087616
0.009450302459299564
0.009245753288269043
0.010700072161853313
0.00912378542125225
0.009949133731424809
0.009497426450252533
0.009950573556125164
0.009331825189292431
0.009325037710368633
0.009476239793002605
0.00970237236469984
0.00893107708543539
0.009380612522363663
0.00868777371942997
0.009720700792968273
0.009498145431280136
0.010835816152393818
0.008668206632137299
0.00961738545447588
0.009420308284461498
0.009259664453566074
0.008680040016770363
0.009027457796037197
0.009679713286459446
0.008334138430655003
0.00953039713203907
0.009438282810151577
0.009118936955928802
0.0093419523909688
0.0097044063732028
0.009693148545920849
0.009743032976984978
0.009023835882544518
0.00904771313071251
0.00965193472802639
0.008114051073789597
0.008766071870923042
0.00968178827315569
0.009724749252200127
0.009684816934168339
0.010107367299497128
0.009528440423309803
0.010559373535215855
0.009927179664373398
0.009838747791945934
0.009827819652855396
0.009429359808564186
0.009552516974508762
0.010615834034979343
0.010461149737238884
0.00978020392358303
0.01107674278318882
0.0092250294983387
0.009977824054658413
0.010748581029474735
0.010815267451107502
0.009113352745771408
0.010577046312391758
0.010532286018133163
0.010066895745694637
0.010398656129837036
0.009682525880634785
0.00857718475162983
0.007125208154320717
0.006803911179304123
0.005581189878284931
0.00497235544025898
0.0041871340945363045
0.003987503703683615
0.0037895794957876205
0.004390151239931583
0.003775935620069504
0.0034976385068148375
0.00334865297190845
0.003367074765264988
0.0031824272591620684
0.002660559257492423
0.0029406417161226273
0.0030140583403408527
0.0030143829062581062
0.0028937719762325287
0.0029543812852352858
0.002621381776407361
0.0024102607276290655
0.003136660438030958
0.0027298550121486187
0.0022542867809534073
0.0022380712907761335
0.002574269426986575
0.002549160970374942
0.002456085290759802
0.003114539897069335
0.0026896626222878695
0.0021079257130622864
0.002294046338647604
0.0023909437004476786
0.002186906524002552
0.0018548093503341079
0.0021125483326613903
0.0022564628161489964
0.0019867802038788795
0.0024219187907874584
0.0022795104887336493
0.0018645459786057472
0.0018021295545622706
0.0022289857733994722
0.001954996259883046
0.002018287079408765
0.0021977638825774193
0.001935150707140565
0.0017884989501908422
0.0017299556639045477
0.001936448272317648
0.0016103109810501337
0.0019872847478836775
0.0018567946972325444
0.001890745828859508
0.0018041074508801103
0.001929391990415752
0.0018128821393474936
0.002007991774007678
0.0017428523860871792
0.0017513911006972194
0.0017966392915695906
0.0015885119792073965
0.0017304953653365374
0.0016084222588688135
0.0021267738193273544
0.0016459492035210133
0.0019530919380486012
0.0018369010649621487
0.0014651073142886162
0.0013913906877860427
0.0013303293380886316
0.001996283885091543
0.0019463130738586187
0.0016153556061908603
0.0015317463548853993
0.0015758196823298931
0.0017162926960736513
0.0012709354050457478
0.0013049786211922765
0.0013692269567400217
0.001519045908935368
0.001781044527888298
0.0018703172681853175
0.0015564857749268413
0.0015473320381715894
0.0015536696882918477
0.0018312523607164621
0.0019126535626128316
0.0016042260685935616
0.0017954757204279304
0.001477604964748025
0.0016903724754229188
0.0015524137997999787
0.0018617003224790096
0.0013548660790547729
0.001437910832464695
0.001399510889314115
0.0014127136673778296
0.0012300334637984633
0.001168365590274334
0.0013057675678282976
0.0009487212519161403
0.0015140871983021498
0.001313673099502921
0.0014127050526440144
0.0013328398345038295
0.0013007920933887362
0.001499437028542161
0.0013832264812663198
0.001257471856661141
0.0013525146059691906
0.0013042382197454572
0.0014098284300416708
0.0011934253852814436
0.0012969799572601914
0.0015295075718313456
0.0014739558100700378
0.0014976378297433257
0.0010611781617626548
0.001394643564708531
0.0014547589235007763
0.0011673092376440763
0.0010982768144458532
0.0013919436605647206
0.0011538485996425152
0.001591503736563027
0.0013045523082837462
0.0017150403000414371
0.0013842328917235136
0.0012742392718791962
0.0013559284852817655
0.0014365904498845339
0.0018871406791731715
0.0012829747283831239
0.0011601970763877034
0.001437050523236394
0.001214325544424355
0.0014512535417452455
0.0009951769607141614
0.001256982795894146
0.0012367416638880968
0.0015379013493657112
0.0014081444824114442
0.0013124453835189342
0.0011684555793181062
0.0016161457169800997
0.0015153978019952774
0.00120360660366714
0.0014606693293899298
0.0013244724832475185
0.0013383969198912382
0.0012495495611801744
0.0014023263938724995
0.0013788057258352637
0.0018342116381973028
0.001230207970365882
0.0017295838333666325
0.0011704422067850828
0.0013755810214206576
0.0013169855810701847
0.001030953018926084
0.0011811243603006005
0.0011598080163821578
0.0014425283297896385
0.0011137271067127585
0.0013887739041820168
0.0010601727990433574
0.0012139398604631424
0.0011465889401733875
0.00128075887914747
0.0009919456206262112
0.0010646452428773046
0.0011370668653398752
0.00121625408064574
0.0015169254038482904
0.0010376026621088386
0.001146429218351841
0.0013690798077732325
0.0017179197166115046
0.001180480350740254
0.001309816143475473
0.0012044628383591771
0.0009313597111031413
0.0013061657082289457
0.0012218034826219082
0.0013359542936086655
0.001089074183255434
0.000967157247941941
0.0011194529943168163
0.0013884142972528934
0.001201793784275651
0.001170468982309103
0.001059936941601336
0.0010502327932044864
0.0012398363323882222
0.0013347073690965772
0.001151684788055718
0.0012839306145906448
0.001272024353966117
0.0012412380892783403
0.001250768662430346
0.0013146940618753433
0.001235422445461154
0.0011069410247728229
0.0010494235903024673
0.0015091313980519772
0.0010981035884469748
0.0010313953971490264
0.0009400982526130974
0.0012929708464071155
0.001126680988818407
0.0013191140023991466
0.000937082979362458
0.0009226594120264053
0.000797823304310441
0.0012576652225106955
0.0016513299196958542
0.001148780225776136
0.0010174039052799344
0.0012493385002017021
0.0014278412563726306
0.0009613048168830574
0.002047214424237609
0.0011191199300810695
0.0009727585129439831
0.0014750480186194181
0.0014463705010712147
0.0012788486201316118
0.00114686309825629
0.0013022087514400482
0.00127333402633667
0.0011636882554739714
0.0008847459685057402
0.0011331218993291259
0.0012672626180574298
0.0011729332618415356
0.0012818361865356565