0.0002875
0.0002283044595969841
0.00026094450731761754
0.0002410193410469219
0.00028803464374504983
0.0003448699717409909
0.0003509320376906544
0.0004802958865184337
0.0003195754252374172
0.000285959686152637
0.00029117814847268164
0.0001922832161653787
0.0002725236117839813
0.00021217690664343536
0.00013741577276960015
0.00015444699965883046
0.00012731566675938666
0.00011030038876924664
8.733343565836549e-05
8.214678382501006e-05
6.272260361583903e-05
6.600991036975756e-05
6.694147305097431e-05
4.881820495938882e-05
5.5910648370627314e-05
4.282604641048238e-05
3.885086334776133e-05
4.413335045683198e-05
3.0306402550195344e-05
3.109057797701098e-05
2.8268694222788326e-05
3.2971438486129045e-05
2.7339416192262433e-05
2.9611128411488608e-05
2.6282899852958508e-05
2.7317635613144375e-05
2.261602094222326e-05
2.145136932085734e-05
2.5417899450985715e-05
2.0772116840817034e-05
2.273193786095362e-05
2.1611558622680604e-05
2.0800100173801184e-05
1.898562186397612e-05
1.817881093302276e-05
1.439742209186079e-05
2.2709746190230362e-05
1.597360460436903e-05
1.9446037185844034e-05
1.8884191376855597e-05
1.2865487406088505e-05
1.6650375982862897e-05
1.3433865206025075e-05
1.5327603250625543e-05
1.1167537195433397e-05
1.0623409252730198e-05
1.3025026419200003e-05
1.0211039807472844e-05
1.831392728490755e-05
1.0796489732456394e-05
1.073918156180298e-05
9.472051715420093e-06
1.1328350410622079e-05
1.0085546819027513e-05
8.653249096823856e-06
9.711478924145922e-06
1.132310808316106e-05
1.1169789104314987e-05
8.098789294308517e-06
7.528713013016386e-06
7.693649422435556e-06
9.827976100496016e-06
8.760403943597339e-06
7.563883173133945e-06
7.351530712185195e-06
6.864812348794658e-06
8.242516742029693e-06
7.0603568929072935e-06
7.926257239887491e-06
6.00517523707822e-06
6.894066700624535e-06
6.676398697891273e-06
5.8185682973999064e-06
5.477538707054919e-06
6.887981726322323e-06
5.988621524011251e-06
5.871348093933193e-06
6.481493073806632e-06
5.20708090334665e-06
5.1950119086541235e-06
6.500715244328603e-06
7.0225064519036096e-06
4.956136763212271e-06
5.037657047068933e-06
4.4907292249263264e-06
4.64364848085097e-06
3.7444533518282697e-06
4.566311872622464e-06
4.103764695173595e-06
3.8006135127943708e-06
4.558598448056728e-06
3.950491191062611e-06
4.824914867640473e-06
3.071343826377415e-06
4.226337296131533e-06
5.317441718943883e-06
3.3787666779971914e-06
3.930246293748496e-06
3.3506344152556267e-06
4.807626282854471e-06
3.4209740533697186e-06
4.293979145586491e-06
2.8514734822238097e-06
4.391222773847403e-06
4.632831405615434e-06
2.5657357127784053e-06
3.4164479529863456e-06
3.458605760897626e-06
3.985549028584501e-06
3.806135055128834e-06
3.6089593322685687e-06
3.309782641736092e-06
3.0524788598995656e-06
4.056152192788431e-06
3.533677272571367e-06
3.300388698335155e-06
2.929104539362015e-06
3.182185082550859e-06
2.6364448331150925e-06
2.5580147848813795e-06
2.9207019451860106e-06
2.1332543838070706e-06
2.931927383542643e-06
2.664550720510306e-06
2.4797611786198104e-06
3.275557446613675e-06
2.3950872218847508e-06
3.1691686217527604e-06
2.223205910922843e-06
2.826956233548117e-06
1.852908098953776e-06
3.490719336696202e-06
2.7772528028435772e-06
2.9785164770146366e-06
3.267181909905048e-06
2.911139972638921e-06
2.9667037324543344e-06
1.8955324776470661e-06
2.5126541913778055e-06
2.3066450012265705e-06
2.8764743547071703e-06
3.3041958431567764e-06
2.4623138870083494e-06
2.757072252279613e-06
1.986521965591237e-06
2.476678446328151e-06
2.7840715119964443e-06
2.107169621012872e-06
2.1568323518295074e-06
1.8247199022880523e-06
3.4219779081468005e-06
2.2517499473906355e-06
1.9881806565535953e-06
2.8466913590818876e-06
2.179385319323046e-06
2.294650130352238e-06
2.133916950697312e-06
2.5876395284285536e-06
1.958221901077195e-06
2.183048081860761e-06
1.9976541807409376e-06
1.7460897652199492e-06
1.945857775353943e-06
2.314441644557519e-06
2.1113742150191683e-06
1.6055356582000968e-06
1.7221777852682862e-06
2.094563342325273e-06
1.8361537286182283e-06
2.4021828721743077e-06
1.6612177660135785e-06
2.6898767373495502e-06
2.1043997548986226e-06
2.1870223463338334e-06
1.9983044694527052e-06
1.7850589983936516e-06
1.9808371689578053e-06
2.0541267531370977e-06
1.9332605916133616e-06
1.7732349988364149e-06
2.0275563201721525e-06
1.52695110955392e-06
2.2761953459848883e-06
1.1353483841958223e-06
1.9530161807779223e-06
2.0467591639317106e-06
2.0747734197357204e-06
2.5601625566196162e-06
1.7187330740853213e-06
2.0442807908693794e-06
1.970323864952661e-06
2.0287488950998522e-06
1.8202263163402677e-06
1.6157189293153351e-06
1.6154383501998382e-06
2.0048364604008384e-06
1.4044838962945505e-06
2.6641955628292635e-06
1.5077469015523093e-06
1.6055792002589442e-06
1.7955235307454132e-06
1.9542280824680347e-06
2.1090484096930595e-06
1.1344883432684583e-06
2.066565912173246e-06
1.5682718412790564e-06
1.9361539216333767e-06
1.6536145039935946e-06
1.780798584150034e-06
2.007243210755405e-06
1.9629133021226153e-06
1.6573507082284777e-06
2.397225443928619e-06
1.3561824516727938e-06
1.9834046725009102e-06
1.928429355757544e-06
1.3887384966437821e-06
1.735869318508776e-06
1.2766216741511016e-06
1.998749667109223e-06
1.9158492250426207e-06
1.8711816665017977e-06
1.4460200645771693e-06
1.7543143258080818e-06
1.5517802012254833e-06
1.9163344404660165e-06
1.6329721574948053e-06
1.5997678701751283e-06
2.1404034669103567e-06
1.612587539057131e-06
2.172767608499271e-06
1.6546637198189273e-06
1.5135569810809102e-06
2.1509042653633514e-06
1.095460220312816e-06
1.920344629979809e-06
1.2801834827769198e-06
1.597554160071013e-06
1.440912114958337e-06
1.2262240716154338e-06
1.662206273067568e-06
1.40570841722365e-06
2.0809550278499955e-06
1.2694823681158596e-06
1.4026467169969692e-06
1.5112631217562011e-06
1.6623295095996582e-06
1.7756467514118413e-06
1.454820790058875e-06
1.8039919496004586e-06
1.367528852824762e-06
1.942829157997039e-06
1.626770199436578e-06
1.2576693961818819e-06
1.6638659872114658e-06
1.5842837228774442e-06
1.7641812064539408e-06
1.786910843293299e-06
1.6187949540835689e-06
1.537998286949005e-06
1.5864125089137815e-06
1.4076196066525881e-06
1.5412069842568599e-06
1.8136146309188916e-06
1.658718701946782e-06
1.569175765325781e-06
1.6251099168584915e-06
1.8543116766522871e-06
1.2160815003880998e-06
1.6010259287213557e-06
1.3264776725918637e-06
1.373826535200351e-06
1.911049366754014e-06
1.3228635680206935e-06
1.427944425813621e-06
2.0438167211977998e-06
1.137489675784309e-06
1.774261590981041e-06
1.2668994031628245e-06
1.5820183989490033e-06
1.4845167015664629e-06
2.3676011551287957e-06
1.3540078498408548e-06
1.7305241044596187e-06
2.060764927591663e-06
1.1559951644812827e-06
1.5683668834753917e-06
1.3730071941608912e-06
1.4072849126023357e-06
1.7280299289268441e-06
1.516070256002422e-06
1.7159944718514453e-06
1.1766486522901687e-06
1.7746546063790447e-06
1.3258614899314125e-06
1.7456791283620987e-06
1.3994441587783513e-06
1.6579267594352132e-06
1.175149350274296e-06
1.2155077229181188e-06
1.566708306199871e-06
1.7782581380743068e-06
1.3384118346948526e-06
1.6538236877750023e-06
1.5120658645173535e-06
1.38713687647396e-06
1.1925046692340402e-06
1.6639331761325593e-06
1.38684447392734e-06
1.538810579404526e-06
1.3975242154629086e-06
1.545975578665093e-06
1.0664743967936374e-06
1.7491680637249374e-06
1.3199502291172394e-06
1.4751735761819873e-06
1.2219280733916094e-06
1.7873585420602467e-06
1.175222905658302e-06
1.52396671637689e-06
1.3696719634026522e-06
1.6459007383673452e-06
1.39504072649288e-06
1.5347433190981974e-06
1.440436335542472e-06
1.702430608929717e-06
1.396176799062232e-06
1.67486530244787e-06
1.2933803645864828e-06
1.5037458069855347e-06
1.635282046663633e-06
1.829520101637172e-06
1.376309455736191e-06
1.5875526742092916e-06
1.4780490573684801e-06
1.4388461977432598e-06
1.7399344187651877e-06
1.1269094102317467e-06
1.1670349522319157e-06
1.3900635167374276e-06
1.915713482958381e-06
1.4835526371825836e-06
1.933785142682609e-06
1.6875962955964496e-06
1.3854103144694818e-06
1.7931653246705537e-06
1.1686893230944406e-06
1.4280276445788331e-06
1.581304672981787e-06
1.3107879794915789e-06
1.7820754010244855e-06
1.092859292839421e-06
1.6414775245721103e-06
1.618999135644117e-06
1.1018247505489853e-06
1.5222850606733118e-06
9.099099429477064e-07
1.3245261243355344e-06
1.2397804312058724e-06
1.8459741113474593e-06
9.412739814251836e-07
1.738007540552644e-06
1.3814151316182688e-06
1.4013038480698015e-06
1.3527530882129213e-06
1.2593858400578029e-06
1.2734581105178222e-06
1.4113525139691774e-06
9.402621685694612e-07
1.377996909468493e-06
1.4610329799324973e-06
1.6724734450690448e-06
1.9127287487208378e-06
1.343245230600587e-06
1.3950028687759186e-06
1.5886738538029022e-06
1.0450327181388275e-06
1.5516254734393442e-06
1.3192031929065706e-06
1.3515975751943188e-06
1.1635725059022661e-06
1.6748093685237109e-06
8.825372788123786e-07
1.4839662298982148e-06
1.328231974184746e-06
1.271659698431904e-06
1.1408072850827011e-06
1.7081387113648816e-06
1.1956192338402616e-06
1.452147557756689e-06
1.5433413409482455e-06
1.6427527498308336e-06
1.3580976201410522e-06
1.6108190266095335e-06
1.3134774690115592e-06
1.857025040408189e-06
1.1877647239089129e-06
1.6259790527328732e-06
1.1995329032288282e-06
1.215641191265604e-06
1.162900389317656e-06
1.572642531755264e-06
1.2981690815649927e-06
1.3588969522970729e-06
1.175987335955142e-06
1.6436189298474346e-06
1.560151304147439e-06
1.469122707931092e-06
1.1890076621057233e-06
1.3375180287766852e-06
1.618964006411261e-06
9.645277714298572e-07
1.4399298606804223e-06
1.4017952025824343e-06
1.2327387821642333e-06
1.1207943089175387e-06
1.3170808870199835e-06
1.1089809959230479e-06
1.7778872916096589e-06
1.0615093515298213e-06
1.4953042182241916e-06
1.042667122419516e-06
1.3045818150203559e-06
1.3988413911647513e-06
1.287153281737119e-06
1.2053789077981492e-06
1.3883509382139891e-06
1.1643712696240982e-06
1.4348021295518265e-06
1.6484962088725297e-06
1.0060532531497302e-06
1.6822460793264327e-06
1.2430720062184264e-06
1.1546002269824385e-06
1.564683543620049e-06
1.4702444559588912e-06
1.2876067785327905e-06
1.1190003306182916e-06
1.3429897762762266e-06
1.1843735592265148e-06
1.42015937854012e-06
1.2653732710532495e-06
1.3648252661369042e-06
1.3883430938221863e-06
1.437830860595568e-06
1.1116898122054408e-06
1.5258548273777706e-06
9.724609526529093e-07
1.4494495417238795e-06
1.3398718010648736e-06
1.2735657719531446e-06
9.666803180152783e-07
1.5293612705136184e-06
9.40800930493424e-07
1.5365540093625896e-06
1.356151756226609e-06
1.3708430515180225e-06
9.315671150034177e-07
1.539680397399934e-06
1.148491833191656e-06
1.3545056845032377e-06
1.354535356767883e-06
9.949991408575443e-07
8.248633776020142e-07
1.7462193682149518e-06
1.4139817494651652e-06
1.357152314085397e-06
1.0936063290500897e-06
1.7846952005129424e-06
1.1178515251231147e-06
1.0595264257062809e-06
1.44857131090248e-06
1.391147975482454e-06
1.4088824400459998e-06
1.0965328556267195e-06
1.3076968343739281e-06
1.3176680795368156e-06
1.6037826071624295e-06
1.0259855116601102e-06
1.3591924243883113e-06
1.3051358109805733e-06
1.3723374649998732e-06
1.1437756484156125e-06
1.8369945564700174e-06
1.2169881529189297e-06
1.3415606190392282e-06
1.330424993284396e-06
1.6704756262697629e-06
1.3711681958739064e-06
1.5436995681739063e-06
9.342215889773797e-07
1.3989853187013068e-06
7.502925427615992e-07
1.1167331877004472e-06
1.148172941611847e-06
1.6238648186117643e-06
1.2426784223862342e-06
1.3804384479954024e-06
1.3532276170735713e-06
1.0953510809486033e-06
1.2459856861823937e-06
1.5791428040756728e-06
1.3093615507386858e-06
1.348107048215752e-06
1.0965676437990624e-06
1.302316491091915e-06
1.2837663234677166e-06
1.5391489114335855e-06
1.2838399925385602e-06
1.645522615945083e-06
1.2580452448673896e-06
1.5786498579473118e-06
1.2148602763772942e-06
1.55153736614011e-06
1.1699034985213075e-06
1.2230811989866197e-06
1.1250081115576904e-06
1.2868846397395828e-06
9.207593052451557e-07
1.0808211072799168e-06
1.3533785931940656e-06
1.5248492672981229e-06
1.2006494216620922e-06
1.5292836224034545e-06
1.2208009820824373e-06
1.2911973499285523e-06
1.0166623951590736e-06
1.6988941524687107e-06
1.1567675528567634e-06
1.1391216503398027e-06
9.72999714576872e-07
1.5556772723357426e-06
1.1611890613494324e-06
1.4540155461872928e-06
1.1656992455755244e-06
1.270294433197705e-06
1.2328240472925245e-06
1.2444352250895463e-06
1.5612492916261544e-06
1.0617907264531823e-06
9.681186838861322e-07
1.5114258076209808e-06
1.2364271242404357e-06
1.39581663916033e-06
1.2163841347501148e-06
1.4013925238032243e-06
1.2517704135461827e-06
1.300822987104766e-06
1.1760311053876649e-06
1.246573219759739e-06
1.3182336715544807e-06
1.1782288993344991e-06
1.2665329904848477e-06
1.34375204652315e-06
9.865188985713758e-07
1.067671973942197e-06
1.320559704254265e-06
1.0372607448516646e-06
1.3248564982859534e-06
1.2093024679415976e-06
1.0821066780408728e-06
8.030516482904204e-07
1.5847978147576214e-06
1.3092562767269555e-06
1.2022754845020245e-06
1.4689170484416536e-06
9.059815511136549e-07
1.3989222225063713e-06
1.2143901813033153e-06
1.1945076039410196e-06
1.1924350928893546e-06
1.7637987639318453e-06
1.0576806062090327e-06
1.5166441471592407e-06
1.1299049447188736e-06
1.3478736491379095e-06
1.1047554835386109e-06
1.401475174134248e-06
1.0632493285811506e-06
1.4596604387406842e-06
1.2476127722038655e-06
1.4542407598128193e-06
1.1890007272086223e-06
1.192261720461829e-06
1.152627532974293e-06
1.578913611410826e-06
1.0878759439947316e-06
1.4314719010144472e-06
9.741131634655176e-07
1.2893443681605277e-06
8.951624863584584e-07
1.5163323041633703e-06
1.1508851684993715e-06
1.1150472118970356e-06
1.1485991535664652e-06
1.1471819334474276e-06
1.0493512263565208e-06
1.201877921630512e-06
1.0468116897754953e-06
1.3462592960422626e-06
1.511417167421314e-06
1.1468508773759822e-06
9.380253231938696e-07
1.6206082591452287e-06
1.074158717528917e-06
1.2606037671503145e-06
9.6535643479001e-07
1.444415602236404e-06
9.555828910379205e-07
1.1542575748535455e-06
1.213252176057722e-06
1.4333410263134283e-06
1.165317598861293e-06
1.5672704876124044e-06
1.0671600421119365e-06
1.2179272061985102e-06
9.166927839032724e-07
1.3688696753888507e-06
1.1107835007351241e-06
1.2898652812509681e-06
1.107890966522973e-06
1.4497496749754646e-06
1.0630518545440282e-06
1.5123886214496451e-06
1.1594286206673132e-06
1.2814847423214815e-06
1.3075087963443366e-06
1.2775398090525414e-06
1.0111010624314076e-06
1.647305225560558e-06
1.0840780078069656e-06
1.5463302815987845e-06
1.3425805036604288e-06
1.6562770497330348e-06
1.0514362429603352e-06
1.0794627769428189e-06
1.8243702015752206e-06
1.0814480901899515e-06
1.2314255855017109e-06
1.290780915041978e-06
1.1475029850771534e-06
1.252472316082276e-06
9.731404588819714e-07
1.4936927072994877e-06
1.1648428426269675e-06
1.2090218888261006e-06
1.1127771131214104e-06
1.6126533637361717e-06
8.223315717259538e-07
1.4462178796748049e-06
1.1525211220941856e-06
1.4334187881104299e-06
1.2063404710715986e-06
1.4566618347089388e-06
1.0355869335398893e-06
1.13663486445148e-06
1.746062480378896e-06
1.3583471627498511e-06
1.3174858395359479e-06
1.4602603641833412e-06
9.08817696654296e-07
1.1924746559088817e-06
1.1738794682969456e-06
1.0137189292436233e-06
1.1743712775569293e-06
1.0782454182844958e-06
1.226531480824633e-06
1.1272929896222195e-06
9.473545787841431e-07
1.6595830629739794e-06
1.052752168106963e-06
1.4511969084196608e-06
1.1613869901339058e-06
9.624629910831572e-07
1.1929087122553028e-06
1.403050305270881e-06
1.1177465921718976e-06
1.68239989761787e-06
1.2363087762423675e-06
1.4922924265192705e-06
1.0598407698125811e-06
1.6066442185547203e-06
1.1090653515566373e-06
1.6060070038292906e-06
1.2404896096995799e-06
1.310326069869916e-06
1.1480597095214762e-06
1.3449194966597133e-06
8.972005502982938e-07
1.4823643823547172e-06
1.404328941134736e-06
1.2242010143381776e-06
8.845813681546133e-07
1.6135239775394439e-06
9.145643957708671e-07
1.3170265447115526e-06
1.0320221690562903e-06
1.3804965419694781e-06
1.4175778915159754e-06
1.3334962432054454e-06
1.3569814427683013e-06
1.2699088074441534e-06
1.358051576971775e-06
9.636868298912304e-07
1.4266880725699593e-06
1.1926800880246446e-06
1.0640866321409703e-06
9.543479109197506e-07
1.4706348565596272e-06
1.1252494687141734e-06
1.4389213447429938e-06
1.2404240123942145e-06
1.221039951815328e-06
1.3695491816179128e-06
1.3152196061128052e-06
9.247154935110302e-07
1.742630047374405e-06
1.0712439006965724e-06
1.1104519899163279e-06
1.2098581692043808e-06
9.82929918791342e-07
1.543613507237751e-06
8.706378480383137e-07
1.1459666211521835e-06
1.4312167877506e-06
9.539933216728969e-07
1.4975601061451016e-06
1.2662725339396275e-06
1.0394149967396515e-06
1.3787354191663326e-06
1.3212277281127172e-06
1.2961453421667102e-06
1.1057292113036965e-06
1.5298238622563076e-06
1.0253622804157203e-06
1.1524477940838551e-06
1.0368514722358668e-06
1.5310238268284593e-06
1.0530978897804744e-06
1.4580824654331082e-06
9.266200891033805e-07
1.2352355724942754e-06
1.20629499633651e-06
1.1130649681945215e-06
1.1514230209286325e-06
1.2380766065689386e-06
9.296990128859761e-07
1.2194371947771288e-06
1.2846608115069102e-06
1.3755226291323197e-06
1.1422813486205996e-06
1.4557293752659461e-06
8.665709856359172e-07
1.0595396133794566e-06
1.141045459007728e-06
1.0335620572732296e-06
9.834423053689534e-07
1.3184064755478175e-06
1.1299819107080111e-06
1.0888165888900403e-06
1.1645828408290981e-06
1.3636031326313969e-06
1.018065063362883e-06
1.8612593066791305e-06
1.1320880730636418e-06
1.587714223205694e-06
1.2273194442968816e-06
1.3161960623619962e-06
8.426177373621613e-07
1.2902236221634666e-06
1.628138647902233e-06
1.2002569746982772e-06
1.3194636494517908e-06
1.268310143132112e-06
1.1105541943834396e-06
1.1958452432736522e-06
1.5216432984743733e-06
1.1016776397809735e-06
1.3168430541554699e-06
1.1589058885874692e-06
1.1370392485332559e-06
1.012300344882533e-06
1.4194523600963294e-06
8.668584996485151e-07
1.288199541704671e-06
1.211412381962873e-06
1.2222110399306985e-06
1.349112039861211e-06
1.1834915767394705e-06
1.2058817446813919e-06
1.0179120408793096e-06
1.7530381910546566e-06
1.438161689293338e-06
1.2396471902320627e-06
1.213791620102711e-06
1.3645794751937501e-06
1.1477189900688245e-06
1.2152497674833285e-06
9.70396740740398e-07
1.0558808298810618e-06
9.433799164071388e-07
1.5983091543603223e-06
1.1212445087949163e-06
9.984938742491067e-07
1.6467217847093707e-06
9.443842827749904e-07
1.4440012137129088e-06
8.220633844757685e-07
1.5376431292679626e-06
1.120370711760188e-06
1.3163103176339064e-06
1.0092577440445893e-06
1.5512778190895915e-06
1.138206357609306e-06
1.7099079059335054e-06
1.0342464520363137e-06
1.2684157582043554e-06
1.3830489251631661e-06
1.2369987416605e-06
1.1254708169872174e-06
1.3083439398542396e-06
1.1344097856635926e-06
1.1981976513197878e-06
1.6671049252181547e-06
6.978735314078222e-07
1.3156115983292693e-06
1.5661771612940356e-06
1.2666887414525263e-06
1.5442568610524177e-06
1.1521359510879847e-06
1.6482099454151466e-06
1.1178458407812286e-06
1.1525432910275413e-06
1.2700085108008352e-06
1.4179103118294734e-06
1.409728156431811e-06
9.657077271185699e-07
1.488128759774554e-06
1.340496055490803e-06
1.139987716669566e-06
1.362188072562276e-06
1.2038686918458552e-06
1.3337304380911519e-06
1.0914707218034891e-06
1.5513911648668e-06
1.2567402336571831e-06
1.1456306765467161e-06
9.180137112707598e-07
1.3629085060529178e-06
1.0082502512887004e-06
1.3126428939358448e-06
1.0022608876170125e-06
1.4695771142214653e-06
9.402117484569317e-07
1.8436836626278819e-06
9.330333909929323e-07
1.423930370947346e-06
1.2945887419846258e-06
1.220492322318023e-06
9.930763553711586e-07
1.2096575119358022e-06
1.0318716476831469e-06
1.2203381629660726e-06
1.4963140984036727e-06
9.983435802496388e-07
1.2544907121991855e-06
1.1037009244319052e-06
1.3127552165315137e-06
1.3267281246953644e-06
1.2018629149679327e-06
1.7909515008796006e-06
1.1485211643957882e-06
1.1705498081937549e-06
1.3722834637519554e-06
1.15381226351019e-06
1.2011582839477342e-06
1.0231368605673197e-06
1.844570647335786e-06
1.1110723789897747e-06
1.280687342841702e-06
1.1600160405578208e-06
1.3796458233628073e-06
1.015243128676957e-06
1.2616632147910423e-06
1.0839796686923364e-06
1.3267449503473472e-06
1.0833769010787364e-06
1.6054771094786702e-06
9.1182585038041e-07
1.2820338497476769e-06
1.2991448556931573e-06
1.24567600323644e-06
1.2672188631768222e-06
1.3395689393291832e-06
1.4921430420145043e-06
1.2702018921117997e-06
1.259635723727115e-06
1.1458164408395533e-06
1.4465603044300224e-06
1.5140431059990078e-06
1.1069907941418933e-06
1.688444740466366e-06
1.2245260450072237e-06
1.3556403928305372e-06
1.1884137620654656e-06
1.3580414588432177e-06
1.136951823355048e-06
1.101242901313526e-06
1.5826830122023239e-06
8.504782726959093e-07
1.4572692634828854e-06
1.3637454685522243e-06
1.261557144971448e-06
1.2660685797527549e-06
1.1598856417549541e-06
9.407662560079189e-07
1.6255822856692248e-06
1.3763619790552184e-06
1.3950493666925468e-06
1.1958734376094071e-06
1.149893023466575e-06
1.1114492508568219e-06
1.574606812937418e-06
1.152956315308984e-06
1.4321816479423433e-06
1.1393921113267425e-06
1.2987808304387727e-06
1.1166465583301033e-06
1.3227455610831385e-06
9.775743592399522e-07
1.496375261922367e-06
1.217717795043427e-06
1.2633933010874898e-06
1.0918940915871644e-06
1.6199373931158334e-06
1.0460184967087116e-06
1.379188915962004e-06
1.0694185448301141e-06
1.6231996369242552e-06
9.564291758579202e-07
1.042839130604989e-06
1.0274294481860125e-06
1.6312163779730326e-06
1.1194592843821738e-06
1.2498924206738593e-06
1.006004708870023e-06
1.4513509540847735e-06
1.3585872693511192e-06
1.2967088878212962e-06
1.1675700761770713e-06
1.5037270486573107e-06
1.1817114682344254e-06
1.3078453093839926e-06
1.127786504184769e-06
1.3802890634906362e-06
1.2473130936996313e-06
1.4305139757198049e-06
1.1825613910332322e-06
1.1892080920006265e-06
1.2233537063366384e-06
1.0777811212392407e-06
1.1749351642720285e-06
1.4004294826008845e-06
1.521667513770808e-06
1.2550106021080865e-06
1.1282556897640461e-06
1.385109271723195e-06
8.374354365514591e-07
1.8046796412818367e-06
9.830134786170674e-07
1.3121300526108826e-06
1.1449866406110232e-06
1.3990063507662853e-06
8.499217756252619e-07
1.479299612583418e-06
1.3096679367663455e-06
1.6971888499028864e-06
1.2462853646866279e-06
1.2248613074916648e-06
1.0220387594017666e-06
1.5599150628986536e-06
1.1474908205855172e-06
1.7614083844819106e-06
1.1757301763282157e-06
1.365280695608817e-06
1.1161442898810492e-06
1.2958383877048618e-06
9.486137173553288e-07
1.5698118431828334e-06
1.0176021305596805e-06
1.4139681070446386e-06
1.4780924857404898e-06
1.1900639265149948e-06
1.0367940603828174e-06
1.6922427903409698e-06
1.103103954847029e-06
1.3710235862163245e-06
1.6323589306921349e-06
1.4084157555771526e-06
1.3466700465869508e-06
9.902981901177554e-07
1.2282865782253793e-06
1.3745294609179837e-06
1.1647452993202023e-06
1.2990979030291783e-06
9.742287829794805e-07
1.3159672107576625e-06
1.1443341918493388e-06
1.2588114941536332e-06
1.2976236121176044e-06
1.0663505918273586e-06
1.1657909908535657e-06
1.231612145602412e-06
1.4675752026960254e-06
1.0911950312220142e-06
1.5942451909722877e-06
1.3801254681311548e-06
1.4756616337763262e-06
1.101844873119262e-06
1.3970824284115224e-06
1.1614042705332395e-06
1.3902437103752163e-06
1.1498334515636088e-06
1.3584428870672127e-06
1.1486609992061858e-06
1.383232756779762e-06
9.20535796922195e-07
1.1723092256943346e-06
1.180656340693531e-06
1.1427541721786838e-06
1.4210311292117694e-06
1.45949798024958e-06
1.142430278378015e-06
1.5333918099713628e-06
1.2262250947969733e-06
1.0041632094726083e-06
1.0977049669236294e-06
1.3783117083221441e-06
1.387601628266566e-06
1.3935550668975338e-06
1.0023508139056503e-06
1.4435031516768504e-06
1.3673588910023682e-06
1.2935191762153408e-06
1.0446048008816433e-06
1.341306642643758e-06
9.339619282400236e-07
1.0238517234029132e-06
1.0998909374393406e-06
1.082665221474599e-06
9.085547958420648e-07
1.1297208857286023e-06
1.3420942650554935e-06
1.2417943935361109e-06
1.5008034779384616e-06
9.386905617247976e-07
1.4394191794053768e-06
1.380087383040518e-06
1.44412490499235e-06
1.1224492482142523e-06
1.5944755205055117e-06
9.810747769734007e-07
1.7331918797935941e-06
1.314118662776309e-06
1.2493127314883168e-06
1.1713798357959604e-06
1.240871029040136e-06
1.7373728269376443e-06
1.10014843812678e-06
1.3407452570390888e-06
1.342704536000383e-06
1.2228739478814532e-06
1.5132179669308243e-06
1.0983175116052735e-06
1.7695720089250244e-06
1.293254513257125e-06
1.670090910010913e-06
1.3473987792167463e-06
1.4383791722138994e-06
1.1035347142751561e-06
1.1321690180920996e-06
1.352056528958201e-06
1.2512338116721367e-06
1.245920657311217e-06
1.175198804048705e-06
1.431043187949399e-06
1.1270900586168864e-06
1.490672616455413e-06
1.4114423265709775e-06
1.0224817970083677e-06
1.4056713553145528e-06
9.683836879048613e-07
1.6489150311826961e-06
1.0383740800534724e-06
1.2653059684453183e-06
1.1245347195654176e-06
1.2899153034595656e-06
1.2104505913157482e-06
1.4445652141148457e-06
1.1213468269488658e-06
1.4987692793511087e-06
1.123696165450383e-06
1.4788922726438614e-06
1.1934984058825648e-06
1.000486236080178e-06
1.414924781784066e-06
9.217258707394649e-07
1.5965814554874669e-06
1.1274133839833667e-06
1.4191008403940941e-06
1.1049552313124877e-06
1.6506463680343586e-06
8.914351496969175e-07
1.2129710285080364e-06
1.342599603049166e-06
1.2303423773118993e-06
1.5138128901526215e-06
1.06661548215925e-06
1.5060612668094109e-06
1.2063995882272138e-06
1.31510660139611e-06
1.12604800506233e-06
1.0367696177127073e-06
1.4629989664172172e-06
1.1137368574054562e-06
1.1354848084010882e-06
1.5199436802504351e-06
9.8752263966162e-07
1.8734212972049136e-06
9.176628736895509e-07
1.4450832850343431e-06
1.2620305369637208e-06
1.4703140323035768e-06
1.6238479929597815e-06
1.1131523933727294e-06
1.4071915757085662e-06
1.0139998494196334e-06
1.368715629723738e-06
1.3167035604055854e-06
1.395952608618245e-06
1.289372448809445e-06
8.361724326277908e-07
1.3963536957817269e-06
1.2094152452846174e-06
1.3855365068593528e-06
1.562347620165383e-06
1.4227704241420724e-06
1.376061163682607e-06
1.2147654615546344e-06
1.1892012707903632e-06
1.562714714964386e-06
1.3595450809589238e-06
1.7922181996254949e-06
1.1251423757130397e-06
1.4056282680030563e-06
1.04594073491171e-06
1.496645154475118e-06
1.5144762528507272e-06
1.230734596902039e-06
1.1545307643245906e-06
1.2678124221565668e-06
9.83851691671589e-07
1.3078038136882242e-06
1.0660888847269234e-06
1.6608018995611928e-06
1.3917700698584667e-06
1.5360177485490567e-06
1.0705362001317553e-06
1.902723738567147e-06
1.090015302906977e-06
1.3594990377896465e-06
9.818384114623768e-07
1.7079488543458865e-06
1.0520245723455446e-06
1.2387182550810394e-06
1.297306425840361e-06
1.5428787492055562e-06
8.845501042742399e-07
1.7964638345802086e-06
1.0542642030486604e-06
1.651675347602577e-06
1.3971518910693703e-06
1.4828997336735483e-06
1.2481868907343596e-06
1.6489256040586042e-06
1.194067181131686e-06
1.118670184041548e-06
1.5196618505797233e-06
1.0515555004531052e-06
1.6234746453847038e-06
1.3746345075560384e-06
1.1679416047627456e-06
1.6543491483389516e-06
1.0413376685391995e-06
1.4799024938838556e-06
1.3593950143331313e-06
1.2502766821853584e-06
1.0457461030455306e-06
1.525139168734313e-06
1.2927772559123696e-06
1.7142800743386033e-06
1.41318912483257e-06
1.2354553291515913e-06
1.0507100114409695e-06
1.3552420341511606e-06
1.14520435090526e-06
1.470160782446328e-06
1.185116730084701e-06
1.507544084233814e-06
1.0636691740728565e-06
1.131476665250375e-06
1.231310761795612e-06
1.1381102922314312e-06
1.2025977866869653e-06
1.4135293895378709e-06
1.0755989023891743e-06
1.5627017546648858e-06
1.3518393870981527e-06
1.1123732974738232e-06
1.3647756986756576e-06
1.2816325352105196e-06
1.2230200354679255e-06
1.2191250107207452e-06
1.528379243609379e-06
9.980459481084836e-07
1.1524728051881539e-06
1.3336888287085458e-06
1.5327977962442674e-06
1.1403917596908286e-06
1.1914264632650884e-06
1.019679757519043e-06
1.856568019320548e-06
9.66622906162229e-07
1.5607340628776e-06
1.3163830772100482e-06
1.557543782837456e-06
9.96397943708871e-07
1.4118869557933067e-06
1.0877869272007956e-06
1.360262103844434e-06
1.2820956953873974e-06
1.9764656826737337e-06
1.0748424301709747e-06
1.1601861160670524e-06
1.0438884601171594e-06
1.570063545841549e-06
9.901769999487442e-07
1.186271219921764e-06
1.0884829180213274e-06
1.5392249679280212e-06
1.030472049023956e-06
1.520588170933479e-06
1.038634763972368e-06
1.2196928764751647e-06
1.3893313735025004e-06
1.1592170494623133e-06
1.4953799336581142e-06
1.2592515759024536e-06
1.3174816331229522e-06
1.5001504607425886e-06
1.4569208133252687e-06
1.225400296789303e-06
1.3248760524220415e-06
7.862234951971914e-07
1.6170168919416028e-06
1.2009226111331373e-06
1.485290908931347e-06
1.1784293292294024e-06
1.4146420426186523e-06
1.0624772812661831e-06
2.011993501582765e-06
1.065449964698928e-06
1.3909693734603934e-06
1.4305005606729537e-06
9.062488288691384e-07
1.0472158464835957e-06
1.7424283669242868e-06
1.013819087347656e-06
1.59701392021816e-06
1.3486680927599082e-06
1.4530359067066456e-06
1.4726954304933315e-06
1.1211566288693575e-06
1.4848790215182817e-06
8.980451866591466e-07
1.2649815062104608e-06
1.2212718729642802e-06
1.3525826716431766e-06
1.4359810620589997e-06
1.2289403912291164e-06
1.5707261127317906e-06
1.184116626973264e-06
1.1585647143874667e-06
1.0813395192599273e-06
1.0983729907820816e-06
1.2490428389355657e-06
1.0975447821692796e-06
1.3214881846579374e-06
1.2348220934654819e-06
1.1599565823416924e-06
1.0334405260437052e-06
1.1612318076004158e-06
1.1037526519430685e-06
1.3378138419284369e-06
1.4216747104001115e-06
1.2819126595786656e-06
1.282692892345949e-06
1.3138788972355542e-06
1.1706208624673309e-06
1.346093313259189e-06
1.3684406212632894e-06
8.071175443546963e-07
1.2932033541801502e-06
1.366409037473204e-06
1.5751774071759428e-06
1.1576464657991892e-06
1.4389571560968761e-06
1.1218936606383068e-06
1.6519434211659245e-06
1.1982117484876653e-06
1.442175630472775e-06
8.288560593427974e-07
1.7444617697037756e-06
8.834632012622023e-07
1.5938287560857134e-06
1.2094935755158076e-06
1.461488864151761e-06
1.4186695125317783e-06
1.9074718693445902e-06
1.2310481452004751e-06
1.5943971902743215e-06
1.4490444755210774e-06
1.1982052683379152e-06
1.8363717799729784e-06
1.1984461707470473e-06
1.4192065691531752e-06
1.0774214160846896e-06
1.305690148001304e-06
1.331367116108595e-06
1.7489051060692873e-06
9.56713506639062e-07
1.3287115052662557e-06
1.1999118214589544e-06
1.2309965313761495e-06
1.7839188330981415e-06
9.566588232701179e-07
1.5110325648493017e-06
1.2227692423039116e-06
1.623769776415429e-06
1.0732894679676974e-06
1.7026803789121914e-06
1.1439475429142476e-06
1.6352112197637325e-06
1.5341857988460106e-06
1.484241806792852e-06
1.3746133618042222e-06
1.3562990943682962e-06
1.3838039194524754e-06
1.0960307008645032e-06
1.1593206181714777e-06
1.5834186797292205e-06
1.4467033224718762e-06
1.3814097883368959e-06
1.2681547332249465e-06
1.3307011386132217e-06
1.0584788014966762e-06
1.3527958344639046e-06
1.2268437785678543e-06
1.2133641575928777e-06
1.4885606560710585e-06
9.917393981595524e-07
9.60723355092341e-07
1.451739990443457e-06
1.0685292863854556e-06
1.0235980880679563e-06
1.2183460285086767e-06
1.40067720622028e-06
1.140566382673569e-06
1.4554564131685765e-06
1.0931989891105331e-06
1.6100206039482146e-06
9.561468914398574e-07
1.1371995469744434e-06
1.4411371012101881e-06
1.1521696023919503e-06
1.4676001001134864e-06
1.1367803836037638e-06
1.3749462368650711e-06
1.3137024552634102e-06
1.514569476057659e-06
1.2471173249650747e-06
1.4067696838537813e-06
1.029904865390563e-06
1.3537938912122627e-06
1.04559444480401e-06
1.0253349955746671e-06
1.3558562841353705e-06
1.0257906524202554e-06
1.3337185009731911e-06
1.2778622249243199e-06
1.1615545645327074e-06
1.2455670912459027e-06
9.80442905529344e-07
1.7994451582126203e-06
1.139919959314284e-06
1.4556183032254921e-06
1.0046683200926054e-06
1.047118530550506e-06
1.4041015674592927e-06
1.016232999972999e-06
1.1619828228504048e-06
1.4301140254247002e-06
1.2784299769919016e-06
1.4116078546067001e-06
1.1603378879954107e-06
1.4651425317424582e-06
9.231957847077865e-07
1.4116415059106657e-06
1.5008672562544234e-06
1.515752956038341e-06
1.0634587397362338e-06
1.6999426861730171e-06
1.127694986280403e-06
1.30827106659126e-06
1.4743858400834142e-06
1.1675467703753384e-06
1.3118140032020165e-06
1.1370832453394542e-06
1.6632183132969658e-06
1.2166181022621458e-06
1.416581994817534e-06
1.5317795032387949e-06
1.1512366882016067e-06
1.0618904298098641e-06
1.258276597582153e-06
1.495206447543751e-06
9.275179877477058e-07
1.3149584674465586e-06
1.2706883580904105e-06
1.1761463838411146e-06
1.3726029237659532e-06
1.1173767688887892e-06
1.0502358236408327e-06
1.4548731996910647e-06
1.1489858025015565e-06
1.2479373481255607e-06
9.74598151515238e-07
1.3088343848721706e-06
1.0481450090082944e-06
1.2976236121176044e-06
9.348190133096068e-07
1.2657403658522526e-06
1.0683664868338383e-06
1.4937947980797617e-06
9.849603657130501e-07
1.2832231277570827e-06
1.3562790854848572e-06
1.0683560276447679e-06
1.0321932677470613e-06
1.3536015330828377e-06
1.3474322031470365e-06
1.5183811683527892e-06
1.6057888387877028e-06
1.0137524668607512e-06
1.3071864941593958e-06
1.247429622708296e-06
1.22722371997952e-06
1.3983087683300255e-06
1.0670645451682503e-06
1.472091639698192e-06
1.313784650847083e-06
1.311545929638669e-06
1.211288690683432e-06
1.325185394307482e-06
9.503420983492106e-07
1.3482685972121544e-06
8.457791977889428e-07
1.2183628541606595e-06
1.165617732112878e-06
1.4973968518461334e-06
1.0798373750731116e-06
1.7809428527471027e-06
9.867441121969023e-07
1.3826924032400711e-06
1.0489658279766445e-06
1.3164099073037505e-06
9.361743877889239e-07
1.8765314280244638e-06
1.1748105634978856e-06
1.5926306105029653e-06
1.3850893765265937e-06
1.4973041970733902e-06
1.1035762099709245e-06
1.528808070361265e-06
8.865144991432317e-07
1.150690991380543e-06
1.4931713394616963e-06
1.2420762232068228e-06
1.0714373956943746e-06
1.4470989526671474e-06
1.3595880545835826e-06
1.6373716107409564e-06
1.867891228357621e-06
1.0092204547618167e-06
1.4311107179310056e-06
1.0489651458556182e-06
1.1388260645617265e-06
1.1514445077409619e-06
1.135382831307652e-06
1.0854878382815514e-06
1.3150107633919106e-06
9.9050703283865e-07
1.0373387340223417e-06
1.4947743238735711e-06
1.023987010739802e-06
1.5176084389167954e-06
1.0575749911367893e-06
1.3250195252112462e-06
1.1832731843242073e-06
1.1528907180036185e-06
1.1069306538047385e-06
1.1084470088462695e-06
1.2966806934855413e-06
1.6482119917782256e-06
1.0374111525379703e-06
1.0847338671737816e-06
1.1014323035851703e-06
8.995778557618905e-07
1.4824444178884733e-06
8.905417416826822e-07
1.481548565607227e-06
1.224337665917119e-06
1.3393267863648362e-06
1.3062045809419942e-06
1.0609339824441122e-06
1.6361631196559756e-06
9.204392767969694e-07
1.1638148862402886e-06
1.667676542638219e-06
1.3279263839649502e-06
1.0919317219304503e-06
1.2188079381303396e-06
1.4139346831143484e-06
7.737619398540119e-07
1.2370192052912898e-06
1.1860507811434218e-06
1.5690411601099186e-06
1.2320400628595962e-06
1.2684871535384445e-06
1.2977241112821503e-06
1.1308019338684971e-06
1.1858298876177287e-06
1.4477908507615211e-06
8.490528102811368e-07
1.6886169760255143e-06
1.132198235609394e-06
1.6909100395423593e-06
1.0350461252528476e-06
1.8635681726664188e-06
1.3434819265967235e-06
1.1440753269198467e-06
1.2398922990541905e-06
1.2103646440664306e-06
1.1064752243328257e-06
1.580040702719998e-06
9.900531949824654e-07
1.296437858400168e-06
1.1632970426944667e-06
1.4245480315366876e-06
9.982796882468392e-07
1.6087177527879248e-06
1.2590224969244446e-06
1.2364549775156775e-06
1.488535531279922e-06
1.467227434659435e-06
1.1399029062886257e-06
1.4406377886189148e-06
1.1367505976522807e-06
1.3607825621875236e-06
1.1389363407943165e-06
1.2680811778409407e-06
1.5844016161281615e-06
1.4103457033343147e-06
8.43862210331281e-07
1.4728543646924663e-06
1.098703251045663e-06
1.0376894579167129e-06
1.0698952337406809e-06
1.2422899544617394e-06
1.1061456461902708e-06
1.6031533505156403e-06
1.0703603265938e-06
1.1368351806595456e-06
1.0137758863493218e-06
1.152353888755897e-06
1.3975374031360843e-06
1.2521246617325232e-06
1.555697508592857e-06
8.989309208118357e-07
1.357878772978438e-06
1.4048648608877556e-06
1.4356761539602303e-06
1.032807631418109e-06
1.2074141295670415e-06
9.524669053462276e-07
1.1156923847011058e-06
1.2875851780336234e-06
1.4818231193203246e-06
1.2483341151892091e-06
1.8059909052681178e-06
1.133092155214399e-06
1.444082840862393e-06
1.0637957075232407e-06
1.0968346941808704e-06
8.466452072752872e-07
1.5060593341331696e-06
1.0695135870264494e-06
1.3470838666762575e-06
1.0032047157437773e-06
1.094796630241035e-06
1.4080469554755837e-06
1.4928396012692247e-06
9.98603240986995e-07
1.1383142464183038e-06
1.0329258657293394e-06
1.229667077495833e-06
1.2332402548054233e-06
1.5284596202036482e-06
8.723235396246309e-07
1.4035983895155368e-06
1.3612403790830285e-06
1.742377662594663e-06
1.0063641866508988e-06
1.1633433132374194e-06
1.2327807326073525e-06
1.5991265627235407e-06
9.468424764236261e-07
1.175584657175932e-06
1.170998984889593e-06
1.4655258837592555e-06
1.0968748256345862e-06
1.4244205885916017e-06
9.638083611207549e-07
1.127249902310723e-06
1.4050569916435052e-06
1.07355879208626e-06
1.2547782262117835e-06
8.812625083010062e-07
1.3991714240546571e-06
1.277500359719852e-06
1.1826791705971118e-06
1.2743307706841733e-06
1.2299977925067651e-06
1.133321688939759e-06
1.2637161717066192e-06
1.031312535815232e-06
1.2350357110335608e-06
1.3201898809711565e-06
1.053061282618728e-06
1.3159691434339038e-06
1.0258509064442478e-06
1.719989768389496e-06
9.597810048944666e-07
1.4156913721308229e-06
1.3683044244316989e-06
1.0953184528261772e-06
9.079828373614873e-07
1.4300376278697513e-06
1.2637980262297788e-06
1.3386269301918219e-06
1.526891082903603e-06
1.319348029937828e-06
1.288297994506138e-06
1.1017126553269918e-06
1.2026659987895982e-06
1.1839309763672645e-06
9.743109785631532e-07
1.5127363894862356e-06
1.0885098618018674e-06
1.3326329053597874e-06
1.1718799441950978e-06
1.3235818414614187e-06
9.472619808548188e-07
1.1297020137135405e-06
1.028384872370225e-06
1.255169649994059e-06
1.1942443052248564e-06
1.0409979722680873e-06
1.1757948641388793e-06
1.1899902574441512e-06
1.284370114262856e-06
1.130987811848172e-06
1.0943135748675559e-06
1.5266175523720449e-06
1.066909931068949e-06
1.5041956658023992e-06
1.3916031775806914e-06
1.0918347470578738e-06
1.0975800250889733e-06
9.782708048078348e-07
1.034019646795059e-06
1.349725039290206e-06
1.1196912055311259e-06
1.2419359336490743e-06
1.3043945727986284e-06
1.2404645985952811e-06
9.940073368852609e-07
1.137869048761786e-06
9.308907920058118e-07
1.2841991292589228e-06
1.3262942957226187e-06
1.181750803880277e-06
1.134775516220543e-06
1.3792238178211846e-06
9.95793129732192e-07
1.553506194795773e-06
1.2997527392144548e-06
1.0574747193459189e-06
1.3545845831686165e-06
8.514804790138442e-07
1.2724714224532363e-06
1.0856115295609925e-06
1.3805805565425544e-06
1.073751150215685e-06
1.3545450201490894e-06
9.681087931312504e-07
1.2085637308700825e-06
9.391029038852139e-07
1.4098222891334444e-06
1.1222917919440079e-06
1.3120719586368068e-06
9.330153716291534e-07
1.2722352948912885e-06
1.0069933296108502e-06
1.4598292636947008e-06
1.3420749382930808e-06
1.4784295672143344e-06
1.0206958904745989e-06
1.0218827810604125e-06
8.900777288545214e-07
1.4896370430506067e-06
1.3232209994384903e-06
1.2321362419243087e-06
9.030233059093007e-07
1.20677600534691e-06
1.0621438377711456e-06
1.206715978696593e-06
1.0835170769496472e-06
1.363428737022332e-06
1.0460678367962828e-06
1.0475773706275504e-06
1.835673174355179e-06
1.231211513186281e-06
1.324266122537665e-06
1.0264916454616468e-06
7.841998694857466e-07
1.4917042108208989e-06
1.0782794106489746e-06
1.7280381143791601e-06
1.13952296487696e-06
1.230771317750623e-06
8.9497478938938e-07
1.9010939240615699e-06
8.327530736096378e-07
1.3428134479909204e-06
1.1734181271094712e-06
9.908645779432845e-07
1.2712993111563264e-06
9.66105062616407e-07
1.4867408708596486e-06
1.1818229950222303e-06
1.2505654467531713e-06
1.171959070234152e-06
1.159028897745884e-06
1.7117289417001302e-06
1.0350397587899351e-06
9.595897836334188e-07
1.3711451174458489e-06
9.663475566412671e-07
1.0678301123334677e-06
1.0084429504786385e-06
1.3890642094338546e-06
9.320532967649342e-07
1.4202354350345558e-06
9.679494041847647e-07
1.2333827044130885e-06
1.1160100257257e-06
1.2653479188884376e-06
1.212963411489909e-06
9.991360911953961e-07
9.103255820264167e-07
1.3921894606028218e-06
9.83195377557422e-07
1.1543371556399507e-06
9.663931450631935e-07
1.2140761782575282e-06
1.045292606249859e-06
1.1070229675169685e-06
1.0601175972624333e-06
1.0083523420689744e-06
1.1118193015136058e-06
1.3918388503952883e-06
9.314857720710279e-07
1.2426595503711724e-06
9.429501801605511e-07
1.486148107687768e-06
1.2210675777168944e-06
1.6181546698135207e-06
1.1507221415740787e-06
9.461753052164568e-07
1.036809749166423e-06
1.212430106534157e-06
9.070157602764084e-07
1.4267601500250748e-06
1.0273347470501903e-06
1.003242800834414e-06
1.1533268207131187e-06
1.5739684613436111e-06
1.1322670161462156e-06
1.206441538670333e-06
1.1747993085009512e-06
1.5351471347457846e-06
1.220153421854775e-06
1.241153995579225e-06
1.269951440008299e-06
1.3603099660031148e-06
1.0797369895954034e-06
1.2889340723631904e-06
1.0205017133557703e-06
1.3758213981418521e-06
1.0114437145603006e-06
1.4166133723847452e-06
1.0045379212897387e-06
1.3543439081331599e-06
1.081652499124175e-06
1.048391823132988e-06
9.182244298244768e-07
1.259915052287397e-06
8.058075309236301e-07
1.1404218867028248e-06
9.63969227996131e-07
1.1168186802024138e-06
1.026580207508232e-06
1.2707675978163024e-06
1.0320939054508926e-06
1.3612306020149845e-06
1.0004860087065026e-06
9.970095788958133e-07
1.135149204856134e-06
1.088773046831193e-06
1.5040167227198253e-06
1.055685515893856e-06
1.1644094684015727e-06
1.0159047860724968e-06
1.3693831988348393e-06
9.840598522714572e-07
1.22952701531176e-06
1.3104202025715495e-06
1.0071524911836605e-06
9.534157356938522e-07
1.3360854609345552e-06
1.0028766155301128e-06
1.0220555850537494e-06
1.0159966450373759e-06
1.006702632366796e-06
1.1995600743830437e-06
1.099585688280058e-06
1.1947469147344236e-06
9.892538628264447e-07
1.043816382662044e-06
1.3281219253258314e-06
9.346919682684529e-07
1.1502264669616125e-06
8.685629495630565e-07
1.310288894273981e-06
1.0607493550196523e-06
1.009486595648923e-06
1.176788600787404e-06
1.2022093187624705e-06
9.914011798173306e-07
1.5575179759252933e-06
8.887694775694399e-07
1.1528713912412059e-06
1.0239397170153097e-06
1.1374328323654481e-06
8.999462011161086e-07
1.0500606322239037e-06
1.3502227602657513e-06
1.1243280368944397e-06
1.1240107369303587e-06
1.1178516388099524e-06
1.2833926348321256e-06
1.4495740288111847e-06
1.0930959888355574e-06
1.2771083675033879e-06
1.21130824481952e-06
1.1614803270276752e-06
1.1310700074318447e-06
8.650083600514336e-07
1.6130626363519696e-06
1.042455210154003e-06
1.23741688184964e-06
1.1155965466969064e-06
1.1931289236599696e-06
1.4739274547537207e-06
9.83385689323768e-07
1.067778498509142e-06
8.638070880806481e-07
1.3051907217231928e-06
9.246594459000335e-07
1.525559810033883e-06
1.095491711566865e-06
1.2395607882353943e-06
1.035123545989336e-06
1.1474089660623576e-06
1.4170890381137724e-06
9.830657745624194e-07
1.1006588920281501e-06
9.987953717427445e-07
1.019055389406276e-06
1.2228717878315365e-06
9.599729082765407e-07
1.2402690572344e-06
1.0267335710523184e-06
1.0208143521595048e-06
8.890708045328211e-07
1.1999261460005073e-06
1.0560986538621364e-06
1.3217263585829642e-06
1.0177084277529502e-06
1.2311118098295992e-06
1.063523200173222e-06
1.4262393506214721e-06
9.049405775840569e-07
1.2334969596849987e-06
9.520841217636189e-07
1.3421914673017454e-06
1.1958417189816828e-06
1.0706067996579804e-06
9.507126037533453e-07
1.1475650580905494e-06
9.73317014540953e-07
1.234334035871143e-06
1.2155915101175196e-06
1.3088483683532104e-06
1.0672805501599214e-06
1.162531589216087e-06
1.3152753126632888e-06
1.15067666683899e-06
9.760684633874916e-07
8.807777476249612e-07
1.0139876849279972e-06
1.2275571634745575e-06
1.2242282991792308e-06
8.296768214677286e-07
1.5791001715115272e-06
1.0548176305746892e-06
1.1926107390536345e-06
1.1894144336110912e-06
1.2563949667310226e-06
1.062857904798875e-06
1.4055895007913932e-06
1.0379742434452055e-06
1.1282384093647124e-06
1.0398745189377223e-06
1.1234239991608774e-06
1.1203951544302981e-06
1.361675117550476e-06
8.29884925224178e-07
1.2891160849903827e-06
1.0053902315121377e-06
1.0996103583238437e-06
1.1244862889725482e-06
8.613033060100861e-07
9.991147180699045e-07
1.032582986226771e-06
9.129641966865165e-07
1.2122878843001672e-06
9.826137556956382e-07
1.306684112023504e-06
9.573503803039785e-07
1.1821198313555215e-06
1.3222863799455808e-06
1.2098354318368365e-06
9.053900953404082e-07
1.0216315331490478e-06
1.2125059356549173e-06
1.491667376285477e-06
1.1343130381646915e-06
1.171815370071272e-06
9.750548315423657e-07
1.238417439708428e-06
9.59010208134714e-07
1.1476355439299368e-06
1.0298755341864307e-06
1.082667267837678e-06
9.523508310849138e-07
1.5692030501668341e-06
9.738521384861087e-07
1.2054242688464e-06
1.0958352731904597e-06
1.0076123544422444e-06
1.0971511983370874e-06
1.2810174894184456e-06
1.0296590744474088e-06
1.2467044143704697e-06
8.418812740274007e-07
1.0781307082652347e-06
1.0605208444758318e-06
1.2014885442113155e-06
8.309030476993939e-07
1.3362622439672123e-06
8.543030389773776e-07
1.1060407132390537e-06
1.0812968866957817e-06
1.2649534255615436e-06
9.6058818144229e-07
1.158402483270038e-06
8.533764912499464e-07
1.5197344964690274e-06
1.1203242138435598e-06
1.3943620160716819e-06
9.366355584461417e-07
1.5370072787845857e-06
8.487932063871995e-07
9.735379080666462e-07
9.838946652962477e-07
1.0608655429678038e-06
1.3274291177367559e-06
1.0898411346715875e-06
1.3135596645952319e-06
1.0289812735209125e-06
1.363582669000607e-06
8.953074370765535e-07
1.4833113937129383e-06
8.94597462774982e-07
1.1677306019919342e-06
7.576605298709183e-07
1.1245670066273306e-06
9.880667448669556e-07
1.5348714441643097e-06
8.68208644533297e-07
1.3023873179918155e-06
8.555906561014126e-07
1.410856043548847e-06
1.0745973213488469e-06
1.2247483027749695e-06
8.495561587551492e-07
1.4729947679370525e-06
9.60172087616229e-07
1.4847654483673978e-06
8.765781558395247e-07
1.53012263126584e-06
9.576313004799886e-07
1.2558535900097922e-06
9.041318094205053e-07
1.0749894272521487e-06
1.0863232091651298e-06
1.0624703463690821e-06
1.2017026165267453e-06
1.104395664697222e-06
1.4432911257244996e-06
8.924176881919266e-07
1.1053000434912974e-06
1.0122196272277506e-06
1.202164185087895e-06
7.861368658268475e-07
1.3333431070350343e-06
1.3473684248310747e-06
1.0161462569158175e-06
1.2580611610246706e-06
9.949689001587103e-07
1.1620441000559367e-06
1.187651150758029e-06
1.1673525932565099e-06
1.1193067166459514e-06
8.835454536892939e-07
9.109874099522131e-07
1.2273277434360352e-06
1.2105938367312774e-06
1.061842681338021e-06
1.2282741863600677e-06
1.1714357697201194e-06
9.337964570477197e-07
1.0773806025099475e-06
1.1064912541769445e-06
1.0018211469287053e-06
1.2392694088703138e-06
1.1552904197742464e-06
1.065702690539183e-06
1.3454208556140657e-06
9.560800435792771e-07
1.4535340824295417e-06
1.0835155990207568e-06
1.4813286952630733e-06
1.0772945415737922e-06
1.1157195558553212e-06
1.0389474027761025e-06
1.024594212140073e-06
1.092158072424354e-06
1.1963215911237057e-06
1.0263447620673105e-06
1.2568989404826425e-06
1.0823185903063859e-06
1.1210540833417326e-06
1.1351392004144145e-06
1.0069674090118497e-06
8.841923886393488e-07
1.3884866802982287e-06
1.0172807378694415e-06
8.940762086240284e-07
9.923921879817499e-07
1.170327209365496e-06
9.84023586170224e-07
1.4994649291111273e-06
1.323971332567453e-06
1.3296520364747266e-06
1.1048667829527403e-06
1.3178519111534115e-06
9.346364322482259e-07
1.204760678774619e-06
7.990326480467047e-07
1.0177792546528508e-06
1.204656996378617e-06
8.397127544412797e-07
1.3201654383010464e-06
9.525519431008433e-07
1.013540554595238e-06
1.0195703907811549e-06
1.0603440614431747e-06
1.0641959988788585e-06
1.176594992102764e-06
7.834650546101329e-07
1.3633496109832777e-06
9.871459951682482e-07
1.253416485269554e-06
8.188262654584832e-07
1.0378954584666644e-06
1.0510968877497362e-06
1.1331192126817768e-06
1.0358224926676485e-06
1.1767014029828715e-06
1.0281481763740885e-06
1.062234332493972e-06
1.008287995318824e-06
1.2936029634147417e-06
1.2481364137784112e-06
1.2953541954630055e-06
1.1987300467808382e-06
1.0327858035452664e-06
1.5769423953315709e-06
1.0502260465727886e-06
1.0896114872593898e-06
9.54684651333082e-07
9.399429927725578e-07
1.183383574243635e-06
1.2020976782878279e-06
9.993450476031285e-07
1.0054112635771162e-06
8.40597181195335e-07
1.2502185882112826e-06
1.0742381846284843e-06
9.734737886901712e-07
9.63517550189863e-07
1.172623115053284e-06
1.2571155139085022e-06
1.0164734476347803e-06
1.1476041663627257e-06
1.134786998591153e-06
8.545014225092018e-07
1.1651434306259034e-06
1.1540602145032608e-06
1.4089873729972169e-06
1.025290544021118e-06
1.2404613016769872e-06
1.1869350373672205e-06
1.2295220130909001e-06
1.138671905209776e-06
1.2280656846996862e-06
9.199905548484821e-07
1.4743774272574228e-06
9.011820338855614e-07
1.0569559663053951e-06
9.923912784870481e-07
1.0679117394829518e-06
9.340938049717806e-07
1.0691285297070863e-06
9.259257467419957e-07
1.1606716725509614e-06
1.1704242979249102e-06
9.363387221128505e-07
1.0815151654242072e-06
9.991694014388486e-07
1.5051401760501903e-06
9.287791158385517e-07
1.4904258023307193e-06
8.184161401914025e-07
1.3254863233669312e-06
1.0198499467151123e-06
1.1612012258410687e-06
5.861033969267737e-07
1.4064669358049287e-06
9.150573987426469e-07
1.4137256130197784e-06
1.0605054967527394e-06
1.0959086012007901e-06
1.069693439603725e-06
1.486989845034259e-06
9.84478560894786e-07
8.390296670768294e-07
1.0041478617495159e-06
1.190101443171443e-06
7.822927159395476e-07
1.1103112456112285e-06
1.072200916496513e-06
1.3317227285369881e-06
1.0067035418614978e-06
1.521479248367541e-06
7.893608540143759e-07
1.2014783123959205e-06
1.0691900342862937e-06
1.2268868658793508e-06
1.217633666783513e-06
1.7115989976446144e-06
9.589157343725674e-07
9.363749882140837e-07
8.255248644672974e-07
1.0262210707878694e-06
1.065072183337179e-06
1.1307093927825917e-06
1.1037274134650943e-06
1.4626676829720964e-06
1.2144370202804566e-06
1.2623830798474955e-06
9.412905228600721e-07
1.3140739838490845e-06
8.850762469592155e-07
1.0788476174639072e-06
1.0845096767297946e-06
1.1248655482631875e-06
1.3315852811501827e-06
1.0755883295132662e-06
1.1442284630902577e-06
8.238901045842795e-07
1.4950544482417172e-06
1.3132522553860326e-06
1.3329943158169044e-06
1.193539219457307e-06
1.1818888197012711e-06
9.43078873660852e-07
1.5109783362277085e-06
1.0928998790404876e-06
1.296827008445689e-06
1.2961622815055307e-06
8.452211091025674e-07
1.3658212765221833e-06
1.025471419779933e-06
1.2231025721121114e-06
1.247668478754349e-06
9.492933941146475e-07
1.2130599316151347e-06
9.845656450124807e-07
1.1499018910399172e-06
1.1203243275303976e-06
1.102401938624098e-06
1.1514790685396292e-06
1.0623309663060354e-06
9.952876780516817e-07
1.1126072649858543e-06
1.1907010275535868e-06
9.899489441522746e-07
1.11797351109999e-06
9.425882012692455e-07
1.2620959068954107e-06
1.0512836752241128e-06
1.2620857887668535e-06
7.656693696844741e-07
1.0145622582058422e-06
9.7575468771538e-07
1.0475280305399792e-06
1.2252662600076292e-06
1.1272467190792668e-06
8.095964290077973e-07
1.2750069799949415e-06
8.619599043413473e-07
1.2913639011458145e-06
1.0161714953937917e-06
1.652902938076295e-06
9.113430223806063e-07
1.1771755907830084e-06
1.115999793910305e-06
1.3237623761597206e-06
1.0461250212756568e-06
1.469762651140627e-06
1.0453745744598564e-06
1.3294771861183108e-06
1.0677980526452302e-06
9.087317494049785e-07
1.0835100283657084e-06
1.2924163002026035e-06
1.0332579449823243e-06
1.2515646403699066e-06
1.1697077297867509e-06
9.430391401110683e-07
9.182352300740604e-07
1.1375094572940725e-06
1.0532306760069332e-06
1.092318598239217e-06
1.0569503956503468e-06
9.966406651074067e-07
1.2967786915396573e-06
1.2861104323746986e-06
7.788269726916042e-07
1.446960709472478e-06
8.051736131164944e-07
1.252624201697472e-06
9.585270390743972e-07
9.770019460120238e-07
1.1345192660883185e-06
9.671608722783276e-07
9.557735438647796e-07
1.3727955092690536e-06
1.0880046374950325e-06
1.1094090268670698e-06
1.1891439726241515e-06
8.757291993788385e-07
1.2000660944977426e-06
1.1831676829388016e-06
1.0900915867750882e-06
1.037498691403016e-06
1.361003342026379e-06
8.53469771300297e-07
1.2142877494625282e-06
1.0537111165831448e-06
1.1292564749965095e-06
9.74725594460324e-07
1.1595997193580843e-06
1.6394820931964205e-06
9.883500524665578e-07
8.808918892100337e-07
1.3540504824050004e-06
1.193090383821982e-06
1.078995524039783e-06
9.84360895017744e-07
1.2338452961557778e-06
9.912581617754768e-07
9.034365575644188e-07
8.758012199905352e-07
1.312413701270998e-06
9.177413744509977e-07
1.1180426326973247e-06
1.0192491117777536e-06
8.050399742387526e-07
1.2907190694022574e-06
1.1403795951991924e-06
9.903468480843003e-07
1.647125145609607e-06
1.1584054391278187e-06
9.391185926688195e-07
1.3079004475002876e-06
9.988864348997595e-07
1.2794654367098701e-06
9.630730346543714e-07
1.1141814866277855e-06
1.0981436844303971e-06
9.762439958649338e-07
8.623030112175911e-07
1.4311344784800895e-06
9.646894341130974e-07
1.2430151627995656e-06
1.1678819191729417e-06
9.638721394367167e-07
7.728504556325788e-07
1.336493482995138e-06
1.0920756494670059e-06
1.2008002840957488e-06
9.303635692958778e-07
1.1866842442032066e-06
7.656585694348905e-07
1.1314082257740665e-06
1.0644677104210132e-06
1.2666056363741518e-06
1.1607296528381994e-06
1.192874719890824e-06
1.0722848173827515e-06
1.0852403420358314e-06
1.116772864406812e-06
8.529669344170543e-07
8.788328500486386e-07
1.0826798870766652e-06
8.704398624104215e-07
1.0613097174427821e-06
1.174707904283423e-06
9.35598109208513e-07
8.646325113659259e-07
1.5334613863160484e-06
8.017807999749493e-07
1.1724592923201271e-06
9.659759143687552e-07
1.19648154850438e-06
1.1239560535614146e-06
1.0569634696366847e-06
8.757803016123944e-07
1.1552021987881744e-06
1.0838828075065976e-06
9.748985121404985e-07
1.0557208725003875e-06
1.3952311519460636e-06
8.681364533913438e-07
1.1911962474187021e-06
1.1859034430017346e-06
1.3170554211683339e-06
1.2700758134087664e-06
1.3542833130486542e-06
8.395815598305489e-07
1.1211689070478315e-06
9.824593689700123e-07
1.288430667045759e-06
1.1415205563025665e-06
1.2844030834457953e-06
9.105352773985942e-07
1.127773884945782e-06
1.0262194791721413e-06
1.1217402970942203e-06
9.009455084196816e-07
1.2118074437239557e-06
1.0311739515600493e-06
1.077416754924343e-06
8.629781973468198e-07
9.374270462103595e-07
8.933934623200912e-07
1.1472030791992438e-06
9.7968165846396e-07
1.0671122936400934e-06
8.709961321073934e-07
9.97532879409846e-07
8.478070867568022e-07
1.1003315876223496e-06
1.1561223800526932e-06
9.971701047106762e-07
9.798245628189761e-07
1.1244268307564198e-06
8.698150963937223e-07
1.3797896372125251e-06
9.754697885000496e-07
9.902662441163557e-07
9.022138556247228e-07
1.3065360917607904e-06
9.899307542582392e-07
1.28448118630331e-06
1.0566197943262523e-06
9.651978416513884e-07
9.751256584422663e-07
1.2036608723065e-06
1.0892748605328961e-06
1.2090247309970437e-06
9.472765896134661e-07
1.0136255923498538e-06
9.477001867708168e-07
9.403987633049837e-07
1.1516177664816496e-06
8.32446289678046e-07
1.2157116771049914e-06
1.1249426279391628e-06
1.3062066273050732e-06
8.062619372140034e-07
1.130492819356732e-06
1.1220865872019203e-06
1.148818114415917e-06
1.40349095545389e-06
1.2241074500707327e-06
9.039927135745529e-07
1.5807333966222359e-06
1.1192364581802394e-06
1.2873375681010657e-06
1.2457628599804593e-06
1.1539558499862324e-06
8.603764740655606e-07
9.924298183250357e-07
8.26922132546315e-07
1.1419731436035363e-06
9.023406164487824e-07
1.1846013876493089e-06
1.2523727264124318e-06
1.0514552286622347e-06
9.348672165288008e-07
1.1012657523679081e-06
9.313936857324734e-07
1.1007118700945284e-06
7.295985255950654e-07
1.360610895062564e-06
8.865284257808526e-07
1.1379358966223663e-06
8.627129659544153e-07
1.147226271314139e-06
1.1979293503827648e-06
1.2735029031318845e-06
9.632012734073214e-07
1.1932448842344456e-06
1.1500831078592455e-06
1.2020524309264147e-06
1.0504866168048466e-06
8.840588634484448e-07
1.2849535551140434e-06
1.014182998915203e-06
1.0108584547197097e-06
8.654743623992545e-07
1.2002964240309666e-06
1.0273284942741157e-06
1.1172876384080155e-06
8.467005159218388e-07
1.0393738421043963e-06
9.156055966741405e-07
1.0451781236042734e-06
9.278508628085547e-07
1.252384890904068e-06
9.537599225950544e-07
8.61148976127879e-07
7.998768865036254e-07
1.4999292261563824e-06
8.399892976740375e-07
1.2816705066143186e-06
1.0826175866895937e-06
1.1033459941245383e-06
9.809568837226834e-07
1.2243039009263157e-06
7.868305260672059e-07
1.2754348972521257e-06
7.019366989879927e-07
1.16983551379235e-06
1.1601174492170685e-06
8.347493007931917e-07
1.1204814427401288e-06
1.0155017662327737e-06
1.4440732911680243e-06
9.98115183392656e-07
1.1086026461271103e-06
1.0541060646573897e-06
1.0982444109686185e-06
9.031859917740803e-07
1.5064166518641287e-06
1.0751272156994673e-06
1.4147343563308823e-06
1.0997426898029516e-06
9.872459258986055e-07
8.433509606220468e-07
1.3394846973824315e-06
8.127195201268478e-07
9.626955943531357e-07
1.3974937473903992e-06
1.0262687055728748e-06
1.1614788490987848e-06
6.845873485872289e-07
1.4322547485789983e-06
1.151914489128103e-06
1.215982592839282e-06
7.534677024523262e-07
1.0478796639290522e-06
9.758401802173466e-07
1.1652206239887164e-06
1.1071226708736503e-06
9.225393569067819e-07
1.2934062851854833e-06
8.448645303360536e-07
1.1239454806855065e-06
8.42823283164762e-07
1.2837288068112684e-06
1.149357217400393e-06
1.2700500064966036e-06
8.706174412509426e-07
1.4163822470436571e-06
9.509006417829369e-07
1.02344870356319e-06
1.0012220172939124e-06
1.1973709206358762e-06
9.48193417116272e-07
1.3890776244807057e-06
9.879356639430625e-07
1.0872610118894954e-06
1.4271656709752278e-06
1.1688375707308296e-06
9.058553587237839e-07
1.2949266192663345e-06
9.433941841052729e-07
1.0622757145029027e-06
1.2595678526849952e-06
1.2184132174297702e-06
9.881198366201716e-07
8.195244163289317e-07
1.2484778153520892e-06
1.0797486993396888e-06
1.006996285468631e-06
1.2053816362822545e-06
1.343860731140012e-06
1.1485240065667313e-06
9.67781829785963e-07
1.0222610171695123e-06
1.0153572702620295e-06
9.545864259052905e-07
1.099920154956635e-06
1.0921612556558102e-06
1.0703348607421503e-06
1.0307586535418523e-06
9.202183264278574e-07
1.424546667294635e-06
1.1283493677183287e-06
1.4606736158384592e-06
8.877964887687995e-07
8.729480214242358e-07
1.1622913689279812e-06
1.0017148497354356e-06
1.4122856555331964e-06
1.0429088206365122e-06
9.559490763422218e-07
9.840687198447995e-07
1.0813097333084443e-06
9.511532539363543e-07
1.3391894526648684e-06
9.941907137545059e-07
1.1313047707517399e-06
9.32980015022622e-07
1.076727016879886e-06
1.1420776218074025e-06
1.1873253242811188e-06
7.56183510475239e-07
1.0410333288746187e-06
1.120637762141996e-06
8.302845344587695e-07
9.469639508097316e-07
9.378905474477506e-07
1.2848255437347689e-06
1.1352614137649653e-06
9.013252224576718e-07
7.77593299972068e-07
1.0611375955704716e-06
9.130564535553276e-07
1.2396774309308967e-06
9.835573564487277e-07
1.2307187944315956e-06
1.0704208079914679e-06
8.930497870096588e-07
1.046444253915979e-06
7.234910412989848e-07
1.0982092817357625e-06
8.932464652389172e-07
1.136831770054414e-06
1.1744311905204086e-06
1.5390610315080266e-06
1.0633852980390657e-06
9.000848990581289e-07
9.686050361779053e-07
1.01263231044868e-06
1.0336319746784284e-06
7.174074312388257e-07
1.0689825558074517e-06
9.326431040790339e-07
1.1479456816232414e-06
1.2982945918338373e-06
1.1423292107792804e-06
1.2988037951799924e-06
1.047403998200025e-06
1.1718641417246545e-06
1.0862434010050492e-06
1.1658656831059488e-06
8.258343768829945e-07
1.1457294704086962e-06
9.058696832653368e-07
9.139361054621986e-07
8.55009375300142e-07
1.0517151167732663e-06
7.900568448349077e-07
1.2305026757530868e-06
1.0531182397244265e-06
1.2016649861834594e-06
1.0071674978462397e-06
1.2255438832653454e-06
1.043919269250182e-06
1.3318020819497178e-06
8.545673608750803e-07
9.923448942572577e-07
1.271257815460558e-06
7.843455591682869e-07
1.058805992215639e-06
1.1717240795405814e-06
1.033571720654436e-06
1.0046903753391234e-06
1.3897875987822772e-06
9.413225825483096e-07
9.742504971654853e-07
1.039964899973711e-06
9.827689382291283e-07
1.0357513247072347e-06
8.49368404942652e-07
1.4880232583891484e-06
8.230973094214278e-07
1.1877637007273734e-06
1.020918830363371e-06
1.2411336456352728e-06
9.233460218638356e-07
1.1571063396331738e-06
9.679355343905627e-07
1.062759565684246e-06
6.665036380582023e-07
1.3626904546981677e-06
9.328685450782359e-07
1.4473873761744471e-06
7.92357923273812e-07
1.248023409061716e-06
9.084183716367988e-07
1.055986558640143e-06
1.1130961183880572e-06
1.3793840025755344e-06
9.965933713829145e-07
9.495155381955556e-07
1.3588655747298617e-06
1.175221200355736e-06
8.883625923772343e-07
9.441502584195405e-07
9.338577910966706e-07
1.0493149602552876e-06
1.170689415630477e-06
1.2996057421332807e-06
9.662032880441984e-07
1.0178121101489523e-06
1.3020319329370977e-06
8.851509960550175e-07
1.0301307611371158e-06
1.2237799182912568e-06
8.751478048907302e-07
9.578129720466677e-07
8.413252317041042e-07
1.2853246289523668e-06
9.697573659650516e-07
1.094235926757392e-06
1.1459993629614473e-06
1.148418732555001e-06
8.375364473067748e-07
1.4052737924430403e-06
8.644107651889499e-07
1.2547104688565014e-06
1.0977352076224633e-06
1.0167478876610403e-06
1.2225010550537263e-06
8.710657652954978e-07
1.3576000128523447e-06
1.1926742899959208e-06
9.41195423820318e-07
1.0304572697350523e-06
1.1165207070007455e-06
1.2023456292808987e-06
8.956090482570289e-07
1.154943902292871e-06
1.0403423402749468e-06
9.778400453797076e-07
1.258656425306981e-06
9.64449441198667e-07
1.1040781373594655e-06
8.890925187188259e-07
9.907673756970325e-07
8.096441206362215e-07
1.1006790145984269e-06
8.038616670091869e-07
1.1567940418899525e-06
8.529415254088235e-07
1.103057343243563e-06
1.148835735875764e-06
1.5611615253874334e-06
7.829876835785399e-07
1.1881332966368063e-06
8.316989124068641e-07
1.0291673788742628e-06
8.943562761487556e-07
1.0576893600955373e-06
8.995336315820168e-07
1.140095150731213e-06
1.1100448773504468e-06
1.2439304555300623e-06
1.2915173783767386e-06
1.2412276646500686e-06
9.629471833250136e-07
1.043755901264376e-06
1.0221004913546494e-06
8.759375305089634e-07
9.45575720834313e-07
1.125850758398883e-06
7.160466566347168e-07
1.2769905879395083e-06
9.447063007428369e-07
8.67248161284806e-07
1.1259754728598637e-06
9.713901363284094e-07
1.2848785218011471e-06
9.004943990476022e-07
9.477690809944761e-07
1.149729655480769e-06
1.1104334589617793e-06
1.1395571846151142e-06
8.634684149910754e-07
9.717776947582024e-07
9.86011627901462e-07
1.310403263232729e-06
8.811262546259968e-07
1.1521242413436994e-06
9.254684982806793e-07
1.0321000445401296e-06
1.0166293122892966e-06
1.1125006267320714e-06
9.312388442594965e-07
1.0829141956492094e-06
8.177956942745368e-07