45.676917
59.824281
68.270767
73.851837
72.813498
77.076677
77.336262
79.343051
81.419728
81.339856
82.308307
78.214856
80.650958
82.767572
82.987220
83.536342
84.045527
82.977236
84.734425
84.564696
84.934105
84.135383
84.914137
86.212061
84.125399
84.874201
84.145367
85.083866
85.992412
85.832668
86.511581
86.611422
86.491613
86.032348
85.652955
84.594649
83.007188
85.672923
86.112220
86.112220
86.671326
86.731230
86.212061
85.992412
86.920927
86.511581
85.752796
86.281949
86.861022
84.534744
86.741214
85.752796
85.872604
86.341853
84.544728
86.841054
86.801118
86.631390
86.541534
86.202077
87.160543
88.029153
87.320288
87.480032
87.969249
87.240415
87.929313
86.721246
85.682907
87.290335
85.313498
86.072284
86.491613
86.940895
86.671326
87.110623
85.493211
87.919329
88.228834
86.890974
88.019169
90.934505
91.074281
91.403754
91.393770
91.613419
91.733227
91.683307
91.553514
91.783147
91.513578
91.743211
91.503594
91.633387
91.623403
91.753195
91.593450
91.463658
91.683307
91.623403
91.793131
91.383786
91.853035
91.623403
91.683307
91.873003
91.743211
91.703275
91.553514
91.703275
91.353834
91.343850
91.413738
91.144169
91.403754
91.423722
91.523562
91.463658
91.693291
91.144169
91.733227
91.663339
91.853035
91.713259
91.783147
91.882987
91.962859
91.962859
92.042732
92.112620
92.142572
92.072684
92.082668
92.092652
92.112620
92.022764
92.052716
92.092652
92.172524
92.102636