30.601038
36.990815
33.985623
47.793530
47.513978
52.715655
57.048722
56.878994
60.942492
58.546326
66.942891
68.430511
69.978035
63.358626
69.578674
73.352636
71.785144
68.121006
71.435703
68.949681
67.422125
71.216054
61.771166
74.860224
74.760383
77.875399
75.828674
71.265974
71.226038
74.341054
74.101438
77.346246
73.722045
73.841853
74.081470
74.970048
78.065096
74.211262
71.285942
76.996805
80.501198
76.926917
78.005192
78.724042
77.885383
80.720847
76.407748
80.760783
74.341054
79.103435
78.374601
80.281550
75.768770
77.805511
78.584265
77.525958
78.424521
78.863818
79.373003
80.001997
78.554313
76.437700
77.066693
75.828674
77.815495
78.025160
78.753994
78.115016
78.734026
78.514377
81.998802
80.660942
82.238419
75.539137
75.509185
74.341054
80.131789
80.970447
80.431310
76.337859
76.407748
87.210463
87.999201
88.458466
88.508387
88.837859
88.588259
89.287141
89.566693
89.686502
89.716454
90.135783
89.726438
89.896166
90.135783
89.736422
89.506789
90.185703
89.906150
89.626597
89.576677
89.686502
89.756390
89.456869
89.347045
89.536741
89.516773
89.576677
89.626597
89.536741
89.466853
89.536741
89.746406
89.836262
90.115815
89.317093
88.957668
89.616613
89.466853
89.396965
88.957668
89.147364
90.634984
91.004393
91.094249
90.984425
91.064297
91.054313
91.084265
91.074281
91.134185
91.154153
91.004393
91.034345
91.114217
91.164137
91.144169
91.194089
91.074281
91.244010