15.001978
28.045886
25.534019
19.877373
29.034810
33.949763
37.856013
40.397547
46.756329
49.011076
47.982595
52.106408
50.187896
52.818434
54.024921
56.724684
57.209256
59.582674
61.876978
62.945016
55.686313
62.331883
62.381329
64.675633
63.716377
65.357991
66.910601
66.999604
69.729035
71.884889
71.756329
71.558544
73.971519
74.040744
69.551028
76.631725
73.071598
74.584652
73.585839
77.076741
75.791139
74.861551
77.650316
78.105222
78.144778
77.066851
73.041930
75.385680
77.343750
76.898734
80.023734
78.777690
80.409415
70.371835
81.526899
78.856804
81.457674
78.401899
82.189478
80.092959
81.180775
82.219146
80.923655
78.659019
82.298259
82.822389
79.934731
79.944620
77.808544
82.229035
78.609573
80.132516
79.974288
83.415744
79.677611
82.397152
82.367484
80.963212
82.842168
84.137658
83.376187
86.441851
86.748418
87.262658
87.312104
87.262658
87.371440
87.321994
87.500000
87.361551
87.371440
87.232991
87.450554
87.420886
87.589003
87.539557
87.618671
87.470332
87.519778
87.509889
87.589003
87.500000
87.608782
87.648339
87.786788
87.826345
87.717563
87.747231
87.569225
87.707674
87.717563
87.875791
87.658228
87.786788
87.737342
87.895570
87.836234
87.796677
87.786788
87.846123
87.905459
87.905459
87.935127
87.915348
88.053797
87.925237
87.885680
88.024130
88.014241
88.053797
87.954905
87.994462
87.984573
87.974684
88.004351
88.004351
87.925237
87.945016