37.240415
37.759585
46.285942
57.208466
59.145367
64.267173
66.683307
70.427316
71.106230
74.900160
75.668930
73.172923
79.822284
78.773962
70.856629
82.008786
77.086661
81.739217
78.654153
78.614217
77.715655
82.348243
78.584265
79.912141
81.509585
84.015575
83.396565
83.396565
79.762380
82.527955
83.995607
84.794329
85.852636
78.873802
80.750799
83.556310
85.393371
83.176917
86.571486
86.461661
86.192093
85.453275
86.880990
87.659744
85.043930
84.365016
86.371805
86.162141
87.130591
84.454872
85.962460
85.862620
85.802716
86.042332
86.341853
85.023962
85.113818
87.749601
87.250399
87.569888
86.042332
87.639776
85.003994
84.055511
86.900958
88.498403
87.709665
87.020767
87.190495
86.920927
87.659744
86.990815
87.390176
85.463259
87.939297
87.000799
85.952476
87.360224
87.390176
86.421725
87.899361
90.405351
90.714856
90.824681
90.814696
90.904553
90.884585
90.994409
90.964457
90.914537
90.834665
91.024361
90.954473
90.974441
90.984425
91.214058
91.104233
90.984425
91.044329
91.104233
91.104233
90.984425
91.034345
91.044329
91.044329
90.794728
90.924521
91.014377
91.014377
91.064297
91.094249
90.894569
90.894569
90.914537
90.954473
91.054313
90.784744
90.914537
91.154153
90.834665
90.934505
90.964457
90.834665
91.144169
91.124201
91.044329
91.124201
91.174121
91.064297
91.154153
91.134185
91.064297
91.034345
91.064297
90.984425
91.044329
91.194089
91.044329
90.964457
90.934505