31.439092
45.989252
46.178344
66.062898
51.482882
63.694268
71.367436
73.666401
78.353901
79.040605
79.349124
81.538615
81.389331
80.483678
81.259952
80.981290
80.593153
83.021497
81.568471
82.613455
83.857484
84.215764
85.071656
80.752389
85.111465
81.160430
85.708599
81.747611
84.812898
83.419586
82.474124
83.459395
84.504379
84.325239
86.126592
84.225717
87.201433
83.638535
83.529061
86.892914
86.564490
86.116640
87.619427
85.688694
86.007166
85.031847
86.574443
86.534634
85.837978
82.344745
86.534634
86.952627
86.644108
87.728901
86.644108
85.818073
84.225717
86.584395
83.867436
86.773487
87.121815
86.932723
85.201035
86.753583
86.395303
84.852707
87.509952
86.713774
88.017516
87.539809
87.549761
88.445462
87.410430
85.519506
86.405255
88.355892
86.614252
86.355494
87.141720
87.310908
87.629379
90.445860
90.744427
90.724522
90.873806
90.893710
90.943471
90.833997
90.873806
90.804140
90.993232
90.993232
90.843949
91.042994
91.033041
90.983280
90.893710
90.923567
91.013137
90.853901
90.843949
90.843949
90.814092
90.863854
90.724522
90.734475
91.102707
90.913615
90.804140
90.853901
90.734475
91.042994
91.023089
90.873806
90.734475
90.654857
90.744427
90.694666
90.644904
90.903662
90.933519
90.824045
90.883758
90.963376
90.824045
90.923567
90.863854
90.883758
90.963376
90.953424
90.963376
90.983280
90.903662
91.092755
91.003185
90.933519
90.943471
91.072850
91.023089