33.126997
42.092652
51.138179
57.108626
63.168930
64.626597
68.740016
72.883387
74.061502
66.204073
70.976438
77.066693
77.545927
81.699281
82.228435
79.173323
80.171725
81.759185
79.742412
77.975240
81.030351
84.135383
85.453275
83.017173
82.827476
82.957268
83.755990
82.288339
85.732827
84.984026
82.478035
84.464856
84.604633
84.984026
84.025559
84.924121
83.785942
87.180511
84.045527
83.965655
84.844249
84.804313
85.433307
86.321885
76.497604
85.173722
85.742812
85.583067
86.391773
84.824281
87.689696
86.851038
83.676118
84.155351
84.974042
87.619808
86.841054
84.005591
85.992412
82.897364
84.604633
83.396565
86.950879
86.261981
86.920927
87.500000
84.295128
87.050719
87.599840
86.491613
86.781150
85.972444
87.709665
83.955671
86.242013
86.052316
86.691294
87.170527
86.900958
86.102236
87.809505
90.285543
90.734824
90.754792
90.684904
90.764776
90.694888
90.974441
90.914537
91.004393
90.914537
90.824681
91.024361
90.994409
91.144169
91.174121
91.024361
90.874601
90.914537
91.164137
90.854633
91.044329
90.954473
90.944489
91.104233
90.824681
91.044329
90.834665
90.824681
91.144169
90.994409
91.024361
90.804712
90.914537
90.904553
90.814696
90.804712
90.884585
90.964457
90.864617
90.934505
90.884585
90.994409
91.084265
91.164137
90.954473
91.004393
91.104233
91.084265
91.044329
91.054313
91.084265
91.104233
91.014377
91.004393
91.084265
91.184105
91.124201
91.114217
91.253994