31.020367
47.454073
38.438498
63.907748
66.383786
66.503594
76.777157
79.193291
77.545927
78.035144
80.151757
81.449681
81.339856
82.148562
80.920527
83.136981
84.724441
82.218450
84.045527
84.844249
81.819089
81.319888
83.586262
84.145367
82.627796
83.835863
85.423323
84.734425
86.920927
81.829073
86.072284
86.301917
86.930911
84.914137
85.662939
82.937300
86.481629
85.852636
86.841054
85.603035
86.801118
87.609824
86.691294
86.122204
87.100639
84.225240
88.029153
86.890974
88.039137
87.450080
86.741214
85.483227
86.980831
85.862620
86.162141
86.950879
86.980831
87.180511
86.731230
87.490016
87.220447
86.990815
85.473243
87.969249
87.260383
87.410144
86.811102
88.358626
85.932508
87.919329
86.801118
85.603035
86.771166
88.338658
86.601438
87.699681
87.240415
87.949281
87.310304
86.541534
88.348642
90.874601
91.104233
90.974441
91.104233
90.814696
90.924521
91.084265
90.994409
90.954473
91.044329
91.134185
91.164137
91.044329
91.044329
91.024361
91.074281
90.924521
91.244010
91.074281
90.814696
90.984425
90.884585
90.894569
91.194089
90.804712
91.144169
90.884585
90.904553
91.234026
90.954473
91.054313
90.994409
90.714856
90.734824
90.884585
90.984425
91.064297
90.814696
91.154153
90.894569
90.834665
91.004393
91.114217
91.094249
91.034345
91.094249
91.024361
91.104233
91.064297
91.094249
91.084265
91.084265
91.084265
91.124201
90.974441
91.144169
91.094249
90.924521
91.034345