24.910997
10.354035
20.589399
18.492880
28.827136
32.525712
37.173655
34.434335
41.683149
44.343354
43.888449
44.669699
43.463212
47.359573
52.600870
50.217563
55.656646
54.460047
54.687500
58.326741
63.063687
65.031646
61.689082
67.939082
64.171282
63.093354
73.190269
68.117089
75.049446
76.522943
74.554984
73.368275
75.128560
75.089003
73.417722
68.670886
76.878956
80.893987
79.133703
77.808544
74.812104
82.535601
82.446598
81.675237
82.337816
79.015032
81.962025
81.922468
82.772943
80.340190
81.734573
82.832278
83.287184
84.009098
81.398339
84.572785
84.632120
81.596123
83.405854
83.247627
83.514636
83.297073
85.502373
85.630934
84.562896
86.155063
86.837421
85.482595
85.423259
85.166139
85.235364
85.007911
86.639636
87.410997
87.519778
85.185918
86.234177
86.669304
87.796677
87.519778
85.136472
90.328323
90.535997
90.516218
90.882120
90.763449
90.743671
90.634889
90.901899
90.882120
90.832674
90.822785
90.743671
90.714003
90.892009
90.911788
90.941456
90.872231
90.892009
90.704114
90.872231
90.832674
90.763449
90.882120
90.694225
90.832674
90.921677
90.803006
90.951345
90.901899
90.892009
90.921677
90.694225
90.981013
90.872231
91.030459
90.793117
90.674446
90.605222
90.743671
90.753560
90.714003
90.812896
90.723892
90.743671
90.892009
90.911788
90.822785
90.812896
90.793117
90.704114
90.911788
90.822785
90.872231
90.862342
90.941456
90.704114
90.872231