50.930000
55.280000
68.240000
71.820000
73.910000
74.900000
80.080000
80.810000
81.690000
78.590000
83.060000
82.390000
82.140000
83.770000
84.840000
84.410000
79.870000
83.830000
78.420000
86.080000
83.630000
84.990000
84.840000
86.270000
85.270000
84.350000
83.880000
86.330000
84.400000
86.460000
86.400000
84.860000
85.230000
86.630000
87.190000
87.410000
84.740000
87.610000
86.070000
86.820000
86.010000
88.260000
85.570000
86.780000
86.910000
86.230000
86.610000
84.510000
85.320000
87.460000
86.440000
86.040000
84.110000
88.090000
87.180000
85.310000
86.420000
87.000000
83.830000
87.660000
87.760000
88.090000
86.650000
87.920000
88.470000
88.470000
86.660000
88.020000
86.610000
85.560000
87.750000
86.970000
86.080000
86.840000
87.030000
88.370000
85.700000
82.510000
87.870000
86.650000
87.710000
90.860000
91.070000
91.100000
91.120000
91.010000
91.470000
91.320000
91.190000
91.450000
91.420000
91.360000
91.480000
91.430000
91.190000
91.530000
91.470000
91.330000
91.420000
91.670000
91.130000
91.630000
91.130000
91.470000
91.530000
91.510000
91.590000
91.570000
91.540000
91.570000
91.580000
91.710000
91.470000
91.330000
91.420000
91.420000
91.500000
91.230000
91.630000
91.800000
91.420000
91.500000
91.700000
91.690000
91.700000
91.860000
91.720000
91.870000
91.750000
91.720000
91.910000
91.810000
91.850000
91.960000
91.850000
91.880000
91.820000
91.790000
91.720000
91.810000