55.320411
50.365902
68.304984
72.685918
73.378165
79.469937
80.804984
81.190665
84.869462
80.854430
83.504747
85.116693
83.831092
86.352848
86.708861
87.321994
88.538370
85.808940
87.331883
88.212025
85.957278
88.182358
87.361551
88.320807
87.401108
88.627373
87.509889
87.509889
88.953718
88.281250
89.082278
88.844937
89.181171
89.131725
89.942642
89.369066
89.972310
89.804193
89.922864
88.488924
89.626187
89.685522
87.816456
89.823972
89.794304
90.071203
89.566851
87.045095
90.110759
88.469146
89.260285
89.092168
89.359177
90.852453
90.140427
90.249209
90.209652
89.883307
90.239320
89.121835
89.912975
89.349288
90.209652
90.911788
89.754747
90.526108
90.051424
91.099684
89.636076
88.884494
90.160206
91.010680
90.357991
90.417326
89.883307
90.268987
90.901899
90.783228
90.021756
89.912975
90.318434
92.118275
92.187500
92.405063
92.474288
92.513845
92.622627
92.731408
92.711630
92.840190
92.741297
92.652294
92.869858
92.830301
92.988528
92.840190
92.800633
92.850079
92.948972
93.018196
92.958861
92.929193
92.958861
92.998418
92.899525
93.008307
93.067642
93.176424
92.889636
93.087421
93.087421
93.275316
93.117089
92.988528
93.037975
93.057753
93.028085
93.087421
92.978639
92.899525
92.879747
93.028085
93.077532
93.037975
92.948972
92.968750
93.028085
93.008307
92.978639
92.978639
92.929193
93.037975
93.018196
93.018196
92.988528
93.028085
92.988528
93.008307
93.107199