14.482422
17.509766
23.447266
18.017578
19.560547
21.621094
30.126953
33.935547
36.279297
35.458984
34.316406
39.160156
39.316406
40.156250
44.521484
42.802734
45.937500
44.296875
45.390625
45.615234
49.589844
51.347656
52.626953
49.033203
50.888672
50.615234
54.990234
51.904297
50.546875
55.058594
53.789062
53.974609
57.666016
57.294922
57.861328
53.320312
54.833984
61.982422
61.220703
60.888672
62.324219
62.919922
63.271484
61.191406
65.253906
58.886719
64.150391
65.908203
65.117188
64.765625
64.726562
63.583984
65.449219
65.332031
66.074219
65.312500
67.968750
68.671875
69.785156
65.537109
68.115234
69.111328
69.931641
70.888672
65.898438
72.617188
71.425781
70.664062
70.595703
68.642578
74.003906
72.753906
72.441406
75.322266
75.732422
72.763672
76.787109
74.384766
73.378906
75.380859
77.275391
80.546875
80.986328
81.347656
81.591797
81.601562
81.523438
81.669922
81.943359
81.884766
81.894531
81.904297
82.070312
81.992188
82.119141
82.080078
82.343750
82.060547
82.324219
82.509766
82.500000
82.255859
82.441406
82.294922
82.382812
82.617188
82.490234
82.626953
82.714844
82.617188
82.646484
82.675781
82.714844
82.851562
82.695312
82.568359
82.529297
82.734375
82.832031
82.880859
82.851562
82.744141
82.841797
82.832031
82.763672
82.832031
82.792969
82.871094
82.822266
82.900391
82.880859
82.851562
82.910156
82.890625
82.958984