46.172864
48.477057
57.861946
72.161788
69.432358
70.975079
81.823576
80.666535
83.267405
85.344146
79.420491
85.363924
85.700158
86.412184
84.345332
85.947389
83.712421
86.451741
85.225475
86.985759
88.202136
87.341772
87.094541
88.014241
86.827532
85.265032
87.856013
86.342959
87.826345
86.422073
88.647152
88.439478
87.232991
89.082278
88.053797
88.854826
89.220728
87.242880
89.191060
88.459256
89.210839
87.717563
88.627373
89.141614
88.142801
88.874604
89.121835
88.261472
89.715190
90.644778
88.973497
89.111946
89.992089
89.369066
89.230617
89.369066
90.535997
89.843750
89.547073
90.021756
89.823972
90.714003
90.555775
89.349288
90.071203
90.694225
89.428402
90.585443
89.982199
89.250396
90.793117
90.229430
90.090981
90.446994
90.338212
90.100870
89.200949
90.268987
90.615111
89.912975
90.061313
92.454509
92.592959
92.672073
92.810522
92.721519
92.830301
92.770965
92.820411
92.830301
92.731408
92.780854
92.810522
92.751187
92.919304
93.077532
92.919304
92.929193
92.919304
92.948972
92.899525
92.948972
93.028085
92.909415
92.939082
92.948972
93.037975
93.067642
93.077532
93.077532
93.018196
92.978639
93.008307
92.998418
93.077532
93.107199
93.008307
93.018196
93.077532
92.948972
92.998418
92.948972
92.879747
92.978639
93.037975
92.968750
93.067642
92.948972
92.939082
92.939082
92.919304
92.929193
93.107199
93.008307
93.057753
93.057753
92.968750
92.988528