38.458466
54.263179
55.221645
66.663339
75.628994
75.219649
77.436102
79.113419
76.108227
78.274760
81.329872
82.507987
77.545927
80.601038
82.058706
81.309904
82.727636
81.210064
83.915735
81.659345
85.702875
82.488019
81.659345
85.283546
86.271965
82.957268
83.785942
85.613019
85.013978
84.394968
85.722843
86.122204
86.970847
86.251997
86.142173
85.902556
86.641374
86.232029
84.135383
87.500000
86.331869
84.255192
86.940895
87.330272
85.443291
85.802716
85.153754
86.291933
87.300319
86.880990
87.160543
86.331869
87.160543
87.490016
82.857428
83.696086
86.571486
88.458466
87.559904
85.992412
86.271965
87.200479
87.470048
86.411741
87.280351
86.441693
87.210463
86.301917
87.020767
87.440096
87.430112
86.311901
86.801118
87.579872
85.573083
88.009185
86.761182
86.970847
86.970847
87.609824
86.431709
90.345447
90.804712
91.084265
90.974441
90.784744
90.744808
90.984425
90.974441
90.914537
90.954473
91.004393
91.004393
91.104233
90.874601
91.144169
91.034345
91.064297
90.794728
90.954473
91.034345
90.874601
90.934505
91.074281
91.114217
90.934505
90.804712
90.804712
90.994409
90.924521
90.814696
91.014377
90.814696
91.094249
90.854633
90.914537
91.014377
91.303914
90.864617
91.184105
90.894569
90.924521
91.044329
91.084265
91.074281
91.014377
90.884585
91.034345
91.014377
91.054313
91.124201
91.014377
91.204073
91.034345
91.054313
91.024361
91.244010
91.104233
91.154153
91.094249