28.473328
28.941083
23.298169
35.638933
47.123806
48.029459
56.827229
59.593949
57.434315
62.400478
63.684315
64.769108
63.714172
67.774682
66.431131
66.918790
68.779857
73.895303
76.363455
74.412818
75.835987
77.219347
76.821258
73.248408
79.000796
77.697054
76.861067
75.766322
75.228901
74.263535
78.224522
78.493232
78.433519
80.881768
82.145701
81.648089
81.717755
79.657643
77.935908
80.593153
80.672771
80.792197
83.568869
82.673169
84.733280
79.100318
81.837182
83.011545
82.215366
83.459395
82.503981
84.036624
83.927150
82.822452
81.299761
80.075637
84.544188
81.847134
83.160828
85.907643
84.494427
84.146099
86.136545
84.434713
85.499602
86.096736
86.365446
85.061704
85.210987
85.330414
84.852707
86.385350
85.230892
84.802946
86.435111
85.847930
83.588774
85.887739
86.843153
84.922373
86.375398
89.072452
89.450637
89.709395
89.689490
89.739252
89.729299
89.759156
89.898487
89.808917
90.007962
89.858678
89.749204
89.798965
89.580016
89.868631
89.749204
89.828822
89.749204
89.699443
89.848726
89.779061
89.709395
89.798965
89.878583
89.858678
89.689490
89.908439
89.749204
89.709395
89.898487
89.848726
89.958201
89.609873
89.729299
89.838774
89.958201
89.858678
89.779061
90.077627
89.530255
89.769108
89.699443
89.729299
89.908439
89.858678
89.828822
89.689490
89.779061
89.699443
89.669586
89.699443
89.848726
89.828822
89.888535
89.759156
89.818869
89.918392
89.769108