33.755990
41.124201
44.528754
42.521965
56.180112
61.581470
67.881390
69.049521
69.728435
73.023163
73.432508
71.106230
76.557508
77.895367
79.562700
77.426118
78.594249
77.935304
80.381390
78.544329
80.351438
81.859026
82.048722
81.509585
82.927316
82.607827
82.428115
83.746006
82.787540
85.003994
82.927316
82.078674
83.386581
83.985623
84.854233
85.053914
83.855831
86.032348
83.915735
85.163738
84.974042
85.852636
85.393371
85.992412
86.890974
85.603035
86.411741
86.261981
86.311901
85.632987
86.251997
86.601438
87.180511
86.521565
86.321885
85.872604
85.982428
85.942492
87.210463
85.632987
86.821086
86.761182
86.841054
84.444888
87.480032
87.310304
85.273562
87.320288
86.791134
87.120607
87.150559
88.158946
87.779553
87.140575
86.871006
87.819489
86.082268
87.370208
87.519968
87.260383
87.579872
88.658147
88.907748
88.917732
89.047524
89.177316
89.147364
89.117412
89.077476
89.177316
89.097444
89.337061
89.127396
89.367013
89.376997
89.137380
89.257188
89.227236
89.227236
89.347045
89.097444
89.217252
89.227236
89.247204
89.307109
89.386981
89.177316
89.277157
89.127396
89.157348
89.337061
89.357029
89.347045
89.337061
89.137380
89.227236
89.157348
89.307109
89.207268
89.167332
89.127396
89.097444
89.107428
89.187300
89.257188
89.087460
89.247204
89.307109
89.347045
89.297125
89.337061
89.197284
89.317093
89.307109
89.337061
89.197284
89.307109
89.287141
89.317093
89.307109