53.619462
57.229035
64.814082
70.965190
74.910997
75.227453
82.278481
80.132516
79.717168
81.803797
85.205696
81.892801
86.402294
84.414557
86.817642
85.591377
87.618671
87.341772
87.757120
87.757120
87.559335
88.261472
87.213212
87.509889
86.471519
88.558149
88.498813
87.321994
89.596519
89.912975
90.081092
88.390032
88.755934
88.755934
89.665744
88.825158
87.490111
89.863528
90.150316
90.348101
89.191060
89.685522
88.409810
89.497627
89.398734
89.606408
88.488924
88.706487
90.476661
90.130538
89.309731
90.723892
90.090981
90.071203
89.814082
89.438291
90.318434
90.664557
90.249209
89.645965
90.437104
89.102057
90.249209
90.901899
90.595332
90.041535
91.089794
90.189873
90.367880
90.239320
90.506329
90.268987
90.051424
89.962421
90.872231
90.872231
90.852453
89.171282
90.723892
90.446994
90.535997
92.454509
92.780854
92.741297
92.770965
92.850079
92.840190
92.939082
92.909415
92.820411
92.998418
92.939082
93.018196
93.107199
93.057753
93.117089
93.008307
92.948972
93.117089
93.107199
93.126978
93.206092
93.117089
93.077532
93.047864
93.265427
93.146756
93.215981
93.255538
93.107199
93.097310
93.107199
93.047864
93.117089
93.117089
93.265427
93.225870
93.196203
93.235759
93.196203
93.206092
93.126978
93.166535
93.077532
93.225870
93.265427
93.275316
93.196203
93.225870
93.295095
93.196203
93.285206
93.265427
93.275316
93.255538
93.245649
93.285206
93.225870
93.245649