36.970847
46.305911
55.191693
56.529553
64.327077
68.909744
71.255990
71.655351
73.901757
75.099840
77.276358
78.045128
75.698882
78.224840
80.431310
82.168530
79.163339
82.218450
79.872204
76.148163
82.557907
77.985224
78.793930
81.779153
82.398163
80.910543
82.857428
84.155351
84.824281
83.077077
83.606230
85.363419
84.974042
84.275160
86.122204
84.165335
84.874201
85.393371
83.885783
85.463259
84.305112
85.373403
86.751198
86.222045
86.381789
83.935703
85.982428
86.551518
86.431709
85.742812
83.636182
85.233626
85.513179
85.782748
83.835863
86.581470
87.080671
85.363419
87.569888
86.821086
87.140575
85.553115
86.471645
86.880990
85.303514
86.871006
87.679712
85.772764
84.345048
86.611422
86.751198
84.115415
86.671326
88.428514
87.240415
86.681310
86.491613
87.450080
87.110623
86.581470
85.623003
89.956070
89.886182
90.025958
89.916134
89.616613
89.866214
90.045927
89.786342
90.005990
89.646565
89.686502
89.776358
89.606629
89.906150
89.986022
89.846246
89.656550
89.826278
89.696486
89.776358
89.756390
89.796326
89.686502
89.966054
89.806310
89.976038
89.846246
89.746406
89.716454
89.716454
89.886182
89.946086
89.776358
89.866214
89.776358
89.856230
89.566693
89.486821
89.556709
89.746406
89.836262
89.806310
89.776358
89.756390
89.806310
89.846246
89.856230
89.816294
89.816294
89.766374
89.756390
89.736422
89.716454
89.826278
89.846246
89.816294
89.706470
89.836262
89.886182