49.238528
50.306566
67.316060
68.789557
71.667326
77.719541
81.734573
77.501978
83.030063
85.373813
82.832278
84.266218
82.159810
82.911392
81.022547
85.126582
84.454114
86.590190
87.490111
86.787975
88.459256
85.166139
88.429589
86.807753
87.885680
87.856013
83.771756
87.678006
88.152690
88.983386
88.439478
87.707674
88.568038
88.488924
87.371440
88.340585
88.785601
89.042722
89.893196
89.319620
88.795491
89.151503
89.982199
88.726266
90.417326
88.706487
89.339399
88.043908
89.754747
89.171282
89.833861
87.767009
89.517405
89.339399
89.438291
88.063687
89.527294
90.625000
89.359177
89.626187
89.438291
89.181171
90.011867
89.210839
89.942642
90.170095
89.210839
90.516218
90.249209
89.962421
90.466772
89.804193
90.209652
89.665744
90.219541
90.526108
90.595332
90.437104
88.676820
90.615111
91.010680
92.039161
92.345728
92.494066
92.543513
92.414953
92.434731
92.543513
92.573180
92.553402
92.622627
92.632516
92.602848
92.592959
92.523734
92.642405
92.672073
92.642405
92.464399
92.523734
92.533623
92.612737
92.662184
92.681962
92.592959
92.622627
92.761076
92.810522
92.701741
92.751187
92.672073
92.672073
92.701741
92.761076
92.761076
92.741297
92.711630
92.662184
92.830301
92.800633
92.701741
92.681962
92.691851
92.751187
92.850079
92.751187
92.800633
92.691851
92.731408
92.830301
92.780854
92.761076
92.850079
92.840190
92.701741
92.820411
92.780854
92.840190