36.771166
39.197284
49.291134
57.258387
55.990415
63.408546
68.809904
72.384185
68.390575
73.751997
77.735623
77.256390
76.158147
79.972045
77.116613
80.840655
79.313099
81.809105
76.677316
76.946885
75.559105
84.664537
81.639377
78.204872
84.295128
79.412939
84.065495
82.777556
83.636182
84.045527
84.494808
83.186901
85.333466
83.706070
83.426518
85.113818
85.772764
84.045527
85.393371
84.864217
86.042332
87.170527
84.554712
85.692891
85.373403
86.401757
85.603035
86.222045
84.225240
86.401757
87.589856
87.639776
87.210463
84.434904
85.752796
84.095447
86.212061
87.110623
83.276757
83.356629
86.062300
87.410144
86.421725
86.571486
87.190495
87.959265
88.378594
85.972444
84.345048
86.351837
86.591454
87.649760
87.759585
84.804313
87.340256
87.420128
85.543131
87.160543
86.122204
87.410144
86.801118
90.455272
90.475240
90.754792
90.684904
90.734824
90.814696
90.844649
90.874601
90.744808
90.734824
90.894569
90.714856
90.674920
90.834665
91.084265
91.044329
90.794728
90.904553
90.934505
90.904553
91.044329
91.004393
90.774760
90.864617
90.734824
90.844649
90.764776
90.704872
90.884585
90.764776
90.854633
91.114217
90.844649
91.124201
91.054313
90.994409
90.884585
91.074281
90.924521
90.684904
91.064297
91.084265
91.004393
91.084265
91.054313
91.094249
91.054313
91.044329
91.024361
91.004393
91.024361
90.814696
90.924521
90.954473
91.084265
91.004393
90.954473
91.044329
91.034345