24.590000
51.040000
61.060000
61.520000
65.880000
76.150000
74.700000
74.270000
74.090000
79.120000
78.930000
78.980000
81.190000
81.380000
81.450000
82.560000
82.110000
82.200000
83.640000
85.810000
83.450000
82.460000
83.660000
85.970000
84.700000
85.170000
83.110000
82.890000
85.290000
85.000000
86.030000
86.090000
86.020000
84.570000
85.080000
84.610000
85.050000
82.450000
86.790000
85.590000
84.480000
87.050000
86.420000
87.750000
84.040000
85.290000
88.150000
83.800000
86.540000
86.880000
86.720000
87.680000
87.330000
85.930000
87.410000
86.570000
88.440000
87.160000
84.650000
86.530000
88.260000
86.810000
88.240000
87.930000
88.210000
88.210000
87.720000
87.020000
87.530000
85.220000
88.240000
86.770000
87.880000
87.110000
84.010000
86.710000
87.600000
88.840000
88.260000
86.930000
88.390000
90.640000
90.690000
90.580000
90.930000
90.830000
91.040000
90.940000
91.070000
90.940000
91.160000
91.090000
91.160000
91.140000
91.140000
91.240000
91.300000
91.310000
91.020000
91.420000
91.170000
91.090000
91.310000
91.380000
91.100000
91.300000
91.120000
91.050000
91.150000
91.200000
91.290000
91.170000
91.240000
91.160000
90.970000
91.240000
91.040000
91.420000
91.230000
91.260000
91.000000
91.280000
91.300000
91.310000
91.210000
91.360000
91.210000
91.370000
91.350000
91.350000
91.390000
91.370000
91.380000
91.240000
91.400000
91.400000
91.290000
91.290000
91.440000
91.390000