35.583067
49.860224
68.630192
70.147764
69.648562
74.011581
76.787141
79.193291
75.139776
75.309505
78.674121
78.115016
77.216454
79.323083
77.116613
77.456070
72.374201
81.918930
78.234824
80.531150
80.511182
78.983626
81.309904
77.925319
82.478035
81.878994
79.522764
78.125000
81.339856
83.476438
76.477636
76.357827
80.171725
78.554313
82.867412
79.902157
82.288339
83.546326
83.676118
80.071885
81.389776
74.051518
84.464856
82.078674
82.927316
81.829073
76.867013
81.349840
81.569489
80.720847
79.323083
78.943690
78.264776
81.998802
81.789137
81.429712
77.795527
81.399760
81.389776
83.216853
81.349840
83.456470
80.760783
80.431310
78.494409
80.720847
84.175319
84.015575
78.883786
83.815895
80.241613
83.636182
80.411342
83.845847
84.894169
80.411342
78.214856
83.107029
76.537540
84.484824
81.649361
89.736422
90.275559
90.385383
90.425319
90.615016
90.605032
90.664936
91.204073
90.465256
90.585064
91.094249
90.884585
90.814696
91.084265
90.994409
90.425319
90.754792
90.515176
90.694888
90.864617
90.794728
89.956070
90.944489
90.954473
89.796326
90.684904
89.926118
90.425319
90.754792
90.445288
90.365415
89.976038
90.115815
90.125799
89.616613
89.866214
89.686502
90.295527
89.986022
90.674920
90.435304
91.513578
91.873003
92.022764
91.992812
92.092652
92.082668
92.162540
92.172524
92.132588
92.232428
92.132588
92.142572
92.122604
92.312300
92.132588
92.342252
92.272364
92.082668