34.533228
42.276503
31.823576
48.239715
54.657832
60.294699
69.748813
69.125791
71.904668
78.263449
69.996044
79.301820
79.588608
74.713212
67.029272
78.411788
78.837025
79.677611
78.065665
78.362342
82.624604
81.230222
83.761867
82.674051
73.714399
81.259889
83.336630
82.674051
84.088212
85.413370
85.136472
86.085839
80.963212
85.156250
81.991693
82.703718
84.394778
84.107991
86.362737
85.502373
84.691456
84.909019
83.870649
81.704905
84.968354
85.433149
83.484968
86.016614
84.731013
81.704905
85.601266
84.928797
86.768196
87.035206
86.145174
85.284810
86.352848
86.995649
84.602453
86.886867
82.308149
85.363924
87.143987
85.057358
87.074763
84.770570
85.314478
86.708861
88.073576
85.255142
87.124209
84.325554
83.702532
84.899130
86.956092
87.302215
86.431962
85.977057
86.283623
86.303402
86.619858
89.893196
90.041535
89.952532
90.051424
90.071203
90.011867
90.100870
90.090981
90.071203
89.843750
89.962421
90.160206
89.912975
89.972310
90.061313
90.179984
90.011867
89.734968
90.051424
90.071203
89.912975
90.031646
90.071203
89.893196
90.081092
90.100870
90.041535
90.239320
90.061313
90.239320
90.209652
90.170095
89.972310
89.952532
90.130538
90.041535
90.100870
89.952532
90.150316
90.090981
89.952532
90.081092
90.021756
89.982199
90.090981
90.061313
89.932753
90.090981
90.189873
90.041535
90.021756
90.130538
90.011867
90.021756
90.140427
90.031646
89.903085