21.271756
39.705301
31.240111
22.794699
44.580696
51.404272
56.596123
53.975475
58.791535
56.912579
63.854826
66.416139
65.565665
64.705301
71.004747
70.233386
69.017009
68.186313
68.710443
71.469541
77.007516
77.511867
78.451345
76.869066
76.621835
76.839399
81.348892
76.888845
75.178006
81.259889
80.468750
81.447785
80.646756
78.481013
81.131329
77.205301
78.846915
81.774130
84.384889
82.120253
82.209256
84.295886
81.991693
85.739715
84.256329
83.316851
85.532041
85.897943
84.691456
86.659415
85.126582
85.146361
80.231408
84.226661
80.587421
83.079509
84.098101
87.331883
83.425633
86.867089
85.413370
87.638449
83.791535
86.501187
87.183544
87.500000
87.618671
85.067247
85.808940
85.759494
86.333070
86.570411
85.779272
83.395965
85.947389
85.680380
86.481408
86.520965
86.570411
87.935127
89.725079
90.951345
91.109573
91.267801
91.455696
91.524921
91.416139
91.435918
91.465585
91.495253
91.396361
91.515032
91.455696
91.702927
91.594146
91.712816
91.495253
91.574367
91.534810
91.613924
91.534810
91.435918
91.544699
91.554589
91.594146
91.643592
91.564478
91.554589
91.455696
91.584256
91.475475
91.435918
91.485364
91.406250
91.604035
91.534810
91.534810
91.327136
91.297468
91.337025
91.416139
91.455696
91.435918
91.307358
91.465585
91.544699
91.475475
91.544699
91.485364
91.604035
91.554589
91.534810
91.584256
91.653481
91.475475
91.524921
91.505142
91.515032