28.066406
32.382812
40.234375
40.595703
45.097656
53.583984
62.167969
58.574219
61.816406
69.345703
72.148438
73.232422
68.750000
68.417969
75.664062
72.929688
70.244141
71.113281
77.382812
76.796875
76.796875
78.652344
78.017578
80.673828
73.769531
79.482422
78.496094
79.990234
82.333984
81.445312
83.105469
77.812500
79.560547
78.623047
79.833984
82.685547
80.302734
77.880859
82.441406
84.628906
79.472656
82.871094
83.085938
85.458984
82.978516
82.617188
81.123047
80.937500
83.916016
83.222656
81.933594
85.234375
85.410156
81.992188
81.503906
83.369141
86.474609
85.224609
81.494141
85.488281
80.371094
82.333984
85.107422
82.587891
86.103516
84.707031
84.443359
85.751953
80.136719
83.613281
84.990234
82.744141
85.498047
86.015625
83.330078
83.945312
85.439453
84.814453
82.441406
85.683594
85.361328
88.945312
89.160156
89.667969
89.384766
89.306641
89.306641
89.414062
89.306641
89.404297
89.638672
89.414062
89.560547
89.511719
89.423828
89.375000
89.550781
89.345703
89.482422
89.335938
89.433594
89.521484
89.345703
89.375000
89.580078
89.335938
89.345703
89.257812
89.414062
89.189453
89.160156
89.394531
89.306641
89.121094
89.179688
89.394531
89.316406
89.296875
89.355469
89.121094
89.150391
89.248047
89.384766
89.433594
89.404297
89.326172
89.462891
89.199219
89.316406
89.375000
89.345703
89.423828
89.384766
89.335938
89.404297