35.077136
49.376978
46.884889
52.610759
62.084652
65.526108
71.034415
69.343354
73.546282
78.461234
74.109968
79.549051
78.787579
80.676424
76.888845
79.390823
81.170886
81.704905
82.960839
82.901503
84.572785
85.096915
83.712421
85.957278
85.007911
86.609968
86.530854
86.253956
85.373813
85.512263
87.223101
87.559335
80.409415
87.796677
88.291139
87.757120
88.132911
88.360364
87.895570
88.132911
88.568038
86.639636
87.836234
88.152690
88.281250
87.470332
88.073576
89.715190
88.854826
88.390032
88.874604
89.556962
88.310918
89.863528
88.380142
89.161392
87.104430
88.973497
87.816456
87.321994
89.378956
89.556962
88.488924
88.409810
89.082278
89.992089
89.408623
88.874604
89.467959
89.893196
90.278877
90.278877
89.814082
89.903085
90.466772
89.289953
90.417326
90.357991
89.715190
89.893196
89.309731
91.248022
91.643592
91.920491
91.969937
92.058940
92.019383
92.029272
92.108386
92.078718
92.157832
92.098497
92.207278
92.256725
92.147943
92.286392
92.128165
92.207278
92.187500
92.177611
92.266614
92.266614
92.138054
92.227057
92.365506
92.325949
92.197389
92.316060
92.306171
92.217168
92.296282
92.424842
92.365506
92.355617
92.207278
92.355617
92.157832
92.345728
92.375396
92.444620
92.484177
92.434731
92.405063
92.464399
92.503956
92.355617
92.503956
92.424842
92.464399
92.335839
92.454509
92.454509
92.494066
92.424842
92.424842
92.573180
92.414953
92.523734
92.533623