34.844249
48.532348
61.851038
61.291933
69.558706
72.064696
76.437700
73.712061
76.357827
77.236422
76.737220
81.289936
81.230032
81.369808
80.401358
82.258387
82.298323
82.767572
83.576278
83.885783
82.328275
84.854233
84.145367
85.073882
82.507987
85.303514
82.507987
85.583067
84.794329
85.223642
84.255192
85.862620
85.892572
83.117013
85.982428
85.003994
83.526358
84.784345
86.960863
85.233626
86.172125
87.330272
87.030751
87.290335
83.775958
85.473243
85.273562
85.083866
85.133786
85.333466
86.771166
85.692891
87.180511
86.821086
86.541534
88.328674
87.989217
86.791134
87.120607
86.391773
85.972444
87.390176
86.431709
87.729633
87.989217
88.039137
87.599840
86.261981
86.501597
87.659744
86.401757
87.370208
87.060703
88.049121
87.899361
87.490016
87.180511
87.390176
87.350240
88.538339
88.119010
90.435304
90.654952
90.664936
90.814696
90.884585
90.984425
90.874601
91.044329
91.204073
90.954473
91.114217
91.214058
91.074281
91.483626
91.104233
91.164137
91.184105
91.134185
91.184105
91.114217
91.224042
91.224042
91.184105
91.054313
91.104233
91.164137
91.114217
91.164137
91.214058
91.124201
91.174121
91.194089
91.293930
91.044329
91.333866
91.054313
91.273962
91.104233
90.964457
90.774760
91.094249
90.944489
91.104233
91.024361
91.104233
91.134185
91.064297
91.273962
91.323882
91.253994
91.194089
91.184105
91.273962
91.343850
91.323882
91.234026
91.413738
91.343850
91.343850