27.205301
37.964794
39.467959
40.941456
43.542326
44.224684
45.886076
47.507911
49.198972
50.138449
50.712025
51.246044
52.215190
52.106408
53.520570
53.649130
54.549051
55.201741
54.994066
55.775316
56.833465
57.505934
57.248813
57.377373
57.525712
58.386076
58.722310
59.078323
59.325554
60.096915
59.879351
60.591377
60.630934
60.690269
61.075949
61.501187
61.491297
62.074763
62.124209
62.727453
62.608782
62.312104
62.816456
63.479035
64.102057
63.973497
63.696598
63.083465
63.973497
63.221915
63.785601
64.003165
64.675633
65.535997
65.397547
65.812896
65.595332
65.407437
65.971123
66.079905
66.168908
66.277690
66.673259
66.673259
66.821598
66.683149
66.337025
66.772152
66.772152
68.235759
67.711630
67.325949
67.948972
67.889636
67.672073
67.039161
68.186313
68.156646
67.355617
68.364320
68.433544
68.779668
69.026899
69.224684
69.125791
69.264241
69.590585
69.343354
69.580696
69.442247
69.719146
69.511472
69.709256
69.620253
69.837816
69.837816
69.847706
69.738924
69.926820
69.798259
70.015823
70.114715
70.164161
70.124604
70.282832
70.272943
70.223497
70.361946
70.352057
70.352057
70.569620
70.767405
70.688291
70.876187
71.113528
70.619066
70.965190
70.905854
70.797073
71.073972
70.965190
70.886076
70.984968
70.826741
70.925633
70.915744
71.014636
70.994858
70.994858
70.915744
70.984968
70.886076
70.846519
70.945411
71.064082
71.034415
70.975079
70.984968