42.701741
46.558544
50.385680
49.792326
54.034810
69.284019
71.390427
74.456092
76.503165
78.520570
76.750396
77.076741
79.539161
78.678797
81.180775
82.318038
80.775316
81.526899
83.811313
82.545491
84.473892
85.482595
83.999209
83.148734
85.818829
85.541930
87.687896
87.351661
84.642009
85.828718
86.155063
86.787975
85.087025
87.589003
87.490111
88.053797
88.746044
88.943829
87.776899
86.491297
87.954905
88.706487
88.221915
89.299842
86.936313
88.696598
87.193434
88.449367
89.299842
89.448180
87.767009
87.569225
88.844937
88.894383
87.885680
89.082278
89.181171
90.061313
88.301028
88.261472
89.566851
87.193434
88.894383
88.627373
89.556962
89.131725
89.774525
88.943829
89.517405
89.764636
89.487737
89.655854
90.308544
89.191060
90.189873
89.092168
88.815269
89.616297
90.338212
89.863528
88.409810
91.435918
91.693038
91.861155
91.930380
91.950158
91.772152
91.782041
92.039161
91.960047
91.950158
92.019383
92.108386
92.128165
92.138054
92.068829
92.029272
92.167722
92.157832
92.138054
92.236946
92.157832
92.019383
92.306171
92.236946
92.197389
92.207278
92.286392
92.177611
92.335839
92.197389
92.227057
92.296282
92.365506
92.395174
92.355617
92.286392
92.276503
92.395174
92.236946
92.227057
92.414953
92.355617
92.345728
92.355617
92.345728
92.306171
92.444620
92.296282
92.355617
92.345728
92.375396
92.316060
92.405063
92.286392
92.227057
92.236946
92.355617
92.434731