0.02240047740750625
0.001363771343294945
0.00157501952604934
0.0017931363557527758
0.001833552115772961
0.0019203983630276648
0.0019681171876785217
0.0022225945908890686
0.00221047004932837
0.002106109125244325
0.0026357761463659895
0.003177351432434321
0.0029508426972157833
0.0033852044452391487
0.0036143961291438074
0.003489712661155162
0.004012315267703017
0.004078279634982353
0.004035540765814906
0.003948810114681495
0.003967918899312526
0.004234259820584079
0.004754895428616397
0.004286000271583765
0.00485360146502497
0.004227353884563655
0.0045206603978069715
0.004667256788594771
0.004723003950314729
0.00474653894771911
0.005299453840395495
0.005247387110021196
0.005417654603323931
0.00497115899147202
0.0051507543459816075
0.005217990270595155
0.005406039057587634
0.006347200303706062
0.006241312392148817
0.005143305853972535
0.00547980989196133
0.005722035970768472
0.005826089260013591
0.005637975217146193
0.0057941437125584175
0.006603374359664608
0.00606186246501763
0.0062480635785229985
0.006819069264181615
0.005913478063256942
0.0060547607613724375
0.006826665048022657
0.00722558353369497
0.006241573415648512
0.007086603435737475
0.005990407281976915
0.007177868437951252
0.006570791169088756
0.00663225101654483
0.007264848925862942
0.005990750341433654
0.006835312383676742
0.007499686175175228
0.006356996142758794
0.006866801140007458
0.006602190431648146
0.006594796008792586
0.008008655897224876
0.006468085879774186
0.007778420119321446
0.006526536499169528
0.006741314092530472
0.007233578310599829
0.006533996177900015
0.007104433205220016
0.007546383279270145
0.007727322904803152
0.007648422958660501
0.007785531145234489
0.007930841063059519
0.007255489368945412
0.00725280642025929
0.007122839090855453
0.00867525771073859
0.007481548770853761
0.00821182353821023
0.008386187236004561
0.007496600504518153
0.00825199319035928
0.007910291055819474
0.007968933713932447
0.00852477766316609
0.008064871036790705
0.008015748278602223
0.007766996612302776
0.008994879121658013
0.007511311043179373
0.009169101120981082
0.008858548412222394
0.007555045530552785
0.007770744163976931
0.00796449258553054
0.008335166464082598
0.009758078274593499
0.007641753808243366
0.008920092160089084
0.008218300649909731
0.009197852859472168
0.007158213368424438
0.008928493387872034
0.008586412769257675
0.008590162185385391
0.008165245759143744
0.008884212615602833
0.008849675477686428
0.007908305412768244
0.007961401321512756
0.008938039390146488
0.008962487969799789
0.009122957759596225
0.008775308018170577
0.009624122879005078
0.00803760899670144
0.007821291364692309
0.00940504026235278
0.009817559936812622
0.009213600034317877
0.009556120663974576
0.009001035547343605
0.008638160678071632
0.009663956929511662
0.009126830229659514
0.010048105214008547
0.008934504386179227
0.008684410313309935
0.009395402901853435
0.009075828102273241
0.00878730950579571
0.009406971836250505
0.010051373601115403
0.009631757816371074
0.009381727134923136
0.008861361872658355
0.010700201578753654
0.008482728641819258
0.009716782492488637
0.009849005810711247
0.01014531782310816
0.00940610672979438
0.009756795530537871
0.016754559618155137
0.018603653818881197
0.014455125302317419
0.014439782713896227
0.017771473612791352
0.023890233607381166
0.01875891246095163
0.02286027589557461
0.02605976212078283
0.01825913822390542
0.024996262889265843
0.03007182195834686
0.02459847426245648
0.02278302412638716
0.030109718841595013
0.027972540462073047
0.029535459684458087
0.029952806429208664
0.03631706648307318
0.029741013826012047
0.039167689207582186
0.031039389460366287
0.03081090253991078
0.0270271692797953
0.03928905581267116
0.03849673203053074
0.03911466787698043
0.03767371747818723
0.0367409127129661
0.038244915202563484
0.03540439968085328
0.0409469596221406
0.03480368019866186
0.04464037315800192
0.02983059149774568
0.03957541537191552
0.042668965209773695
0.0422735052854723
0.03793910193477778
0.03849857597511071
0.035113282036100237
0.04187982218542239
0.04938851180688342
0.048418898999298556
0.04174912958358012
0.043927818157367404
0.04168924333493646
0.04815653868639729
0.03613536056712323
0.03158907139055362