0.014775925393153422
0.005431624304122863
0.004085912640481116
0.0035847227554898636
0.0028980515410454467
0.0020187633859090667
0.0025119542562719696
0.0013702731690975942
0.001605833751926151
0.0018416060078437586
0.001639809139500319
0.0018648324874133975
0.001591486401407755
0.001483438430136116
0.0015237361586595713
0.0013258998052191665
0.0015898802854250437
0.0015168623536098629
0.0015126753113659148
0.0014478365019829232
0.0015357513916354401
0.0013986447901563608
0.0018045353655375893
0.0015975692175457473
0.0018088152468556812
0.0015728480288823695
0.0014685786079284395
0.0018258215084575953
0.0016179511078835793
0.0015281998613444713
0.0016343464883776177
0.0012567439788884241
0.0018371534458477559
0.0017295956648876029
0.001530268315916426
0.0018497127157981145
0.0016290342365550302
0.001698266190926572
0.0016466922284574428
0.0019112148888563287
0.0016637894723520185
0.0020089521525534053
0.0016670759755767581
0.0015996061068324924
0.0017139727054904517
0.0017040259270865383
0.0018264119649691586
0.0017790139040550802
0.001331906493316359
0.0020509804014189254
0.0013357723123637642
0.0019678987139664077
0.0013504353157342533
0.0018967264229452316
0.0015448143420534923
0.0018908961290889145
0.0015432862108930628
0.0015975580768568497
0.0016295337107739317
0.0013347696503629967
0.00177312419319131
0.001676040516576216
0.001774672748948051
0.0018797591537544596
0.0017084469237973316
0.0018883114892647129
0.0015262186755022132
0.0017727918293058704
0.0018040396048816538
0.0019411517767051816
0.001773883616817818
0.0016214697087936812
0.0019397573338115215
0.0015136854004926144
0.001625556484837553
0.001567379807415219
0.0017355355088514107
0.0016709919277242016
0.001548708012823141
0.001533497258915195
0.0019254861113339253
0.001838989802734346
0.0016192545684845776
0.0019470600553837811
0.0018421760397590086
0.001646142621138503
0.0016450452632821074
0.0017231136407307862
0.002157613505200593
0.0015623386456891358
0.001956329108546435
0.0014428677547346745
0.0013098163640142557
0.0017412005491557498
0.002075216970115265
0.0015844102071764096
0.001787694357487654
0.0016045915651140884
0.0021561299367957513
0.001713872439290375
0.0014169675098296523
0.0019454576529640355
0.0018559050820435982
0.0017499701280995032
0.001421139697821737
0.001989615630190447
0.0019877551351445773
0.001910962366574654
0.0013830125468517957
0.001565669711669464
0.001939957866211675
0.0016880780309298795
0.0015010370050310754
0.0017961222886385523
0.0019200513119334661
0.0015779170423306963
0.0017004163438837734
0.0015651201043505255
0.0019092114216362757
0.001345871346849276
0.0016268079555570296
0.0017560807959597386
0.0017438947390874427
0.0015666148134442631
0.0019091538614103044
0.0016600684822602799
0.0021127388103217805
0.0014356003120105894
0.0018068452017023218
0.0018326748889109922
0.0015894439417765607
0.001968745406322611
0.0018568279024406015
0.0013359951261417127
0.0017829335697654893
0.0017541757381582797
0.0016232317944209571
0.002021312746885094
0.0018700946061359469
0.0014759760253563268
0.0018309109465022332
0.0018847130467508461
0.0022450901944231438
0.0016577215104658907
0.0016625472855399564
0.001429929701361802
0.001442022919159953
0.0017526308959645038
0.001647375524043152
0.0015770387846892827
0.004708554602269088
0.006135990646099351
0.0034763331364253696
0.0034616441381141194
0.0031562351494617
0.0029655604022008545
0.0024168536222806173
0.0031139172426848465
0.003163450602304262
0.002501946204079121
0.0025868233992256064
0.002467460201597152
0.002583611167260184
0.0034120866403354257
0.003269192450974136
0.004596414284609129
0.0030605292047069205
0.0024470597434444914
0.0030886018839469385
0.0032079929332976356
0.003020413440768789
0.003942142050259896
0.002421207774858026
0.002749501595287233
0.0019747892300494624
0.0032389807594658134
0.0025266692495239805
0.003350721869106947
0.003047095390678113
0.0035533617162436253
0.0026821802690616
0.0033811006709487325
0.0021159250473464426
0.004393627751735304
0.0027357038520877766
0.0032274742846162604
0.0031821353943667207
0.0028442253026375566
0.002774855946436281
0.0030860543797523953
0.0025166463430792672
0.0030099523338941113
0.0023832235960622684
0.0033453557706213557
0.0028156977119342275
0.003040828753173314
0.0023258434778961
0.0030570180309227486
0.003387142637894101
0.00356460824168557