2.4360100952058095e-06
7.988098096538989e-07
3.6414212944583137e-07
4.296301408679078e-07
2.7634501523161913e-07
1.9862297969772623e-07
1.9790333122056058e-07
1.4177075000163787e-07
2.5907345177964285e-08
8.563816878271529e-08
2.6626993655129962e-08
6.980590228507045e-08
4.317890862994049e-09
9.355430203153772e-09
2.8785939086626987e-09
2.3028751269301586e-08
7.1964847716567475e-09
1.1514375634650795e-08
1.6983704061109925e-07
6.476836294491072e-09
1.511261802047917e-08
1.0075078680319447e-08
4.317890862994048e-09
2.158945431497024e-08
2.6626993655129962e-08
2.8066290609461306e-08
9.0675708122875e-08
4.317890862994048e-09
5.9011175127585335e-08
4.317890862994049e-09
3.454312690395239e-08
3.5982423858283738e-09
0.0
2.8785939086626987e-09
8.995605964570934e-08
1.4392969543313493e-09
6.188976903624802e-08
1.4392969543313493e-09
6.476836294491072e-09
2.8785939086626987e-09
1.4392969543313495e-08
2.0869805837804568e-08
5.757187817325397e-09
2.1589454314970244e-09
2.158945431497024e-08
2.8785939086626987e-09
1.0075078680319445e-08
0.0
2.3028751269301593e-08
1.4392969543313493e-09
4.3898557107106154e-08
7.196484771656747e-10
4.9655744924431565e-08
2.8785939086626987e-09
2.3748399746467267e-08
1.223402411181647e-08
6.476836294491072e-09
4.893609644726588e-08
1.7271563451976195e-08
1.201812956866677e-07
1.7127633756543055e-07
2.158945431497024e-09
1.6551914974810518e-08
1.655191497481052e-07
1.4392969543313493e-09
3.3103829949621037e-08
3.3823478426786714e-08
4.677715101576886e-08
7.1964847716567475e-09
1.0075078680319445e-08
2.7634501523161913e-07
2.5907345177964293e-07
5.64204406097889e-07
1.5062242627077572e-06
1.278815343923404e-06
2.2309102792135914e-06
9.84479116762643e-06
0.00033453003390741825
0.0006661008732767307
0.0021535898075299574
0.004311634239133571
5.266819344984706e-05
0.0007237533520794278
3.332836027449673e-05
3.319234671231242e-05
3.2476296477532566e-05
5.4715593367383406e-05
3.881567991288499e-05
5.8250506687221205e-05
8.122168607834956e-05
5.234938917446268e-05
4.02391446007187e-05
0.00010011677649481151
0.0001433179942275441
7.199435330413127e-05
0.0012134827765723955
0.0007024143354345111
0.0003628964179318577
0.0007244276627025322
0.00026384544083172856
0.0009335517529790595
0.0003721777243418632
0.0009698112415010523
0.0006280019632471034
0.00038556030742323624
0.0010604531261455006
0.0007512165772650242
0.0004266227298818324
0.0007248781626492378
0.0006817532276550846
0.001159429979452482
0.0010972429955951643
0.0004658903490383775
0.0006923781177719584
0.0005359941857929947
0.0006547369041738079
0.0008196270811528704
0.00068430366185816
0.0006785587080649462
0.0007499845390721164
0.0010670911636988768
0.0007114099413990819
0.0007606756368488899
0.0006846418966424276
0.0009783923299427754
0.0008339991808903462
0.0007200385266402983
0.0007901380455040528
0.0007690811310621849
0.0009185039033215254
0.0011444080371401254
0.0008077917422974033
0.0009200655405169749
0.000865160679600097
0.0007408083013397768
0.000998004190242495
0.0008873978175445164
0.0009988756845483423
0.0009467616204259124
0.0008602793039794821
0.0008763389793959115
0.000898694139690586
0.0009764852614782869
0.000767148155252518
0.0009210255515855136
0.0008365085951302227
0.0008995699518872965
0.0008456380557115466
0.0011589744419664356
0.0009228002047302042
0.0008242875246909951
0.000829307792467703
0.00089022027887196
0.000830010889029894
0.0011111523613618222
0.0008774659489111528
0.0010238762726450781
0.0008715907387435723
0.0008742275307639073
0.0010103727886195412
0.0012228504407996608
0.000890305917040743
0.0009532291012902009
0.0009322319176719378
0.0009390275582418134
0.0010187509361907043
0.0007962831238505705
0.0009300960009917102
0.0009174532165448635
0.0009395406676060321
0.0008745722423844697
0.001019215829106953
0.0008412604340249474
0.0009271130580538584
0.0011133775144532186
0.0008812786465431764
0.0009779346335112983
0.0010424525587861555
0.0010044155385255636
0.000769764077467015
0.0008438770758879222
0.0009868539567372896
0.0011374317648024808
0.001048045666750687
0.0010050344362159264
0.000816215227722628
0.0007995553654762426
0.0008446823625338708
0.0007985895972198862
0.0013283523468491038
0.0010954985676865149
0.0010214820021615474
0.000888048379767874
0.00076230564064967
0.001161514081442353
0.0008846005439137732
0.0009883098056065961
0.0009477432209487667
0.000949707861291429
0.0008219573029219327
0.001042906656975247
0.000979478999143296
0.0009591338170453455
0.0009296116775665779
0.0007714379798249025
0.0009648960424020105
0.0009038259529812544
0.0010790927413525688
0.0009216286170093788
0.000965075954521302
0.0011347697850854458
0.0009383762763699785
0.0008907830439811039
0.000926911556480252
0.0010361376433990269
0.0010453426670704526
0.0009115110790689065
0.0012135309930203654
0.0008077399276070476
0.000869088520988467
0.0009940245341637686
0.0009316389273267533
0.0008221904690285346
0.0009503051695274766
0.0008043345510131
0.0008481352359273114
0.0009325082626871695
0.0010379777845551394
0.0008621928492802657
0.0008368741765566231
0.0008810015818794676
0.0010011907936993845
0.001116606577170261
0.0009473380588561225
0.0008562830959857812
0.0009023118125852978
0.0009150675818430593
0.000963069574566964
0.0008764814697943905
0.0008244120238775449
0.001098802473845182
0.0011698396946746828
0.001049887247203754
0.0008883887734975732
0.0008394447609170588
0.0010259769265499245
0.0009777151407257625
0.0010918873716280972
0.0012362006396995611
0.0008736115116674534
0.0008739706162575592
0.0010104274819038052
0.0009441672876657309
0.0010628049373688777
0.0010505845865781277
0.0009345693359257722
0.0012905772786342001
0.000937101059268441
0.000902412563372101
0.0009984194274138196