0.013896687898168975
0.0013144509530281202
0.0007170520626434921
0.0004331256153069668
0.00043643874929948746
0.0004886471781450482
0.00048300347719099085
0.0005205013673753319
0.000612745207712955
0.0006331516520281705
0.0006605796284851039
0.0007257236361939778
0.0007866987257220551
0.0010154168384201294
0.0010127077873840393
0.000852994965736713
0.0010892324196794892
0.0011535299654679336
0.0011000723527309888
0.0011032288726236942
0.0010798206580620196
0.0012358903374350715
0.0011852965253804635
0.0011119023106277491
0.001102453259938895
0.001225430752911695
0.0010412824027860481
0.0011893852720577835
0.0010861598001973994
0.001201836092993097
0.0011396770754485593
0.0010180979226526818
0.0011249236543552472
0.0013336268579876443
0.00108119848924968
0.0010406317084903876
0.0012339680858051958
0.0012206074115280983
0.0012411257230574677
0.0010067172980661053
0.0012330060277634736
0.0011206093087960504
0.0012278172534803085
0.0010688893667856276
0.0010760842931092837
0.0011964590088994395
0.0010734162600517167
0.0009987001477184188
0.0011545274481274714
0.001146683691961723
0.0010431748231588163
0.001038537927132143
0.001248540654902293
0.0009879217416347036
0.0010572141585351138
0.0011080503495537214
0.00105884369095462
0.0010365149950095289
0.0009152341547847277
0.001206745199240878
0.001002244473953524
0.0011501273377040897
0.0009936232406494072
0.001105667577892246
0.0010548835915735767
0.0009037323407161519
0.0011891186551973836
0.001071253493911411
0.0009697750150453945
0.0011703342854873977
0.000988717863308765
0.0009627385672751227
0.0009973446899735892
0.0010090665095633339
0.0011714585509896432
0.0010823115680305099
0.0008764740295340185
0.0010975572048660986
0.0010488595420913964
0.0011017652765718492
0.0010244277425202153
0.0009312908289229311
0.001031279609387133
0.0009416143083357541
0.001102736656881418
0.001069014285174766
0.0011382451751073908
0.0008619368850547372
0.0010121931981989316
0.000896897253931357
0.0010864096369756762
0.0010096948304161644
0.0010573372124706825
0.0010001413703274332
0.0010633668553135702
0.001118450271562883
0.0011224029131296491
0.0008368171021165097
0.0009907706266884867
0.0009303753822204394
0.0008421755416744753
0.0011996453600492526
0.001108503411771044
0.0009917252269159322
0.0010417988564247252
0.0011043083912402783
0.0010200332254575411
0.0009127208713734066
0.0009826844915587388
0.0011347623758400705
0.0009359687429281277
0.0008782340737033709
0.0009061934194275345
0.001057732476627359
0.0011066706539124916
0.0011469353931935688
0.0011012078049546497
0.0009705692722658863
0.00102799630665172
0.0009712460689115165
0.0010234134797785543
0.0010746393415931308
0.0009280149840017949
0.0009293368815823788
0.0010612301915232337
0.0009437938545581834
0.0009159650205838656
0.0010527450633296706
0.0009235980934962909
0.0010317755540365477
0.0010640604320413234
0.001009955853915857
0.0008700752248844231
0.0007858783661515941
0.001139473850009513
0.0009781837006426187
0.0009485202443561797
0.0011327077480067802
0.0011593787563146057
0.0010775348379861442
0.0010557785292868067
0.0011357524006853313
0.0008384317189074625
0.0010023376966319852
0.0009895251717042409
0.001032202513903902
0.0010083654750213044
0.0011719638179069037
0.0008255502091976569
0.0007686284417290839
0.0019795873060364203
0.001240169258376453
0.001047683071889213
0.0011852741519376324
0.0011339215072803486
0.0007147084445069707
0.0009564609521075274
0.0013496704809508632
0.0009715853994611162
0.000908943488442148
0.0008617224728942758
0.0012653468393753265
0.001065758949242892
0.0008128309069483738
0.0008611370344735377
0.0009804005359364328
0.000951376587224239
0.001097081769205945
0.0011093480092379052
0.0006412955852185644
0.0011837397066501569
0.0009093312947845473
0.0012804601000074994
0.0008899540288395466
0.001372593937584538
0.0014035196289373456
0.0006731255365524483
0.0009711864063973011
0.0009012097350369844
0.0006784448225854597
0.0010220673443015703
0.0015448396161242238
0.0011619703467758348
0.0008204099107072915
0.0006729968892561716
0.0010922006297617024
0.0008056788630568103
0.0010838180465144473
0.001165622811317955
0.0010684549491039978
0.0005951783261836759
0.001588676648443945
0.0007325419428966497
0.0007491896488162988
0.0012380456457611003
0.0006565598665898452
0.0008347848477260498
0.000985660159455229
0.0007692884582925913
0.001156201727432639