0.009497254442621257
0.03701686770966318
0.062432219593782805
0.07849051081119404
0.08916821214841218
0.09506151185414026
0.0912429545053798
0.09183811393382742
0.09320740628382053
0.09480849537147641
0.09294059758864852
0.09527787039777937
0.09249091609307453
0.09559684787170493
0.09436169287100654
0.09450296389764488
0.09432133130995539
0.09705645519473123
0.09414049717055582
0.09384714399654163
0.09534165201788929
0.09536480178256801
0.0956071773056053
0.09331878523899169
0.09499474979672555
0.09426992825620116
0.09557644948129711
0.09320767265140573
0.0924565586013766
0.09710048045539428
0.09364046369332063
0.09493032745458631
0.09240169800474109
0.09315097366030611
0.09377147596836621
0.09399088301375454
0.09304045205534782
0.09414302144519017
0.09361610578475421
0.09356263854583097
0.0956136879314965
0.09524474722860171
0.09336476342563572
0.09247635750110124
0.0918743366530876
0.09368503543293609
0.09550348766925153
0.09432611021930981
0.09317527921160766
0.09658804681443163
0.09314666923866494
0.09496318032938393
0.09484983208658644
0.09289031825269232
0.09357192803355713
0.09638963306887365
0.09196024641674468
0.09356211628211354