0.003008243022849656
0.003919567560308195
0.003600016690783101
0.003148669217674363
0.0027168641493914417
0.00262878797857556
0.00253931821332566
0.0023998471486909837
0.0022094102970128785
0.001875508412575169
0.0022334853927999886
0.0019975906269482516
0.0020558211515952036
0.0018174931097065174
0.0018466887460015459
0.0016901733864677407
0.0014776448881550198
0.0016696918928266744
0.0015528094232494876
0.001490966247323942
0.0014350804369573438
0.001386632143168463
0.0014203708304793307
0.0014114491525391499
0.0013016158645918784
0.0018048812471763045
0.001168523251604126
0.0015956231841468694
0.0016588292085381049
0.0015239222492236656