1.2045362309601245e-06
2.1148346039757894e-07
1.1158175525089654e-07
2.2366053391048308e-08
1.9880936347598493e-09
1.7395819304148681e-09
2.7336287477947934e-09
0.0
7.455351130349436e-10
4.970234086899623e-10
2.4851170434498116e-10
0.0
2.4851170434498116e-10
2.4851170434498116e-10
0.0
9.940468173799246e-10
4.970234086899623e-10
2.4851170434498116e-10
2.4851170434498116e-10
0.0
2.2366053391048306e-09
0.0
2.4851170434498116e-10
2.4851170434498116e-10
0.0
2.4851170434498116e-10
0.0
0.0
0.0
0.0
2.4851170434498116e-10
0.0
4.970234086899623e-10
0.0
2.4851170434498116e-10
4.970234086899623e-10
2.4851170434498116e-10
0.0
2.4851170434498116e-10
0.0
2.4851170434498116e-10
9.940468173799246e-10
0.0
2.485117043449812e-09
2.4851170434498116e-10
0.0
0.0
2.4851170434498116e-10
2.4851170434498116e-10
1.242558521724906e-09
0.0
0.0
0.0
2.4851170434498116e-10
7.455351130349436e-10
0.0
0.0
4.970234086899623e-10
0.0
0.0
4.970234086899623e-10
2.4851170434498116e-10
0.0
0.0
0.0
0.0
2.9821404521397747e-09
0.0
0.0
0.0
2.9821404521397747e-09
0.0
0.0
0.0
2.4851170434498116e-10
0.0
2.4851170434498116e-10
2.4851170434498116e-10
0.0
0.0
4.721722382554643e-09
0.0
0.0
0.0
1.242558521724906e-09
0.0
0.0
2.4851170434498116e-10
0.0
2.4851170434498116e-10