0.00842334118707338
0.0016485508667218299
0.0009410020012836449
0.000702802931967883
0.0005342665903276955
0.0005736767773023229
0.00044532861407809934
0.0005250699516428743
0.0005016373693286319
0.0006516151800471984
0.0004945574615343205
0.000622133203661656
0.0006665678413290207
0.000604087144429317
0.0008757305618151373
0.000664924589716651
0.0006581473373040532
0.000645044030379203
0.0009419805251251355
0.0007440439054846532
0.0009820572966521251
0.0009444760394381576
0.0009726174195930433
0.0010369177623459928
0.0007984513164966925
0.0009366979818062751
0.0011064412314103493
0.0009868997827595376
0.0010175515314793087
0.0007590801219332059
0.0009968502747264173
0.0010529622111397619
0.001191043622897366
0.0009197659914636776
0.0012157926632829872
0.0008862975052343412
0.001033777944858403
0.0011382906041865935
0.0010684310576738313
0.0011170304562073481
0.0010241208243658214
0.0011013425094582965
0.0009584483200970068
0.0010983011013893005
0.0008190820155532336
0.0008605439460664697
0.001131938554733581
0.001035644010248721
0.0009277185865549533
0.0011367123399261257
0.0010270378280754632
0.0009928563377566916
0.0008471472676673208
0.0012412064314394876
0.0007774232662028099
0.0008487088208944424
0.0012597983844278007
0.0009892430409909616
0.0009645385633609303
0.0010266367632751556
0.0008704870109074175
0.0011941648725701268
0.0009020040197982221
0.0010078776999533814
0.0009672457507630036
0.0008194143794386733
0.0010564733849239326
0.0009879061583232711
0.0010836139598595336
0.0010800192309086323
0.000992949176830837
0.0008567839635635899
0.0011153110765541798
0.0009305538918793469
0.0011279427609823722
0.0009991136913540765
0.0009696354285315006
0.0008838744053991525
0.0010420331953313918
0.00110452317613851
0.0007121871055824773
0.0010842137002785113
0.0008459904928034713
0.0009497363013792234
0.0009894287191392517
0.0009516116506769553
0.0010807099536202724
0.0009237209360222618
0.001044034805769962
0.000893425689347208
0.0008616858666784549
0.0012127716798103025
0.0007264304763378305
0.0012254423566496365
0.0010653525139751772
0.0009595271101385734
0.0009481376125224434
0.0009653072708948528
0.0010084737268093932
0.0010439995269217867
0.0008914797823531248
0.0009387980016634384
0.0010891360279896888
0.000936787107317454
0.0007888071934744916
0.0009334170489259841
0.000880955544908028
0.0011603250300442098
0.0011792066409438558
0.0007720441702468386
0.0009942934866244595
0.0014135454615566614
0.0006805401219878697
0.0009479556479371185
0.0010233911092430404
0.0009219142876393969
0.0008072004708441339
0.0012125470092508716
0.0010224664320645546
0.0010690419387817062
0.0007239646705285344
0.00098282786096753
0.0009280360961885295
0.0010583227392809045
0.0011111017529324373
0.0010468608271869408
0.0007913639815764498
0.0009952905782807783
0.001033100219617143
0.0011165012734847205
0.0007955955865759867
0.0009992548067467774
0.0007722354187395776
0.001134816566032081
0.0008155244222319903
0.001123555186338271
0.0010598044509042618
0.0008001558418979978
0.0010178021969795006
0.0011286446243829098
0.0009525177600406127
0.0010473473039354618
0.0007512166523531093
0.0011085301105786159
0.0011567692935044495
0.0008072710285404841
0.0009004146148488571
0.0010838442007634135
0.0009514222589656998
0.0008904269872523182
0.0019092634115177969
0.001931199427956819
0.0016366953169534909
0.0010376326232169105
0.0011436826976129453
0.0009742829525832079
0.0011202204067949765
0.0008502518063067351
0.0007450521378298699
0.0011761373811526165
0.0007405197342301023
0.0011053642981502657
0.0009446988532161062
0.0006065158146089546
0.000747337835835324
0.0008940904171180872
0.0007391104370845786
0.0011910361957714348
0.0007854352783015386
0.0009394404480565231
0.0009586637067490236
0.000880775437104186
0.0012337013206855912
0.0007703693533492595
0.0009199813781156939
0.0011056520992801155
0.0005068846337993173
0.0012861758221739278
0.0006486146211708264
0.0010093816929545335
0.0010834617037779352
0.0009449476619348149
0.0007921252619844406
0.0007288702872063654
0.0012374798710032997
0.0010128594446720117
0.0008948108483334537
0.0011926831609467704
0.0005914703142529874
0.0008884383742841289
0.0011287671719607813
0.0008351821677914902
0.0009125449682766655
0.0011278090727156033
0.0010847855889752457
0.0007497312271667866
0.0008987657928920385
0.0011720394644198484
0.0010018635847302566
0.0008254266378803148